1961	563180
1961	374133
1961	109661
1961	80243
1961	56142
1961	52579
1961	48674
1961	39647
1961	38871
1961	36484
1961	30653
1961	22854
1961	22551
1961	20895
1961	20028
1961	19757
1961	19204
1961	18704
1961	18532
1961	17603
1961	17237
1961	17153
1961	15185
1961	14834
1961	13061
1961	12164
1961	12038
1961	11512
1961	10528
1961	9818
1961	9563
1961	9509
1961	9044
1961	8818
1961	8384
1961	8378
1961	7723
1961	7490
1961	7422
1961	7408
1961	6701
1961	6686
1961	6528
1961	6130
1961	5761
1961	5509
1961	5415
1961	5344
1961	5307
1961	5001
1961	4835
1961	4727
1961	4723
1961	4718
1961	4716
1961	4710
1961	4652
1961	4633
1961	4504
1961	4369
1961	4185
1961	3448
1961	3377
1961	3321
1961	3198
1961	3148
1961	3037
1961	3007
1961	2991
1961	2955
1961	2930
1961	2926
1961	2914
1961	2822
1961	2809
1961	2785
1961	2678
1961	2626
1961	2538
1961	2494
1961	2459
1961	2393
1961	2352
1961	2208
1961	2155
1961	2008
1961	2005
1961	1955
1961	1929
1961	1902
1961	1825
1961	1758
1961	1757
1961	1585
1961	1517
1961	1423
1961	1297
1961	1257
1961	1214
1961	1180
1961	1149
1961	1101
1961	1098
1961	1082
1961	1022
1961	922
1961	908
1961	832
1961	813
1961	775
1961	713
1961	704
1961	676
1961	615
1961	605
1961	567
1961	522
1961	514
1961	504
1961	501
1961	484
1961	471
1961	455
1961	452
1961	451
1961	408
1961	397
1961	365
1961	342
1961	336
1961	284
1961	227
1961	223
1961	189
1961	180
1961	169
1961	168
1961	156
1961	146
1961	114
1961	92
1961	82
1961	72
1961	71
1961	63
1961	60
1961	59
1961	55
1961	54
1961	52
1961	49
1961	46
1961	46
1961	45
1961	44
1961	44
1961	43
1961	41
1961	37
1961	34
1961	34
1961	34
1961	31
1961	30
1961	30
1961	28
1961	27
1961	27
1961	26
1961	24
1961	22
1961	15
1961	14
1961	14
1961	12
1961	12
1961	10
1961	10
1961	9
1961	8
1961	7
1961	7
1961	7
1961	6
1961	5
1961	4
1961	3
1961	2
1961	2
1961	1
1961	1
1962	566862
1962	380981
1962	109747
1962	82007
1962	56285
1962	52401
1962	49913
1962	40107
1962	39299
1962	37246
1962	31321
1962	23350
1962	23201
1962	20982
1962	20139
1962	19939
1962	19481
1962	19263
1962	18840
1962	17884
1962	17536
1962	16891
1962	15265
1962	15078
1962	12917
1962	12379
1962	11968
1962	11641
1962	10724
1962	10099
1962	9738
1962	9734
1962	9197
1962	8859
1962	8546
1962	8538
1962	7949
1962	7626
1962	7395
1962	7351
1962	6895
1962	6787
1962	6493
1962	6276
1962	5739
1962	5469
1962	5438
1962	5401
1962	5383
1962	5142
1962	4798
1962	4796
1962	4784
1962	4754
1962	4747
1962	4731
1962	4672
1962	4670
1962	4565
1962	4339
1962	4167
1962	3528
1962	3476
1962	3374
1962	3236
1962	3228
1962	3095
1962	3055
1962	3053
1962	3022
1962	2979
1962	2967
1962	2948
1962	2867
1962	2862
1962	2859
1962	2711
1962	2649
1962	2585
1962	2506
1962	2459
1962	2438
1962	2398
1962	2224
1962	2193
1962	2054
1962	1960
1962	1950
1962	1929
1962	1899
1962	1843
1962	1810
1962	1720
1962	1627
1962	1505
1962	1423
1962	1289
1962	1288
1962	1225
1962	1183
1962	1156
1962	1123
1962	1101
1962	1088
1962	1051
1962	937
1962	937
1962	841
1962	831
1962	767
1962	727
1962	714
1962	689
1962	618
1962	612
1962	564
1962	536
1962	515
1962	514
1962	501
1962	485
1962	476
1962	463
1962	461
1962	460
1962	419
1962	394
1962	362
1962	348
1962	341
1962	291
1962	229
1962	229
1962	191
1962	184
1962	170
1962	166
1962	160
1962	146
1962	117
1962	95
1962	84
1962	80
1962	72
1962	64
1962	61
1962	61
1962	56
1962	54
1962	53
1962	50
1962	47
1962	47
1962	46
1962	46
1962	45
1962	43
1962	40
1962	36
1962	35
1962	34
1962	33
1962	31
1962	31
1962	30
1962	29
1962	28
1962	28
1962	27
1962	26
1962	23
1962	16
1962	14
1962	14
1962	13
1962	12
1962	10
1962	10
1962	9
1962	8
1962	8
1962	7
1962	7
1962	6
1962	5
1962	4
1962	3
1962	2
1962	2
1962	1
1962	1
1963	572491
1963	388105
1963	109724
1963	83835
1963	56323
1963	52110
1963	51242
1963	40552
1963	39785
1963	38050
1963	31996
1963	23890
1963	23873
1963	21086
1963	20452
1963	19848
1963	19818
1963	19747
1963	19049
1963	18184
1963	17832
1963	16625
1963	15357
1963	15315
1963	12769
1963	12583
1963	11907
1963	11796
1963	10912
1963	10386
1963	9973
1963	9915
1963	9357
1963	8918
1963	8717
1963	8689
1963	8185
1963	7772
1963	7366
1963	7334
1963	7114
1963	6816
1963	6465
1963	6425
1963	5710
1963	5563
1963	5449
1963	5423
1963	5348
1963	5277
1963	4871
1963	4869
1963	4855
1963	4844
1963	4798
1963	4712
1963	4632
1963	4628
1963	4614
1963	4311
1963	4161
1963	3610
1963	3575
1963	3424
1963	3326
1963	3258
1963	3167
1963	3120
1963	3109
1963	3090
1963	3031
1963	3022
1963	2966
1963	2953
1963	2914
1963	2891
1963	2740
1963	2665
1963	2630
1963	2518
1963	2484
1963	2458
1963	2443
1963	2241
1963	2233
1963	2100
1963	1990
1963	1901
1963	1892
1963	1892
1963	1865
1963	1859
1963	1677
1963	1668
1963	1495
1963	1423
1963	1320
1963	1281
1963	1237
1963	1217
1963	1144
1963	1134
1963	1098
1963	1093
1963	1068
1963	966
1963	952
1963	852
1963	849
1963	759
1963	739
1963	726
1963	701
1963	624
1963	617
1963	562
1963	548
1963	525
1963	514
1963	502
1963	485
1963	480
1963	473
1963	470
1963	466
1963	430
1963	390
1963	360
1963	354
1963	344
1963	299
1963	234
1963	232
1963	193
1963	188
1963	171
1963	164
1963	163
1963	147
1963	121
1963	97
1963	88
1963	86
1963	73
1963	65
1963	62
1963	61
1963	57
1963	56
1963	52
1963	50
1963	48
1963	47
1963	47
1963	47
1963	47
1963	42
1963	40
1963	36
1963	36
1963	34
1963	33
1963	32
1963	31
1963	31
1963	31
1963	29
1963	28
1963	28
1963	27
1963	23
1963	17
1963	14
1963	14
1963	14
1963	13
1963	10
1963	9
1963	9
1963	8
1963	8
1963	7
1963	7
1963	6
1963	5
1963	4
1963	3
1963	2
1963	2
1963	1
1963	1
1964	580891
1964	395499
1964	109555
1964	85733
1964	56253
1964	52672
1964	51712
1964	40961
1964	40321
1964	38892
1964	32670
1964	24612
1964	24418
1964	21197
1964	20714
1964	20373
1964	19999
1964	19748
1964	19169
1964	18505
1964	18130
1964	16347
1964	15546
1964	15447
1964	12777
1964	12609
1964	11968
1964	11868
1964	11096
1964	10679
1964	10211
1964	10106
1964	9524
1964	8996
1964	8894
1964	8840
1964	8431
1964	7925
1964	7362
1964	7340
1964	7331
1964	6804
1964	6570
1964	6440
1964	5675
1964	5670
1964	5489
1964	5390
1964	5377
1964	5310
1964	4946
1964	4945
1964	4943
1964	4930
1964	4844
1964	4752
1964	4691
1964	4552
1964	4539
1964	4284
1964	4167
1964	3694
1964	3675
1964	3473
1964	3417
1964	3291
1964	3249
1964	3189
1964	3169
1964	3158
1964	3085
1964	3081
1964	3041
1964	2980
1964	2964
1964	2915
1964	2766
1964	2672
1964	2671
1964	2531
1964	2531
1964	2487
1964	2456
1964	2275
1964	2258
1964	2146
1964	2017
1964	1923
1964	1883
1964	1876
1964	1872
1964	1833
1964	1708
1964	1630
1964	1485
1964	1429
1964	1353
1964	1269
1964	1251
1964	1248
1964	1164
1964	1112
1964	1098
1964	1091
1964	1076
1964	992
1964	967
1964	867
1964	863
1964	751
1964	750
1964	738
1964	713
1964	632
1964	617
1964	561
1964	559
1964	535
1964	513
1964	503
1964	490
1964	485
1964	484
1964	478
1964	471
1964	442
1964	386
1964	360
1964	359
1964	347
1964	306
1964	240
1964	237
1964	195
1964	192
1964	173
1964	170
1964	160
1964	147
1964	124
1964	100
1964	95
1964	89
1964	74
1964	65
1964	64
1964	61
1964	58
1964	58
1964	51
1964	50
1964	50
1964	49
1964	49
1964	48
1964	47
1964	42
1964	40
1964	37
1964	35
1964	34
1964	33
1964	33
1964	32
1964	31
1964	31
1964	30
1964	30
1964	28
1964	27
1964	24
1964	18
1964	15
1964	14
1964	13
1964	13
1964	10
1964	9
1964	9
1964	9
1964	8
1964	7
1964	7
1964	6
1964	5
1964	4
1964	3
1964	2
1964	2
1964	1
1964	1
1965	592551
1965	403151
1965	109222
1965	87703
1965	56089
1965	54203
1965	51220
1965	41319
1965	40901
1965	39769
1965	33336
1965	25364
1965	24982
1965	21304
1965	20941
1965	20933
1965	20235
1965	19633
1965	19209
1965	18846
1965	18438
1965	16054
1965	15773
1965	15522
1965	12964
1965	12433
1965	12148
1965	11857
1965	11280
1965	10978
1965	10452
1965	10307
1965	9697
1965	9088
1965	9078
1965	8992
1965	8687
1965	8083
1965	7573
1965	7435
1965	7286
1965	6767
1965	6707
1965	6414
1965	5772
1965	5619
1965	5519
1965	5476
1965	5334
1965	5269
1965	5051
1965	5028
1965	5011
1965	5009
1965	4892
1965	4793
1965	4752
1965	4487
1965	4450
1965	4257
1965	4186
1965	3780
1965	3776
1965	3522
1965	3509
1965	3340
1965	3326
1965	3261
1965	3229
1965	3227
1965	3144
1965	3142
1965	3132
1965	3012
1965	2990
1965	2931
1965	2791
1965	2711
1965	2669
1965	2581
1965	2543
1965	2529
1965	2450
1965	2317
1965	2277
1965	2192
1965	2043
1965	1982
1965	1893
1965	1876
1965	1841
1965	1775
1965	1746
1965	1580
1965	1474
1965	1445
1965	1387
1965	1286
1965	1261
1965	1252
1965	1181
1965	1100
1965	1092
1965	1081
1965	1077
1965	1016
1965	983
1965	885
1965	874
1965	766
1965	749
1965	740
1965	726
1965	642
1965	609
1965	573
1965	555
1965	546
1965	516
1965	512
1965	503
1965	490
1965	486
1965	481
1965	474
1965	453
1965	383
1965	366
1965	359
1965	350
1965	313
1965	246
1965	242
1965	198
1965	197
1965	176
1965	175
1965	156
1965	148
1965	127
1965	102
1965	100
1965	91
1965	75
1965	66
1965	65
1965	62
1965	60
1965	59
1965	51
1965	51
1965	51
1965	51
1965	50
1965	48
1965	47
1965	41
1965	40
1965	38
1965	36
1965	34
1965	34
1965	33
1965	33
1965	33
1965	31
1965	31
1965	30
1965	28
1965	27
1965	25
1965	18
1965	15
1965	15
1965	13
1965	13
1965	10
1965	9
1965	9
1965	9
1965	8
1965	8
1965	7
1965	6
1965	5
1965	4
1965	3
1965	2
1965	2
1965	1
1965	1
1966	607545
1966	411033
1966	108719
1966	89736
1966	55857
1966	55855
1966	50660
1966	41623
1966	41521
1966	40679
1966	33994
1966	26136
1966	25559
1966	21500
1966	21404
1966	21144
1966	20451
1966	19507
1966	19209
1966	19175
1966	18755
1966	15999
1966	15751
1966	15574
1966	13152
1966	12327
1966	12242
1966	11877
1966	11467
1966	11282
1966	10696
1966	10519
1966	9874
1966	9270
1966	9194
1966	9146
1966	8951
1966	8246
1966	7812
1966	7550
1966	7229
1966	6834
1966	6713
1966	6383
1966	5852
1966	5554
1966	5542
1966	5538
1966	5300
1966	5225
1966	5159
1966	5115
1966	5094
1966	5077
1966	4941
1966	4834
1966	4811
1966	4420
1966	4365
1966	4229
1966	4217
1966	3876
1966	3867
1966	3603
1966	3570
1966	3437
1966	3365
1966	3333
1966	3296
1966	3289
1966	3225
1966	3211
1966	3203
1966	3058
1966	2996
1966	2941
1966	2815
1966	2744
1966	2660
1966	2634
1966	2569
1966	2554
1966	2440
1966	2360
1966	2295
1966	2238
1966	2069
1966	2041
1966	1911
1966	1871
1966	1809
1966	1781
1966	1717
1966	1527
1966	1475
1966	1463
1966	1423
1966	1321
1966	1275
1966	1229
1966	1198
1966	1100
1966	1073
1966	1070
1966	1068
1966	1038
1966	999
1966	902
1966	887
1966	783
1966	762
1966	738
1966	729
1966	653
1966	592
1966	585
1966	557
1966	553
1966	550
1966	510
1966	503
1966	494
1966	493
1966	476
1966	475
1966	466
1966	378
1966	373
1966	360
1966	353
1966	319
1966	253
1966	247
1966	202
1966	201
1966	182
1966	177
1966	151
1966	148
1966	130
1966	105
1966	104
1966	93
1966	76
1966	68
1966	65
1966	62
1966	62
1966	60
1966	53
1966	53
1966	52
1966	50
1966	50
1966	48
1966	47
1966	41
1966	39
1966	39
1966	38
1966	36
1966	34
1966	33
1966	33
1966	33
1966	31
1966	31
1966	31
1966	28
1966	27
1966	26
1966	19
1966	16
1966	15
1966	14
1966	13
1966	10
1966	10
1966	9
1966	9
1966	8
1966	8
1966	8
1966	6
1966	5
1966	4
1966	3
1966	2
1966	2
1966	1
1966	1
1967	625335
1967	419117
1967	108073
1967	91819
1967	57595
1967	55596
1967	50065
1967	42178
1967	41876
1967	41623
1967	34650
1967	26918
1967	26149
1967	22072
1967	21495
1967	21335
1967	20651
1967	19589
1967	19376
1967	19086
1967	19075
1967	16225
1967	15605
1967	15448
1967	13350
1967	12495
1967	12040
1967	11922
1967	11660
1967	11588
1967	10943
1967	10740
1967	10052
1967	9466
1967	9309
1967	9305
1967	9223
1967	8412
1967	8058
1967	7703
1967	7165
1967	6951
1967	6650
1967	6342
1967	5919
1967	5584
1967	5560
1967	5479
1967	5275
1967	5271
1967	5206
1967	5183
1967	5181
1967	5143
1967	4993
1967	4874
1967	4868
1967	4353
1967	4282
1967	4258
1967	4200
1967	3978
1967	3957
1967	3698
1967	3621
1967	3541
1967	3406
1967	3404
1967	3367
1967	3345
1967	3322
1967	3281
1967	3267
1967	3102
1967	2998
1967	2947
1967	2839
1967	2775
1967	2690
1967	2649
1967	2605
1967	2565
1967	2427
1967	2402
1967	2314
1967	2284
1967	2099
1967	2095
1967	1930
1967	1868
1967	1813
1967	1774
1967	1663
1967	1515
1967	1474
1967	1458
1967	1451
1967	1356
1967	1290
1967	1214
1967	1203
1967	1099
1967	1059
1967	1059
1967	1054
1967	1051
1967	1015
1967	919
1967	901
1967	801
1967	774
1967	750
1967	717
1967	665
1967	598
1967	598
1967	570
1967	568
1967	545
1967	507
1967	502
1967	501
1967	499
1967	478
1967	477
1967	468
1967	380
1967	374
1967	362
1967	356
1967	324
1967	260
1967	254
1967	207
1967	206
1967	189
1967	180
1967	148
1967	146
1967	134
1967	107
1967	106
1967	96
1967	77
1967	69
1967	65
1967	63
1967	62
1967	62
1967	55
1967	54
1967	54
1967	51
1967	50
1967	48
1967	47
1967	40
1967	40
1967	39
1967	39
1967	39
1967	34
1967	33
1967	32
1967	32
1967	32
1967	31
1967	31
1967	29
1967	27
1967	27
1967	19
1967	16
1967	16
1967	14
1967	13
1967	10
1967	10
1967	10
1967	9
1967	8
1967	8
1967	8
1967	6
1967	5
1967	4
1967	3
1967	2
1967	2
1967	1
1967	1
1968	645025
1968	427387
1968	107331
1968	93932
1968	59274
1968	55370
1968	49481
1968	42868
1968	42600
1968	42080
1968	35314
1968	27699
1968	26761
1968	22645
1968	21572
1968	21521
1968	20843
1968	19981
1968	19433
1968	19249
1968	18935
1968	16445
1968	15614
1968	15161
1968	13569
1968	12643
1968	11981
1968	11899
1968	11864
1968	11838
1968	11197
1968	10969
1968	10237
1968	9663
1968	9504
1968	9468
1968	9427
1968	8578
1968	8310
1968	7886
1968	7096
1968	7059
1968	6589
1968	6290
1968	5985
1968	5633
1968	5576
1968	5406
1968	5386
1968	5296
1968	5276
1968	5263
1968	5207
1968	5138
1968	5048
1968	4924
1968	4910
1968	4304
1968	4289
1968	4202
1968	4172
1968	4081
1968	4051
1968	3794
1968	3672
1968	3650
1968	3479
1968	3442
1968	3441
1968	3421
1968	3394
1968	3355
1968	3330
1968	3144
1968	2999
1968	2951
1968	2861
1968	2806
1968	2748
1968	2639
1968	2638
1968	2575
1968	2446
1968	2411
1968	2334
1968	2331
1968	2156
1968	2124
1968	1949
1968	1868
1968	1845
1968	1739
1968	1612
1968	1562
1968	1494
1968	1440
1968	1423
1968	1390
1968	1304
1968	1230
1968	1176
1968	1096
1968	1078
1968	1043
1968	1036
1968	1033
1968	1031
1968	936
1968	915
1968	821
1968	786
1968	762
1968	704
1968	678
1968	647
1968	611
1968	579
1968	546
1968	540
1968	508
1968	506
1968	504
1968	500
1968	490
1968	477
1968	461
1968	387
1968	369
1968	363
1968	360
1968	330
1968	267
1968	260
1968	211
1968	210
1968	195
1968	183
1968	149
1968	140
1968	137
1968	110
1968	107
1968	98
1968	78
1968	71
1968	65
1968	65
1968	63
1968	62
1968	58
1968	56
1968	55
1968	51
1968	50
1968	49
1968	47
1968	43
1968	42
1968	41
1968	39
1968	39
1968	34
1968	34
1968	32
1968	32
1968	31
1968	31
1968	31
1968	29
1968	28
1968	28
1968	19
1968	17
1968	16
1968	15
1968	13
1968	11
1968	10
1968	10
1968	9
1968	8
1968	8
1968	8
1968	6
1968	5
1968	4
1968	3
1968	3
1968	2
1968	1
1968	1
1969	665382
1969	435829
1969	106558
1969	96052
1969	60713
1969	55250
1969	48955
1969	43607
1969	43587
1969	42241
1969	35995
1969	28465
1969	27405
1969	23211
1969	21711
1969	21632
1969	21041
1969	20373
1969	19800
1969	19138
1969	18783
1969	16654
1969	15603
1969	14905
1969	13823
1969	12759
1969	12215
1969	12085
1969	12039
1969	11646
1969	11463
1969	11205
1969	10434
1969	9853
1969	9794
1969	9634
1969	9538
1969	8743
1969	8563
1969	8093
1969	7162
1969	7030
1969	6542
1969	6224
1969	6064
1969	5707
1969	5594
1969	5504
1969	5380
1969	5373
1969	5347
1969	5269
1969	5266
1969	5107
1969	5098
1969	4981
1969	4942
1969	4351
1969	4229
1969	4189
1969	4150
1969	4143
1969	4124
1969	3891
1969	3767
1969	3725
1969	3552
1969	3523
1969	3521
1969	3471
1969	3432
1969	3432
1969	3385
1969	3188
1969	3001
1969	2956
1969	2881
1969	2841
1969	2807
1969	2669
1969	2631
1969	2585
1969	2491
1969	2392
1969	2380
1969	2353
1969	2211
1969	2157
1969	1968
1969	1878
1969	1870
1969	1705
1969	1608
1969	1566
1969	1529
1969	1433
1969	1424
1969	1378
1969	1318
1969	1249
1969	1151
1969	1096
1969	1095
1969	1048
1969	1024
1969	1017
1969	1015
1969	952
1969	930
1969	838
1969	799
1969	776
1969	694
1969	691
1969	691
1969	624
1969	592
1969	536
1969	526
1969	517
1969	509
1969	507
1969	500
1969	498
1969	478
1969	455
1969	395
1969	364
1969	364
1969	364
1969	335
1969	275
1969	265
1969	215
1969	214
1969	199
1969	187
1969	149
1969	141
1969	133
1969	112
1969	108
1969	100
1969	79
1969	73
1969	66
1969	64
1969	64
1969	63
1969	60
1969	58
1969	56
1969	51
1969	51
1969	49
1969	47
1969	46
1969	45
1969	42
1969	39
1969	39
1969	34
1969	34
1969	33
1969	31
1969	31
1969	31
1969	30
1969	29
1969	28
1969	28
1969	19
1969	17
1969	16
1969	15
1969	13
1969	12
1969	10
1969	10
1969	9
1969	8
1969	8
1969	8
1969	6
1969	5
1969	4
1969	3
1969	3
1969	2
1969	1
1969	1
1970	685398
1970	444427
1970	105799
1970	98156
1970	61803
1970	55293
1970	48533
1970	44646
1970	44334
1970	42362
1970	36706
1970	29204
1970	28087
1970	23760
1970	21905
1970	21673
1970	21255
1970	20760
1970	20191
1970	19052
1970	18644
1970	16850
1970	15573
1970	14694
1970	14126
1970	12836
1970	12536
1970	12326
1970	12087
1970	11744
1970	11476
1970	11446
1970	10645
1970	10094
1970	10032
1970	9806
1970	9637
1970	8907
1970	8817
1970	8316
1970	7260
1970	6970
1970	6525
1970	6167
1970	6143
1970	5830
1970	5626
1970	5617
1970	5474
1970	5453
1970	5328
1970	5314
1970	5287
1970	5169
1970	5065
1970	5040
1970	4968
1970	4394
1970	4302
1970	4257
1970	4176
1970	4115
1970	4050
1970	3988
1970	3891
1970	3779
1970	3629
1970	3627
1970	3608
1970	3511
1970	3490
1970	3458
1970	3430
1970	3233
1970	3006
1970	2963
1970	2898
1970	2883
1970	2867
1970	2698
1970	2630
1970	2594
1970	2539
1970	2432
1970	2374
1970	2373
1970	2264
1970	2196
1970	1986
1970	1911
1970	1876
1970	1672
1970	1651
1970	1562
1970	1525
1970	1458
1970	1430
1970	1342
1970	1329
1970	1270
1970	1132
1970	1114
1970	1097
1970	1065
1970	1004
1970	999
1970	999
1970	968
1970	944
1970	853
1970	813
1970	791
1970	734
1970	704
1970	680
1970	639
1970	606
1970	533
1970	527
1970	515
1970	514
1970	512
1970	509
1970	495
1970	479
1970	450
1970	402
1970	369
1970	364
1970	360
1970	340
1970	283
1970	270
1970	221
1970	212
1970	201
1970	190
1970	149
1970	146
1970	127
1970	113
1970	108
1970	102
1970	79
1970	75
1970	67
1970	64
1970	64
1970	63
1970	62
1970	60
1970	56
1970	52
1970	52
1970	51
1970	50
1970	48
1970	44
1970	43
1970	38
1970	38
1970	34
1970	33
1970	33
1970	31
1970	31
1970	31
1970	30
1970	29
1970	29
1970	28
1970	19
1970	17
1970	16
1970	16
1970	13
1970	13
1970	10
1970	10
1970	9
1970	8
1970	8
1970	8
1970	6
1970	5
1970	4
1970	3
1970	3
1970	2
1970	1
1970	1
1971	704734
1971	453159
1971	105074
1971	100227
1971	62484
1971	55530
1971	48246
1971	45715
1971	45096
1971	42442
1971	37458
1971	29908
1971	28821
1971	24285
1971	22106
1971	21693
1971	21487
1971	21138
1971	20607
1971	18996
1971	18535
1971	17030
1971	15522
1971	14530
1971	14490
1971	12869
1971	12862
1971	12589
1971	12120
1971	12041
1971	11693
1971	11332
1971	10869
1971	10404
1971	10197
1971	9985
1971	9718
1971	9069
1971	9066
1971	8554
1971	7353
1971	6918
1971	6551
1971	6299
1971	6046
1971	6023
1971	5750
1971	5648
1971	5579
1971	5511
1971	5384
1971	5330
1971	5309
1971	5236
1971	5101
1971	5039
1971	4987
1971	4432
1971	4422
1971	4371
1971	4132
1971	4086
1971	4086
1971	4022
1971	3978
1971	3834
1971	3738
1971	3703
1971	3701
1971	3593
1971	3498
1971	3467
1971	3461
1971	3281
1971	3015
1971	2972
1971	2934
1971	2929
1971	2910
1971	2723
1971	2637
1971	2603
1971	2591
1971	2489
1971	2395
1971	2352
1971	2314
1971	2242
1971	2004
1971	1946
1971	1884
1971	1690
1971	1640
1971	1594
1971	1491
1971	1490
1971	1433
1971	1338
1971	1316
1971	1296
1971	1130
1971	1118
1971	1101
1971	1082
1971	984
1971	984
1971	983
1971	979
1971	959
1971	864
1971	827
1971	807
1971	766
1971	717
1971	669
1971	654
1971	622
1971	538
1971	531
1971	521
1971	520
1971	514
1971	510
1971	492
1971	482
1971	448
1971	410
1971	375
1971	362
1971	356
1971	345
1971	293
1971	272
1971	227
1971	208
1971	201
1971	193
1971	151
1971	149
1971	120
1971	115
1971	109
1971	104
1971	80
1971	77
1971	68
1971	65
1971	64
1971	64
1971	63
1971	62
1971	60
1971	57
1971	52
1971	52
1971	50
1971	49
1971	44
1971	42
1971	38
1971	37
1971	35
1971	34
1971	31
1971	31
1971	30
1971	30
1971	30
1971	29
1971	29
1971	28
1971	20
1971	18
1971	16
1971	16
1971	14
1971	13
1971	10
1971	10
1971	9
1971	8
1971	8
1971	7
1971	6
1971	5
1971	4
1971	3
1971	3
1971	2
1971	1
1971	1
1972	723284
1972	462012
1972	104380
1972	102259
1972	62823
1972	55952
1972	48094
1972	46818
1972	45873
1972	42480
1972	38249
1972	30571
1972	29597
1972	24786
1972	22317
1972	21732
1972	21692
1972	21510
1972	21048
1972	18968
1972	18452
1972	17201
1972	15450
1972	14916
1972	14414
1972	13193
1972	12875
1972	12858
1972	12354
1972	12140
1972	11945
1972	11210
1972	11099
1972	10724
1972	10351
1972	10170
1972	9783
1972	9323
1972	9219
1972	8802
1972	7442
1972	6874
1972	6623
1972	6458
1972	6277
1972	5933
1972	5876
1972	5689
1972	5687
1972	5556
1972	5440
1972	5395
1972	5328
1972	5308
1972	5164
1972	5018
1972	4999
1972	4548
1972	4493
1972	4463
1972	4184
1972	4158
1972	4097
1972	4058
1972	3908
1972	3892
1972	3850
1972	3807
1972	3776
1972	3678
1972	3496
1972	3483
1972	3461
1972	3331
1972	3026
1972	2994
1972	2991
1972	2984
1972	2920
1972	2747
1972	2651
1972	2645
1972	2611
1972	2549
1972	2417
1972	2359
1972	2330
1972	2295
1972	2022
1972	1983
1972	1897
1972	1728
1972	1624
1972	1609
1972	1522
1972	1464
1972	1441
1972	1344
1972	1326
1972	1301
1972	1146
1972	1109
1972	1107
1972	1100
1972	999
1972	973
1972	971
1972	963
1972	960
1972	872
1972	841
1972	824
1972	792
1972	729
1972	669
1972	659
1972	640
1972	551
1972	532
1972	531
1972	528
1972	518
1972	512
1972	488
1972	486
1972	447
1972	419
1972	383
1972	360
1972	353
1972	350
1972	303
1972	274
1972	233
1972	200
1972	198
1972	197
1972	157
1972	150
1972	116
1972	114
1972	111
1972	106
1972	80
1972	79
1972	69
1972	69
1972	66
1972	65
1972	63
1972	63
1972	63
1972	57
1972	54
1972	53
1972	52
1972	51
1972	45
1972	38
1972	37
1972	36
1972	36
1972	34
1972	32
1972	31
1972	31
1972	30
1972	30
1972	29
1972	28
1972	27
1972	20
1972	18
1972	17
1972	15
1972	15
1972	13
1972	10
1972	10
1972	9
1972	8
1972	8
1972	7
1972	6
1972	5
1972	4
1972	3
1972	3
1972	2
1972	1
1972	1
1973	740562
1973	470991
1973	104257
1973	103705
1973	62986
1973	56508
1973	48024
1973	47965
1973	46685
1973	42486
1973	39049
1973	31193
1973	30369
1973	25282
1973	22549
1973	21980
1973	21884
1973	21672
1973	21509
1973	18957
1973	18368
1973	17375
1973	15396
1973	15364
1973	14337
1973	13526
1973	13186
1973	12812
1973	12677
1973	12201
1973	12149
1973	11324
1973	11103
1973	11054
1973	10496
1973	10362
1973	9835
1973	9582
1973	9372
1973	9057
1973	7526
1973	6834
1973	6730
1973	6630
1973	6537
1973	6006
1973	5808
1973	5801
1973	5734
1973	5595
1973	5504
1973	5476
1973	5382
1973	5364
1973	5229
1973	5005
1973	5001
1973	4678
1973	4621
1973	4490
1973	4298
1973	4284
1973	4071
1973	4030
1973	3966
1973	3954
1973	3917
1973	3849
1973	3840
1973	3764
1973	3501
1973	3486
1973	3440
1973	3381
1973	3061
1973	3053
1973	3040
1973	3001
1973	2930
1973	2767
1973	2699
1973	2670
1973	2618
1973	2609
1973	2439
1973	2401
1973	2352
1973	2307
1973	2040
1973	2022
1973	1914
1973	1764
1973	1652
1973	1578
1973	1554
1973	1452
1973	1442
1973	1360
1973	1351
1973	1292
1973	1163
1973	1118
1973	1115
1973	1104
1973	1014
1973	988
1973	957
1973	945
1973	940
1973	879
1973	855
1973	842
1973	812
1973	740
1973	686
1973	658
1973	648
1973	563
1973	547
1973	535
1973	532
1973	520
1973	519
1973	491
1973	483
1973	447
1973	427
1973	390
1973	356
1973	355
1973	349
1973	313
1973	273
1973	239
1973	201
1973	194
1973	191
1973	163
1973	150
1973	117
1973	113
1973	109
1973	108
1973	82
1973	81
1973	81
1973	69
1973	67
1973	64
1973	64
1973	63
1973	63
1973	57
1973	55
1973	54
1973	54
1973	53
1973	45
1973	37
1973	37
1973	34
1973	34
1973	33
1973	33
1973	31
1973	31
1973	30
1973	30
1973	29
1973	28
1973	23
1973	21
1973	18
1973	17
1973	16
1973	15
1973	13
1973	10
1973	10
1973	9
1973	8
1973	8
1973	7
1973	6
1973	4
1973	3
1973	3
1973	3
1973	2
1973	1
1973	1
1974	756093
1974	480113
1974	106235
1974	103031
1974	63204
1974	57121
1974	49170
1974	47959
1974	47558
1974	42469
1974	39817
1974	31776
1974	31074
1974	25797
1974	22816
1974	22275
1974	22215
1974	21985
1974	21636
1974	18948
1974	18242
1974	17568
1974	15908
1974	15276
1974	14290
1974	13861
1974	13522
1974	13006
1974	12743
1974	12461
1974	12150
1974	11532
1974	11394
1974	10994
1974	10637
1974	10560
1974	9884
1974	9850
1974	9530
1974	9310
1974	7604
1974	6848
1974	6795
1974	6792
1974	6725
1974	6139
1974	5914
1974	5784
1974	5676
1974	5639
1974	5588
1974	5561
1974	5457
1974	5407
1974	5297
1974	5007
1974	4983
1974	4811
1974	4756
1974	4519
1974	4441
1974	4386
1974	4087
1974	4053
1974	4031
1974	4020
1974	4002
1974	3918
1974	3852
1974	3771
1974	3525
1974	3470
1974	3429
1974	3408
1974	3127
1974	3114
1974	3055
1974	3026
1974	2946
1974	2783
1974	2750
1974	2691
1974	2662
1974	2624
1974	2462
1974	2440
1974	2413
1974	2281
1974	2063
1974	2061
1974	1934
1974	1800
1974	1681
1974	1585
1974	1547
1974	1464
1974	1427
1974	1396
1974	1360
1974	1285
1974	1181
1974	1136
1974	1122
1974	1099
1974	1028
1974	1006
1974	938
1974	930
1974	921
1974	886
1974	869
1974	861
1974	830
1974	751
1974	704
1974	675
1974	636
1974	568
1974	564
1974	544
1974	532
1974	527
1974	522
1974	497
1974	477
1974	447
1974	436
1974	399
1974	360
1974	350
1974	345
1974	324
1974	272
1974	243
1974	205
1974	189
1974	181
1974	169
1974	151
1974	118
1974	113
1974	111
1974	101
1974	94
1974	84
1974	81
1974	70
1974	70
1974	65
1974	64
1974	64
1974	63
1974	57
1974	56
1974	56
1974	55
1974	54
1974	45
1974	38
1974	36
1974	34
1974	34
1974	33
1974	31
1974	31
1974	30
1974	30
1974	29
1974	29
1974	28
1974	21
1974	19
1974	19
1974	17
1974	17
1974	14
1974	13
1974	10
1974	10
1974	9
1974	8
1974	8
1974	6
1974	6
1974	4
1974	3
1974	3
1974	3
1974	2
1974	1
1974	1
1975	769561
1975	489393
1975	108201
1975	102346
1975	63640
1975	57730
1975	50443
1975	48509
1975	47841
1975	42436
1975	40524
1975	32326
1975	31672
1975	26352
1975	23124
1975	22694
1975	22469
1975	22428
1975	21588
1975	18929
1975	18044
1975	17791
1975	16438
1975	15192
1975	14266
1975	14197
1975	13887
1975	13335
1975	12727
1975	12662
1975	12146
1975	11744
1975	11712
1975	10875
1975	10779
1975	10763
1975	10130
1975	9934
1975	9697
1975	9558
1975	7677
1975	6959
1975	6940
1975	6785
1975	6746
1975	6277
1975	6027
1975	5836
1975	5699
1975	5698
1975	5644
1975	5542
1975	5531
1975	5450
1975	5368
1975	5007
1975	4963
1975	4944
1975	4896
1975	4587
1975	4551
1975	4492
1975	4214
1975	4146
1975	4092
1975	4043
1975	3981
1975	3973
1975	3941
1975	3701
1975	3562
1975	3474
1975	3450
1975	3370
1975	3188
1975	3173
1975	3071
1975	3059
1975	2970
1975	2795
1975	2794
1975	2710
1975	2705
1975	2627
1975	2485
1975	2475
1975	2474
1975	2252
1975	2106
1975	2084
1975	1956
1975	1834
1975	1710
1975	1615
1975	1516
1975	1476
1975	1432
1975	1415
1975	1373
1975	1275
1975	1202
1975	1154
1975	1127
1975	1094
1975	1042
1975	1025
1975	918
1975	913
1975	903
1975	894
1975	882
1975	880
1975	847
1975	761
1975	724
1975	691
1975	622
1975	583
1975	566
1975	555
1975	534
1975	531
1975	524
1975	505
1975	470
1975	446
1975	445
1975	407
1975	365
1975	343
1975	340
1975	335
1975	269
1975	245
1975	211
1975	184
1975	175
1975	173
1975	151
1975	119
1975	112
1975	112
1975	109
1975	95
1975	87
1975	82
1975	74
1975	70
1975	67
1975	65
1975	64
1975	62
1975	60
1975	58
1975	57
1975	56
1975	56
1975	46
1975	40
1975	35
1975	35
1975	34
1975	32
1975	31
1975	31
1975	30
1975	29
1975	29
1975	29
1975	28
1975	21
1975	19
1975	18
1975	18
1975	16
1975	13
1975	13
1975	10
1975	9
1975	9
1975	8
1975	8
1975	6
1975	6
1975	4
1975	3
1975	3
1975	3
1975	2
1975	1
1975	1
1976	780668
1976	498819
1976	110154
1976	101653
1976	64331
1976	58319
1976	51783
1976	49546
1976	47647
1976	42389
1976	41155
1976	32840
1976	32142
1976	26959
1976	23489
1976	23145
1976	22962
1976	22615
1976	21527
1976	18897
1976	18048
1976	17762
1976	16979
1976	15117
1976	14534
1976	14279
1976	14263
1976	13663
1976	12997
1976	12570
1976	12135
1976	12105
1976	11869
1976	10969
1976	10919
1976	10741
1976	10425
1976	9987
1976	9871
1976	9794
1976	7744
1976	7058
1976	7058
1976	6694
1976	6691
1976	6420
1976	6138
1976	5890
1976	5837
1976	5778
1976	5722
1976	5605
1976	5492
1976	5441
1976	5406
1976	5077
1976	5045
1976	5006
1976	4940
1976	4732
1976	4602
1976	4589
1976	4347
1976	4260
1976	4170
1976	4041
1976	4039
1976	4033
1976	3946
1976	3628
1976	3614
1976	3515
1976	3426
1976	3327
1976	3243
1976	3231
1976	3102
1976	3086
1976	3004
1976	2832
1976	2802
1976	2736
1976	2728
1976	2627
1976	2536
1976	2509
1976	2507
1976	2219
1976	2153
1976	2111
1976	1979
1976	1866
1976	1739
1976	1646
1976	1488
1976	1483
1976	1470
1976	1407
1976	1391
1976	1262
1976	1225
1976	1172
1976	1129
1976	1087
1976	1056
1976	1048
1976	909
1976	904
1976	898
1976	894
1976	887
1976	882
1976	864
1976	772
1976	746
1976	706
1976	605
1976	605
1976	567
1976	555
1976	540
1976	529
1976	528
1976	514
1976	462
1976	454
1976	443
1976	415
1976	370
1976	346
1976	334
1976	333
1976	265
1976	244
1976	217
1976	181
1976	180
1976	166
1976	151
1976	125
1976	120
1976	114
1976	108
1976	89
1976	88
1976	82
1976	78
1976	71
1976	68
1976	66
1976	64
1976	63
1976	62
1976	59
1976	58
1976	58
1976	57
1976	46
1976	42
1976	36
1976	35
1976	35
1976	32
1976	31
1976	31
1976	30
1976	30
1976	29
1976	29
1976	28
1976	21
1976	19
1976	19
1976	18
1976	13
1976	13
1976	12
1976	10
1976	9
1976	9
1976	8
1976	8
1976	6
1976	5
1976	4
1976	3
1976	3
1976	3
1976	2
1976	1
1976	1
1977	789462
1977	508383
1977	112081
1977	100970
1977	65221
1977	58897
1977	53188
1977	50652
1977	47397
1977	42324
1977	41727
1977	33322
1977	32512
1977	27611
1977	23903
1977	23627
1977	23463
1977	22777
1977	21456
1977	18855
1977	18337
1977	17535
1977	17411
1977	15048
1977	14874
1977	14698
1977	14281
1977	13989
1977	13272
1977	12476
1977	12470
1977	12116
1977	12001
1977	11180
1977	11059
1977	10735
1977	10596
1977	10047
1977	10040
1977	10014
1977	7808
1977	7157
1977	7152
1977	6637
1977	6568
1977	6477
1977	6249
1977	6004
1977	5946
1977	5874
1977	5795
1977	5678
1977	5531
1977	5516
1977	5269
1977	5210
1977	5202
1977	5003
1977	4915
1977	4877
1977	4717
1977	4631
1977	4486
1977	4374
1977	4254
1977	4125
1977	4089
1977	4046
1977	3918
1977	3679
1977	3554
1977	3554
1977	3399
1977	3292
1977	3288
1977	3280
1977	3153
1977	3101
1977	3047
1977	2862
1977	2804
1977	2758
1977	2744
1977	2625
1977	2598
1977	2536
1977	2533
1977	2203
1977	2184
1977	2141
1977	2003
1977	1897
1977	1769
1977	1677
1977	1508
1977	1499
1977	1450
1977	1413
1977	1404
1977	1250
1977	1246
1977	1189
1977	1130
1977	1080
1977	1073
1977	1069
1977	916
1977	916
1977	906
1977	906
1977	880
1977	871
1977	846
1977	782
1977	769
1977	720
1977	628
1977	585
1977	580
1977	546
1977	535
1977	532
1977	526
1977	524
1977	464
1977	454
1977	440
1977	423
1977	375
1977	357
1977	327
1977	321
1977	260
1977	241
1977	225
1977	187
1977	175
1977	160
1977	150
1977	143
1977	120
1977	116
1977	100
1977	91
1977	83
1977	83
1977	82
1977	72
1977	69
1977	67
1977	66
1977	64
1977	61
1977	59
1977	59
1977	59
1977	57
1977	46
1977	44
1977	38
1977	35
1977	34
1977	32
1977	32
1977	31
1977	30
1977	30
1977	29
1977	28
1977	28
1977	21
1977	20
1977	20
1977	18
1977	12
1977	10
1977	10
1977	10
1977	10
1977	9
1977	8
1977	8
1977	6
1977	5
1977	4
1977	3
1977	3
1977	3
1977	2
1977	1
1977	1
1978	796428
1978	518124
1978	113963
1978	100327
1978	66270
1978	59442
1978	54669
1978	51787
1978	47141
1978	42287
1978	42243
1978	33788
1978	32857
1978	28273
1978	24309
1978	24138
1978	23970
1978	22917
1978	21382
1978	18811
1978	18661
1978	18102
1978	17015
1978	15221
1978	15139
1978	14990
1978	14317
1978	14314
1978	13552
1978	12863
1978	12372
1978	12085
1978	12080
1978	11394
1978	11201
1978	11055
1978	10449
1978	10222
1978	10222
1978	10091
1978	7872
1978	7252
1978	7242
1978	6718
1978	6581
1978	6358
1978	6217
1978	6195
1978	6003
1978	5982
1978	5861
1978	5751
1978	5596
1978	5566
1978	5363
1978	5348
1978	5140
1978	5026
1978	4996
1978	4886
1978	4836
1978	4673
1978	4631
1978	4491
1978	4342
1978	4219
1978	4135
1978	4054
1978	3890
1978	3758
1978	3595
1978	3482
1978	3376
1978	3347
1978	3341
1978	3230
1978	3213
1978	3114
1978	3095
1978	2886
1978	2806
1978	2777
1978	2750
1978	2662
1978	2621
1978	2562
1978	2559
1978	2256
1978	2174
1978	2149
1978	2031
1978	1929
1978	1799
1978	1708
1978	1546
1978	1509
1978	1440
1978	1417
1978	1404
1978	1277
1978	1229
1978	1206
1978	1130
1978	1101
1978	1081
1978	1071
1978	934
1978	929
1978	917
1978	907
1978	895
1978	857
1978	808
1978	792
1978	791
1978	733
1978	651
1978	593
1978	565
1978	553
1978	536
1978	535
1978	524
1978	513
1978	475
1978	444
1978	436
1978	431
1978	381
1978	367
1978	321
1978	308
1978	254
1978	236
1978	233
1978	193
1978	171
1978	162
1978	156
1978	150
1978	121
1978	117
1978	94
1978	91
1978	88
1978	84
1978	76
1978	72
1978	70
1978	70
1978	69
1978	64
1978	61
1978	61
1978	60
1978	60
1978	57
1978	46
1978	46
1978	39
1978	36
1978	34
1978	34
1978	32
1978	31
1978	30
1978	29
1978	29
1978	28
1978	28
1978	21
1978	21
1978	20
1978	19
1978	12
1978	10
1978	10
1978	9
1978	9
1978	9
1978	8
1978	8
1978	6
1978	5
1978	3
1978	3
1978	3
1978	3
1978	2
1978	1
1978	1
1979	802300
1979	528102
1979	115772
1979	99762
1979	67423
1979	59934
1979	56237
1979	52899
1979	46950
1979	42905
1979	42146
1979	34262
1979	33280
1979	28892
1979	24676
1979	24628
1979	24479
1979	23039
1979	21314
1979	19018
1979	18776
1979	18677
1979	16608
1979	15597
1979	15584
1979	14944
1979	14652
1979	14354
1979	13837
1979	13273
1979	12290
1979	12073
1979	12038
1979	11610
1979	11381
1979	11348
1979	10423
1979	10392
1979	10315
1979	10139
1979	7940
1979	7367
1979	7333
1979	6868
1979	6532
1979	6468
1979	6405
1979	6093
1979	6063
1979	6010
1979	5919
1979	5827
1979	5684
1979	5589
1979	5522
1979	5496
1979	5185
1979	5030
1979	4985
1979	4957
1979	4853
1979	4780
1979	4710
1979	4614
1979	4431
1979	4312
1979	4178
1979	4065
1979	3861
1979	3848
1979	3642
1979	3416
1979	3410
1979	3400
1979	3363
1979	3279
1979	3179
1979	3144
1979	3124
1979	2905
1979	2811
1979	2801
1979	2739
1979	2728
1979	2617
1979	2589
1979	2585
1979	2309
1979	2207
1979	2119
1979	2061
1979	1966
1979	1830
1979	1739
1979	1585
1979	1518
1979	1470
1979	1405
1979	1384
1979	1305
1979	1225
1979	1214
1979	1131
1979	1130
1979	1093
1979	1063
1979	951
1979	944
1979	927
1979	911
1979	909
1979	845
1979	814
1979	801
1979	771
1979	746
1979	671
1979	607
1979	560
1979	546
1979	545
1979	539
1979	522
1979	495
1979	486
1979	441
1979	435
1979	432
1979	388
1979	377
1979	315
1979	296
1979	246
1979	241
1979	232
1979	199
1979	179
1979	168
1979	156
1979	150
1979	122
1979	119
1979	96
1979	92
1979	85
1979	82
1979	73
1979	73
1979	71
1979	71
1979	71
1979	64
1979	63
1979	62
1979	60
1979	59
1979	57
1979	48
1979	46
1979	40
1979	36
1979	34
1979	33
1979	33
1979	32
1979	30
1979	29
1979	28
1979	28
1979	27
1979	22
1979	20
1979	20
1979	19
1979	12
1979	11
1979	10
1979	8
1979	8
1979	8
1979	8
1979	7
1979	6
1979	4
1979	3
1979	3
1979	3
1979	3
1979	2
1979	1
1979	1
1980	807648
1980	538360
1980	117482
1980	99305
1980	68651
1980	60357
1980	57902
1980	53952
1980	46869
1980	43625
1980	42030
1980	34762
1980	33853
1980	29424
1980	25237
1980	24986
1980	24796
1980	23151
1980	21260
1980	19407
1980	19259
1980	18755
1980	16212
1980	16065
1980	15966
1980	14996
1980	14912
1980	14396
1980	14129
1980	13712
1980	12234
1980	11973
1980	11962
1980	11828
1980	11708
1980	11503
1980	10620
1980	10553
1980	10203
1980	10180
1980	8017
1980	7518
1980	7430
1980	7014
1980	6632
1980	6577
1980	6495
1980	6202
1980	6124
1980	5966
1980	5922
1980	5906
1980	5782
1980	5675
1980	5659
1980	5599
1980	5362
1980	5082
1980	4967
1980	4948
1980	4934
1980	4814
1980	4747
1980	4739
1980	4519
1980	4405
1980	4221
1980	4076
1980	3951
1980	3831
1980	3699
1980	3478
1980	3476
1980	3366
1980	3359
1980	3346
1980	3192
1980	3130
1980	3130
1980	2920
1980	2834
1980	2823
1980	2796
1980	2705
1980	2623
1980	2613
1980	2605
1980	2363
1980	2242
1980	2097
1980	2095
1980	2009
1980	1863
1980	1769
1980	1623
1980	1527
1980	1503
1980	1406
1980	1351
1980	1333
1980	1246
1980	1203
1980	1160
1980	1136
1980	1102
1980	1057
1980	968
1980	961
1980	938
1980	921
1980	916
1980	834
1980	832
1980	811
1980	759
1980	736
1980	688
1980	619
1980	567
1980	556
1980	540
1980	528
1980	522
1980	496
1980	485
1980	451
1980	428
1980	426
1980	395
1980	387
1980	309
1980	284
1980	249
1980	237
1980	229
1980	205
1980	196
1980	165
1980	159
1980	150
1980	122
1980	122
1980	99
1980	95
1980	86
1980	76
1980	74
1980	73
1980	73
1980	72
1980	67
1980	64
1980	64
1980	63
1980	61
1980	60
1980	57
1980	50
1980	46
1980	42
1980	37
1980	34
1980	33
1980	33
1980	32
1980	30
1980	29
1980	28
1980	28
1980	27
1980	24
1980	21
1980	20
1980	20
1980	12
1980	11
1980	10
1980	8
1980	8
1980	8
1980	7
1980	7
1980	6
1980	4
1980	3
1980	3
1980	3
1980	2
1980	2
1980	1
1980	1
1981	812495
1981	548930
1981	119080
1981	98965
1981	69968
1981	60688
1981	59665
1981	54931
1981	46927
1981	44466
1981	41898
1981	35293
1981	34601
1981	29852
1981	25820
1981	25489
1981	24779
1981	23255
1981	21226
1981	19848
1981	19820
1981	18753
1981	16542
1981	16373
1981	15842
1981	15354
1981	14897
1981	14434
1981	14427
1981	14184
1981	12209
1981	12048
1981	12035
1981	11890
1981	11746
1981	11667
1981	10814
1981	10713
1981	10214
1981	10119
1981	8102
1981	7712
1981	7531
1981	7157
1981	6875
1981	6686
1981	6471
1981	6305
1981	6187
1981	6001
1981	5991
1981	5970
1981	5893
1981	5836
1981	5814
1981	5593
1981	5560
1981	5210
1981	5086
1981	4941
1981	4899
1981	4888
1981	4769
1981	4758
1981	4607
1981	4495
1981	4265
1981	4086
1981	4064
1981	3801
1981	3765
1981	3573
1981	3550
1981	3413
1981	3387
1981	3311
1981	3237
1981	3132
1981	3082
1981	2931
1981	2880
1981	2867
1981	2843
1981	2664
1981	2645
1981	2621
1981	2609
1981	2416
1981	2274
1981	2132
1981	2084
1981	2061
1981	1897
1981	1798
1981	1661
1981	1540
1981	1534
1981	1406
1981	1362
1981	1319
1981	1271
1981	1196
1981	1191
1981	1144
1981	1110
1981	1053
1981	984
1981	980
1981	948
1981	931
1981	921
1981	847
1981	825
1981	821
1981	772
1981	704
1981	699
1981	632
1981	576
1981	564
1981	539
1981	523
1981	513
1981	505
1981	485
1981	462
1981	424
1981	417
1981	404
1981	396
1981	306
1981	273
1981	257
1981	228
1981	228
1981	211
1981	211
1981	167
1981	162
1981	152
1981	125
1981	123
1981	101
1981	96
1981	87
1981	78
1981	76
1981	75
1981	73
1981	66
1981	64
1981	64
1981	63
1981	63
1981	61
1981	61
1981	56
1981	51
1981	45
1981	43
1981	38
1981	34
1981	33
1981	32
1981	32
1981	30
1981	30
1981	28
1981	27
1981	26
1981	26
1981	21
1981	20
1981	19
1981	12
1981	12
1981	10
1981	9
1981	8
1981	8
1981	6
1981	6
1981	6
1981	4
1981	3
1981	3
1981	3
1981	2
1981	2
1981	1
1981	1
1982	816778
1982	559798
1982	120559
1982	98736
1982	71396
1982	61521
1982	60925
1982	55848
1982	47093
1982	45407
1982	41744
1982	35855
1982	35503
1982	30185
1982	26425
1982	25985
1982	24588
1982	23356
1982	21208
1982	20445
1982	20251
1982	18764
1982	17024
1982	16805
1982	15720
1982	15487
1982	14898
1982	14732
1982	14688
1982	14468
1982	12364
1982	12268
1982	12214
1982	11837
1982	11791
1982	11448
1982	11000
1982	10871
1982	10243
1982	10060
1982	8195
1982	7940
1982	7634
1982	7297
1982	7136
1982	6794
1982	6456
1982	6406
1982	6252
1982	6130
1982	6080
1982	6024
1982	6023
1982	6012
1982	5943
1982	5778
1982	5572
1982	5341
1982	5233
1982	5038
1982	4909
1982	4881
1982	4771
1982	4717
1982	4692
1982	4584
1982	4309
1982	4189
1982	4097
1982	3843
1982	3772
1982	3689
1982	3629
1982	3476
1982	3427
1982	3279
1982	3272
1982	3130
1982	3038
1982	2940
1982	2938
1982	2936
1982	2872
1982	2711
1982	2634
1982	2606
1982	2563
1982	2469
1982	2306
1982	2171
1982	2118
1982	2079
1982	1932
1982	1826
1982	1699
1982	1578
1982	1539
1982	1406
1982	1391
1982	1297
1982	1286
1982	1223
1982	1193
1982	1154
1982	1117
1982	1048
1982	1001
1982	999
1982	958
1982	938
1982	926
1982	858
1982	831
1982	817
1982	786
1982	706
1982	675
1982	643
1982	584
1982	571
1982	537
1982	526
1982	514
1982	500
1982	494
1982	473
1982	421
1982	415
1982	409
1982	403
1982	303
1982	264
1982	264
1982	228
1982	226
1982	217
1982	217
1982	180
1982	161
1982	154
1982	128
1982	123
1982	103
1982	97
1982	88
1982	80
1982	79
1982	77
1982	73
1982	68
1982	64
1982	64
1982	62
1982	62
1982	60
1982	56
1982	54
1982	52
1982	45
1982	45
1982	39
1982	34
1982	33
1982	32
1982	31
1982	30
1982	30
1982	29
1982	27
1982	26
1982	26
1982	21
1982	21
1982	18
1982	12
1982	12
1982	10
1982	9
1982	8
1982	8
1982	7
1982	6
1982	6
1982	3
1982	3
1982	3
1982	3
1982	2
1982	2
1982	1
1982	1
1983	820871
1983	570905
1983	121914
1983	98611
1983	72920
1983	63452
1983	61106
1983	56728
1983	47286
1983	46422
1983	41561
1983	36527
1983	36440
1983	30435
1983	27054
1983	26474
1983	24262
1983	23456
1983	21203
1983	21057
1983	20702
1983	18785
1983	17488
1983	17256
1983	16078
1983	15217
1983	15121
1983	15044
1983	14906
1983	14499
1983	12702
1983	12491
1983	12241
1983	12006
1983	11681
1983	11177
1983	11106
1983	11005
1983	10269
1983	10017
1983	8297
1983	8185
1983	7735
1983	7438
1983	7409
1983	6907
1983	6505
1983	6452
1983	6370
1983	6317
1983	6219
1983	6170
1983	6130
1983	6086
1983	6041
1983	6011
1983	5539
1983	5478
1983	5387
1983	5195
1983	4883
1983	4874
1983	4784
1983	4773
1983	4671
1983	4660
1983	4353
1983	4321
1983	4108
1983	3930
1983	3821
1983	3742
1983	3712
1983	3531
1983	3481
1983	3318
1983	3239
1983	3126
1983	3015
1983	3001
1983	2997
1983	2943
1983	2907
1983	2762
1983	2645
1983	2604
1983	2523
1983	2464
1983	2339
1983	2212
1983	2180
1983	2082
1983	1967
1983	1853
1983	1736
1983	1618
1983	1543
1983	1419
1983	1406
1983	1321
1983	1255
1983	1253
1983	1191
1983	1166
1983	1123
1983	1045
1983	1022
1983	1014
1983	969
1983	943
1983	930
1983	866
1983	842
1983	811
1983	802
1983	710
1983	652
1983	647
1983	594
1983	577
1983	534
1983	530
1983	524
1983	508
1983	490
1983	486
1983	425
1983	418
1983	410
1983	401
1983	301
1983	271
1983	257
1983	240
1983	229
1983	223
1983	205
1983	194
1983	160
1983	157
1983	131
1983	123
1983	105
1983	97
1983	89
1983	81
1983	80
1983	80
1983	73
1983	70
1983	64
1983	64
1983	64
1983	62
1983	58
1983	56
1983	52
1983	47
1983	47
1983	44
1983	40
1983	35
1983	33
1983	32
1983	31
1983	31
1983	31
1983	30
1983	27
1983	26
1983	26
1983	22
1983	22
1983	18
1983	13
1983	12
1983	10
1983	9
1983	9
1983	8
1983	7
1983	6
1983	5
1983	3
1983	3
1983	3
1983	2
1983	2
1983	2
1983	1
1983	1
1984	825222
1984	582160
1984	123147
1984	98571
1984	74510
1984	65437
1984	61284
1984	57605
1984	47467
1984	47393
1984	41336
1984	37623
1984	37035
1984	30627
1984	27712
1984	26954
1984	23875
1984	23555
1984	21693
1984	21202
1984	21175
1984	18809
1984	17912
1984	17718
1984	16410
1984	15763
1984	15362
1984	14911
1984	14710
1984	14531
1984	13061
1984	12717
1984	12284
1984	12166
1984	11563
1984	11343
1984	11087
1984	10772
1984	10296
1984	9974
1984	8423
1984	8408
1984	7834
1984	7687
1984	7584
1984	7028
1984	6646
1984	6605
1984	6456
1984	6414
1984	6383
1984	6275
1984	6253
1984	6248
1984	6233
1984	6068
1984	5618
1984	5565
1984	5497
1984	5353
1984	4891
1984	4845
1984	4840
1984	4802
1984	4756
1984	4601
1984	4458
1984	4395
1984	4119
1984	4027
1984	3958
1984	3800
1984	3711
1984	3577
1984	3544
1984	3353
1984	3207
1984	3123
1984	3090
1984	3071
1984	2960
1984	2947
1984	2946
1984	2814
1984	2656
1984	2603
1984	2577
1984	2378
1984	2355
1984	2255
1984	2243
1984	2091
1984	2002
1984	1884
1984	1772
1984	1657
1984	1546
1984	1444
1984	1407
1984	1337
1984	1285
1984	1220
1984	1191
1984	1177
1984	1129
1984	1043
1984	1043
1984	1028
1984	981
1984	945
1984	936
1984	869
1984	853
1984	822
1984	806
1984	713
1984	658
1984	620
1984	603
1984	582
1984	536
1984	533
1984	530
1984	524
1984	500
1984	480
1984	433
1984	418
1984	416
1984	394
1984	300
1984	277
1984	256
1984	252
1984	229
1984	228
1984	208
1984	193
1984	160
1984	160
1984	135
1984	123
1984	106
1984	99
1984	90
1984	83
1984	82
1984	82
1984	73
1984	72
1984	66
1984	64
1984	64
1984	63
1984	57
1984	55
1984	53
1984	50
1984	43
1984	41
1984	41
1984	35
1984	34
1984	33
1984	31
1984	31
1984	30
1984	30
1984	27
1984	25
1984	25
1984	23
1984	22
1984	17
1984	13
1984	12
1984	10
1984	9
1984	9
1984	8
1984	8
1984	6
1984	5
1984	3
1984	3
1984	3
1984	2
1984	2
1984	2
1984	1
1984	1
1985	830114
1985	593481
1985	124259
1985	98601
1985	76138
1985	67456
1985	61499
1985	58503
1985	48510
1985	47331
1985	41061
1985	38752
1985	37627
1985	30785
1985	28401
1985	27425
1985	23653
1985	23490
1985	22359
1985	21670
1985	21199
1985	18833
1985	18277
1985	18185
1985	16699
1985	16317
1985	15685
1985	14902
1985	14566
1985	14229
1985	13447
1985	12947
1985	12335
1985	12309
1985	11498
1985	11444
1985	11102
1985	10489
1985	10326
1985	9922
1985	8638
1985	8529
1985	7965
1985	7930
1985	7736
1985	7162
1985	6922
1985	6708
1985	6605
1985	6530
1985	6479
1985	6465
1985	6448
1985	6327
1985	6315
1985	6111
1985	5773
1985	5763
1985	5511
1985	5450
1985	4908
1985	4894
1985	4840
1985	4834
1985	4810
1985	4597
1985	4542
1985	4435
1985	4132
1985	4129
1985	4095
1985	3892
1985	3680
1985	3616
1985	3613
1985	3384
1985	3173
1985	3163
1985	3144
1985	3121
1985	2990
1985	2948
1985	2927
1985	2865
1985	2666
1985	2631
1985	2603
1985	2423
1985	2303
1985	2299
1985	2246
1985	2104
1985	2035
1985	1920
1985	1806
1985	1693
1985	1545
1985	1465
1985	1411
1985	1343
1985	1312
1985	1191
1985	1186
1985	1185
1985	1136
1985	1060
1985	1044
1985	1042
1985	994
1985	946
1985	945
1985	867
1985	866
1985	847
1985	800
1985	715
1985	660
1985	612
1985	594
1985	585
1985	552
1985	537
1985	534
1985	526
1985	515
1985	471
1985	438
1985	427
1985	415
1985	386
1985	298
1985	283
1985	272
1985	249
1985	235
1985	225
1985	219
1985	180
1985	163
1985	160
1985	139
1985	124
1985	108
1985	102
1985	91
1985	86
1985	86
1985	83
1985	74
1985	73
1985	67
1985	64
1985	64
1985	64
1985	55
1985	55
1985	54
1985	52
1985	43
1985	42
1985	37
1985	36
1985	36
1985	34
1985	31
1985	31
1985	30
1985	29
1985	27
1985	25
1985	25
1985	24
1985	22
1985	16
1985	14
1985	12
1985	10
1985	9
1985	9
1985	9
1985	8
1985	6
1985	5
1985	3
1985	3
1985	3
1985	2
1985	2
1985	2
1985	1
1985	1
1986	835786
1986	604831
1986	125246
1986	98692
1986	77790
1986	69505
1986	61774
1986	59428
1986	49540
1986	47066
1986	40737
1986	39907
1986	38217
1986	30907
1986	29123
1986	27884
1986	23747
1986	23129
1986	23049
1986	22195
1986	21191
1986	18855
1986	18652
1986	18574
1986	16935
1986	16875
1986	16014
1986	14878
1986	14605
1986	13862
1986	13668
1986	13181
1986	12436
1986	12394
1986	11643
1986	11323
1986	11037
1986	10361
1986	10251
1986	9857
1986	8821
1986	8659
1986	8238
1986	8021
1986	7897
1986	7312
1986	7194
1986	6863
1986	6813
1986	6789
1986	6700
1986	6513
1986	6483
1986	6389
1986	6372
1986	6174
1986	6034
1986	5913
1986	5668
1986	5397
1986	4958
1986	4923
1986	4887
1986	4880
1986	4786
1986	4737
1986	4483
1986	4471
1986	4246
1986	4227
1986	4136
1986	3989
1986	3684
1986	3650
1986	3647
1986	3409
1986	3234
1986	3219
1986	3137
1986	3123
1986	3036
1986	2949
1986	2913
1986	2897
1986	2687
1986	2677
1986	2604
1986	2478
1986	2361
1986	2344
1986	2136
1986	2120
1986	2066
1986	1962
1986	1838
1986	1726
1986	1543
1986	1482
1986	1418
1986	1338
1986	1336
1986	1192
1986	1190
1986	1151
1986	1144
1986	1075
1986	1061
1986	1045
1986	1011
1986	960
1986	946
1986	880
1986	877
1986	859
1986	795
1986	717
1986	658
1986	622
1986	587
1986	571
1986	568
1986	548
1986	532
1986	531
1986	522
1986	463
1986	439
1986	438
1986	416
1986	377
1986	297
1986	291
1986	289
1986	247
1986	242
1986	227
1986	220
1986	166
1986	166
1986	160
1986	143
1986	124
1986	110
1986	108
1986	92
1986	88
1986	88
1986	83
1986	77
1986	73
1986	67
1986	65
1986	65
1986	64
1986	54
1986	54
1986	54
1986	54
1986	43
1986	42
1986	38
1986	36
1986	35
1986	34
1986	32
1986	31
1986	29
1986	29
1986	27
1986	25
1986	25
1986	25
1986	23
1986	16
1986	14
1986	12
1986	10
1986	10
1986	10
1986	9
1986	8
1986	6
1986	5
1986	3
1986	3
1986	3
1986	2
1986	2
1986	2
1986	1
1986	1
1987	842063
1987	616207
1987	126102
1987	98840
1987	79461
1987	71579
1987	62089
1987	60368
1987	50558
1987	46631
1987	41097
1987	40366
1987	38803
1987	30997
1987	29873
1987	28331
1987	23838
1987	23764
1987	22787
1987	22738
1987	21182
1987	19121
1987	18876
1987	18811
1987	17438
1987	17123
1987	16349
1987	14840
1987	14642
1987	14304
1987	13418
1987	13046
1987	12546
1987	12461
1987	11777
1987	11202
1987	10911
1987	10402
1987	10065
1987	9783
1987	8979
1987	8797
1987	8508
1987	8108
1987	8066
1987	7477
1987	7474
1987	7260
1987	6966
1987	6918
1987	6913
1987	6576
1987	6507
1987	6444
1987	6408
1987	6334
1987	6255
1987	6068
1987	5824
1987	5340
1987	5005
1987	4998
1987	4941
1987	4875
1987	4873
1987	4767
1987	4505
1987	4424
1987	4368
1987	4356
1987	4143
1987	4091
1987	3759
1987	3682
1987	3613
1987	3428
1987	3305
1987	3297
1987	3126
1987	3098
1987	3083
1987	2959
1987	2949
1987	2870
1987	2743
1987	2688
1987	2605
1987	2540
1987	2418
1987	2389
1987	2141
1987	2096
1987	2026
1987	2008
1987	1869
1987	1756
1987	1538
1987	1495
1987	1426
1987	1357
1987	1325
1987	1193
1987	1192
1987	1154
1987	1116
1987	1086
1987	1078
1987	1049
1987	1029
1987	980
1987	945
1987	913
1987	896
1987	846
1987	790
1987	719
1987	653
1987	632
1987	595
1987	588
1987	557
1987	549
1987	543
1987	528
1987	518
1987	455
1987	449
1987	437
1987	418
1987	369
1987	311
1987	294
1987	294
1987	248
1987	247
1987	233
1987	213
1987	169
1987	161
1987	151
1987	148
1987	125
1987	115
1987	112
1987	93
1987	91
1987	90
1987	84
1987	79
1987	73
1987	66
1987	65
1987	65
1987	64
1987	57
1987	55
1987	53
1987	53
1987	44
1987	41
1987	38
1987	36
1987	36
1987	35
1987	32
1987	31
1987	29
1987	29
1987	27
1987	26
1987	25
1987	24
1987	23
1987	15
1987	14
1987	12
1987	11
1987	10
1987	10
1987	9
1987	8
1987	6
1987	5
1987	3
1987	3
1987	2
1987	2
1987	2
1987	2
1987	1
1987	1
1988	848304
1988	627610
1988	126835
1988	99053
1988	81130
1988	73648
1988	62382
1988	61311
1988	51561
1988	46097
1988	42323
1988	39953
1988	39360
1988	31109
1988	30637
1988	28762
1988	24524
1988	23925
1988	23252
1988	22488
1988	21182
1988	19604
1988	19013
1988	18892
1988	18006
1988	17285
1988	16689
1988	14797
1988	14767
1988	14675
1988	13654
1988	12641
1988	12529
1988	12400
1988	11902
1988	11081
1988	10771
1988	10446
1988	10013
1988	9706
1988	9120
1988	8933
1988	8788
1988	8244
1988	8195
1988	7758
1988	7672
1988	7655
1988	7134
1988	7121
1988	7023
1988	6636
1988	6605
1988	6523
1988	6499
1988	6433
1988	6342
1988	6231
1988	5979
1988	5281
1988	5087
1988	5030
1988	5022
1988	5010
1988	4857
1988	4746
1988	4538
1988	4495
1988	4486
1988	4366
1988	4198
1988	4150
1988	3851
1988	3714
1988	3582
1988	3442
1988	3377
1988	3376
1988	3131
1988	3126
1988	3057
1988	3007
1988	2950
1988	2847
1988	2799
1988	2698
1988	2609
1988	2600
1988	2472
1988	2431
1988	2163
1988	2124
1988	2051
1988	1926
1988	1899
1988	1786
1988	1532
1988	1503
1988	1435
1988	1376
1988	1305
1988	1193
1988	1193
1988	1166
1988	1096
1988	1095
1988	1083
1988	1049
1988	1047
1988	1003
1988	951
1988	945
1988	913
1988	830
1988	785
1988	722
1988	645
1988	642
1988	620
1988	588
1988	567
1988	566
1988	523
1988	522
1988	515
1988	460
1988	448
1988	433
1988	421
1988	360
1988	332
1988	299
1988	292
1988	254
1988	249
1988	237
1988	205
1988	171
1988	161
1988	153
1988	138
1988	125
1988	123
1988	114
1988	95
1988	94
1988	93
1988	85
1988	81
1988	73
1988	66
1988	65
1988	65
1988	64
1988	59
1988	56
1988	53
1988	52
1988	45
1988	40
1988	38
1988	38
1988	36
1988	35
1988	33
1988	30
1988	30
1988	29
1988	28
1988	27
1988	24
1988	24
1988	23
1988	14
1988	14
1988	11
1988	11
1988	10
1988	10
1988	9
1988	8
1988	5
1988	5
1988	3
1988	3
1988	2
1988	2
1988	2
1988	2
1988	1
1988	1
1989	853599
1989	639056
1989	127455
1989	99343
1989	82782
1989	75679
1989	62565
1989	62237
1989	52547
1989	45567
1989	43588
1989	39858
1989	39505
1989	31394
1989	31317
1989	29174
1989	25357
1989	24010
1989	23675
1989	22250
1989	21206
1989	20116
1989	19215
1989	18904
1989	18584
1989	17452
1989	17037
1989	15247
1989	14760
1989	14700
1989	13886
1989	12722
1989	12589
1989	12017
1989	11784
1989	10965
1989	10683
1989	10491
1989	10196
1989	9638
1989	9258
1989	9097
1989	9051
1989	8429
1989	8285
1989	8044
1989	8033
1989	7842
1989	7330
1989	7290
1989	7124
1989	6754
1989	6692
1989	6565
1989	6509
1989	6460
1989	6423
1989	6404
1989	6136
1989	5223
1989	5170
1989	5136
1989	5129
1989	5061
1989	4846
1989	4713
1989	4627
1989	4620
1989	4572
1989	4309
1989	4308
1989	4163
1989	3977
1989	3747
1989	3558
1989	3460
1989	3452
1989	3450
1989	3178
1989	3117
1989	3062
1989	3013
1989	2952
1989	2855
1989	2829
1989	2705
1989	2646
1989	2615
1989	2520
1989	2468
1989	2186
1989	2151
1989	2081
1989	1930
1989	1844
1989	1818
1989	1526
1989	1509
1989	1442
1989	1393
1989	1281
1989	1194
1989	1192
1989	1183
1989	1108
1989	1104
1989	1070
1989	1053
1989	1028
1989	1027
1989	989
1989	946
1989	928
1989	814
1989	781
1989	725
1989	654
1989	644
1989	638
1989	590
1989	583
1989	576
1989	520
1989	512
1989	506
1989	467
1989	440
1989	428
1989	426
1989	355
1989	351
1989	304
1989	289
1989	260
1989	252
1989	240
1989	199
1989	173
1989	162
1989	158
1989	131
1989	126
1989	125
1989	117
1989	97
1989	96
1989	95
1989	85
1989	84
1989	73
1989	67
1989	65
1989	65
1989	63
1989	62
1989	57
1989	52
1989	50
1989	46
1989	40
1989	40
1989	38
1989	36
1989	35
1989	33
1989	30
1989	30
1989	29
1989	28
1989	27
1989	24
1989	24
1989	23
1989	14
1989	13
1989	12
1989	11
1989	10
1989	9
1989	9
1989	7
1989	5
1989	5
1989	3
1989	3
1989	3
1989	2
1989	2
1989	2
1989	1
1989	1
1990	857291
1990	650556
1990	127965
1990	99716
1990	84403
1990	77647
1990	63134
1990	62575
1990	53510
1990	45119
1990	44892
1990	40279
1990	39026
1990	32129
1990	31683
1990	29565
1990	26277
1990	24096
1990	23962
1990	22084
1990	21263
1990	20667
1990	19442
1990	19174
1990	18910
1990	17647
1990	17392
1990	15739
1990	14739
1990	14712
1990	14111
1990	12789
1990	12637
1990	12122
1990	11242
1990	10857
1990	10689
1990	10674
1990	10533
1990	9586
1990	9447
1990	9403
1990	9142
1990	8622
1990	8383
1990	8331
1990	8296
1990	8036
1990	7543
1990	7434
1990	7221
1990	6744
1990	6724
1990	6650
1990	6591
1990	6496
1990	6487
1990	6455
1990	6294
1990	5263
1990	5254
1990	5250
1990	5170
1990	5094
1990	4846
1990	4763
1990	4760
1990	4663
1990	4608
1990	4425
1990	4249
1990	4182
1990	4145
1990	3779
1990	3545
1990	3545
1990	3534
1990	3455
1990	3221
1990	3127
1990	3094
1990	2965
1990	2958
1990	2911
1990	2816
1990	2707
1990	2670
1990	2626
1990	2562
1990	2496
1990	2206
1990	2177
1990	2091
1990	1964
1990	1854
1990	1790
1990	1522
1990	1514
1990	1446
1990	1410
1990	1256
1990	1204
1990	1196
1990	1189
1990	1115
1990	1112
1990	1091
1990	1052
1990	1029
1990	1024
1990	982
1990	949
1990	942
1990	803
1990	779
1990	731
1990	669
1990	665
1990	633
1990	596
1990	594
1990	588
1990	518
1990	510
1990	498
1990	467
1990	434
1990	433
1990	425
1990	378
1990	343
1990	310
1990	287
1990	267
1990	255
1990	244
1990	195
1990	175
1990	163
1990	163
1990	137
1990	127
1990	119
1990	115
1990	100
1990	98
1990	98
1990	86
1990	86
1990	74
1990	69
1990	65
1990	65
1990	64
1990	63
1990	58
1990	52
1990	49
1990	47
1990	42
1990	40
1990	37
1990	36
1990	35
1990	33
1990	31
1990	31
1990	30
1990	27
1990	27
1990	24
1990	24
1990	23
1990	14
1990	13
1990	12
1990	11
1990	10
1990	9
1990	9
1990	7
1990	5
1990	5
1990	3
1990	3
1990	3
1990	2
1990	2
1990	2
1990	1
1990	1
1991	859134
1991	662102
1991	128406
1991	100181
1991	85985
1991	79531
1991	64001
1991	62380
1991	54447
1991	46234
1991	44770
1991	40613
1991	38520
1991	32838
1991	32248
1991	29931
1991	27301
1991	24180
1991	24092
1991	22008
1991	21358
1991	21264
1991	19778
1991	19702
1991	18911
1991	17880
1991	17753
1991	16246
1991	14736
1991	14709
1991	14331
1991	12842
1991	12668
1991	12219
1991	11493
1991	10804
1991	10789
1991	10756
1991	10573
1991	9845
1991	9558
1991	9552
1991	9200
1991	8824
1991	8612
1991	8489
1991	8445
1991	8236
1991	7761
1991	7565
1991	7313
1991	6793
1991	6790
1991	6757
1991	6545
1991	6532
1991	6476
1991	6455
1991	6353
1991	5429
1991	5354
1991	5340
1991	5129
1991	5121
1991	4914
1991	4895
1991	4857
1991	4648
1991	4594
1991	4545
1991	4363
1991	4209
1991	4190
1991	3815
1991	3634
1991	3625
1991	3542
1991	3456
1991	3261
1991	3204
1991	3055
1991	2967
1991	2967
1991	2913
1991	2809
1991	2705
1991	2670
1991	2641
1991	2596
1991	2515
1991	2224
1991	2203
1991	2079
1991	2001
1991	1896
1991	1766
1991	1519
1991	1518
1991	1447
1991	1427
1991	1231
1991	1229
1991	1198
1991	1184
1991	1119
1991	1115
1991	1111
1991	1074
1991	1055
1991	1011
1991	955
1991	951
1991	907
1991	797
1991	779
1991	739
1991	685
1991	684
1991	631
1991	607
1991	604
1991	602
1991	520
1991	510
1991	497
1991	460
1991	443
1991	426
1991	424
1991	404
1991	334
1991	315
1991	284
1991	274
1991	258
1991	248
1991	193
1991	175
1991	168
1991	163
1991	141
1991	128
1991	122
1991	107
1991	103
1991	99
1991	89
1991	87
1991	74
1991	73
1991	70
1991	69
1991	66
1991	64
1991	63
1991	60
1991	52
1991	48
1991	47
1991	41
1991	41
1991	36
1991	36
1991	35
1991	33
1991	32
1991	31
1991	31
1991	27
1991	27
1991	24
1991	23
1991	23
1991	17
1991	14
1991	12
1991	12
1991	11
1991	10
1991	9
1991	9
1991	7
1991	6
1991	5
1991	5
1991	5
1991	3
1991	3
1991	3
1991	2
1991	2
1991	2
1991	1
1991	1
1992	859257
1992	673666
1992	128777
1992	87523
1992	81339
1992	64843
1992	62009
1992	55345
1992	47604
1992	44501
1992	40871
1992	39465
1992	37989
1992	33523
1992	33004
1992	30270
1992	28411
1992	24264
1992	24086
1992	22025
1992	21899
1992	21484
1992	20394
1992	19989
1992	18906
1992	18138
1992	18120
1992	17050
1992	16770
1992	14749
1992	14688
1992	14544
1992	13001
1992	12881
1992	12684
1992	12607
1992	12305
1992	11007
1992	10665
1992	10611
1992	10419
1992	10279
1992	9718
1992	9534
1992	9226
1992	9035
1992	8883
1992	8600
1992	8500
1992	8442
1992	7981
1992	7681
1992	7400
1992	7210
1992	7008
1992	6882
1992	6831
1992	6617
1992	6602
1992	6560
1992	6053
1992	5625
1992	5447
1992	5428
1992	5167
1992	5131
1992	5077
1992	5073
1992	5032
1992	4876
1992	4690
1992	4671
1992	4619
1992	4507
1992	4243
1992	4131
1992	3853
1992	3828
1992	3723
1992	3723
1992	3549
1992	3481
1992	3453
1992	3406
1992	3296
1992	3292
1992	3023
1992	3000
1992	2979
1992	2857
1992	2809
1992	2808
1992	2699
1992	2660
1992	2649
1992	2625
1992	2524
1992	2420
1992	2361
1992	2326
1992	2238
1992	2227
1992	2141
1992	2090
1992	2048
1992	2040
1992	1942
1992	1771
1992	1520
1992	1517
1992	1444
1992	1442
1992	1263
1992	1202
1992	1200
1992	1193
1992	1177
1992	1138
1992	1131
1992	1125
1992	1109
1992	1093
1992	1083
1992	998
1992	966
1992	962
1992	953
1992	807
1992	806
1992	799
1992	796
1992	779
1992	749
1992	703
1992	699
1992	631
1992	623
1992	615
1992	611
1992	524
1992	511
1992	502
1992	454
1992	448
1992	447
1992	430
1992	423
1992	418
1992	326
1992	321
1992	281
1992	280
1992	262
1992	253
1992	194
1992	174
1992	172
1992	163
1992	143
1992	129
1992	125
1992	106
1992	102
1992	100
1992	92
1992	88
1992	75
1992	74
1992	73
1992	71
1992	66
1992	64
1992	62
1992	61
1992	52
1992	48
1992	47
1992	41
1992	38
1992	37
1992	35
1992	34
1992	34
1992	32
1992	32
1992	31
1992	27
1992	26
1992	25
1992	23
1992	23
1992	17
1992	14
1992	12
1992	12
1992	11
1992	11
1992	9
1992	9
1992	8
1992	6
1992	5
1992	5
1992	5
1992	3
1992	3
1992	3
1992	2
1992	2
1992	2
1992	1
1992	1
1993	858007
1993	685205
1993	128991
1993	89030
1993	83115
1993	65663
1993	61526
1993	56180
1993	46330
1993	44302
1993	41089
1993	39533
1993	37433
1993	34190
1993	33905
1993	30590
1993	29540
1993	24353
1993	23989
1993	22550
1993	22106
1993	21626
1993	21013
1993	20299
1993	18894
1993	18491
1993	18404
1993	17307
1993	17019
1993	14768
1993	14746
1993	14648
1993	13861
1993	13383
1993	12915
1993	12688
1993	12377
1993	11263
1993	10727
1993	10650
1993	10586
1993	10127
1993	9880
1993	9527
1993	9257
1993	9226
1993	9138
1993	8714
1993	8652
1993	8501
1993	8198
1993	7787
1993	7481
1993	7237
1993	7164
1993	7022
1993	6866
1993	6777
1993	6663
1993	6571
1993	5846
1993	5580
1993	5528
1993	5518
1993	5241
1993	5209
1993	5176
1993	5171
1993	5035
1993	4887
1993	4799
1993	4733
1993	4406
1993	4279
1993	4073
1993	3922
1993	3890
1993	3828
1993	3811
1993	3563
1993	3562
1993	3449
1993	3386
1993	3372
1993	3325
1993	3078
1993	2994
1993	2935
1993	2841
1993	2811
1993	2799
1993	2686
1993	2680
1993	2664
1993	2652
1993	2617
1993	2590
1993	2526
1993	2393
1993	2329
1993	2312
1993	2251
1993	2248
1993	2205
1993	2195
1993	2101
1993	2080
1993	2004
1993	1991
1993	1797
1993	1522
1993	1517
1993	1458
1993	1439
1993	1300
1993	1206
1993	1192
1993	1179
1993	1167
1993	1150
1993	1131
1993	1122
1993	1111
1993	1108
1993	1098
1993	988
1993	976
1993	965
1993	953
1993	799
1993	796
1993	794
1993	781
1993	762
1993	723
1993	713
1993	691
1993	641
1993	632
1993	623
1993	621
1993	529
1993	512
1993	511
1993	466
1993	458
1993	442
1993	434
1993	423
1993	410
1993	328
1993	318
1993	289
1993	276
1993	265
1993	258
1993	197
1993	177
1993	173
1993	163
1993	145
1993	130
1993	129
1993	109
1993	101
1993	99
1993	95
1993	89
1993	77
1993	77
1993	74
1993	73
1993	66
1993	65
1993	62
1993	62
1993	52
1993	49
1993	45
1993	43
1993	37
1993	37
1993	35
1993	35
1993	33
1993	32
1993	31
1993	31
1993	28
1993	25
1993	25
1993	23
1993	23
1993	17
1993	14
1993	12
1993	11
1993	11
1993	11
1993	9
1993	8
1993	8
1993	6
1993	5
1993	5
1993	5
1993	4
1993	3
1993	3
1993	2
1993	2
1993	2
1993	1
1993	1
1994	855935
1994	696665
1994	128926
1994	90519
1994	84923
1994	66465
1994	61029
1994	56928
1994	47729
1994	44149
1994	41317
1994	39587
1994	36850
1994	34864
1994	34844
1994	30902
1994	30602
1994	24455
1994	23866
1994	23188
1994	22208
1994	21765
1994	21625
1994	20625
1994	18873
1994	18865
1994	18646
1994	17852
1994	16973
1994	15043
1994	14932
1994	14782
1994	14590
1994	13757
1994	12955
1994	12688
1994	12426
1994	11524
1994	11157
1994	10695
1994	10526
1994	10034
1994	9898
1994	9524
1994	9492
1994	9374
1994	9209
1994	8864
1994	8822
1994	8511
1994	8407
1994	7885
1994	7555
1994	7479
1994	7169
1994	7099
1994	6930
1994	6896
1994	6723
1994	6565
1994	6085
1994	5608
1994	5595
1994	5420
1994	5315
1994	5257
1994	5227
1994	5210
1994	5134
1994	4994
1994	4927
1994	4773
1994	4314
1994	4300
1994	4015
1994	4014
1994	3938
1994	3922
1994	3892
1994	3640
1994	3579
1994	3482
1994	3445
1994	3346
1994	3336
1994	3131
1994	3012
1994	2878
1994	2865
1994	2811
1994	2744
1994	2699
1994	2684
1994	2666
1994	2663
1994	2604
1994	2586
1994	2523
1994	2365
1994	2331
1994	2323
1994	2274
1994	2263
1994	2253
1994	2118
1994	2108
1994	2054
1994	2040
1994	1959
1994	1828
1994	1527
1994	1517
1994	1474
1994	1433
1994	1339
1994	1211
1994	1190
1994	1177
1994	1170
1994	1156
1994	1136
1994	1133
1994	1129
1994	1106
1994	1085
1994	986
1994	981
1994	969
1994	952
1994	804
1994	791
1994	787
1994	783
1994	775
1994	745
1994	727
1994	655
1994	634
1994	632
1994	627
1994	576
1994	535
1994	520
1994	514
1994	484
1994	477
1994	437
1994	423
1994	421
1994	402
1994	335
1994	311
1994	296
1994	272
1994	269
1994	264
1994	200
1994	181
1994	171
1994	164
1994	147
1994	132
1994	131
1994	113
1994	102
1994	97
1994	97
1994	90
1994	80
1994	79
1994	74
1994	74
1994	66
1994	65
1994	63
1994	62
1994	53
1994	49
1994	44
1994	44
1994	39
1994	37
1994	35
1994	34
1994	32
1994	32
1994	31
1994	31
1994	28
1994	25
1994	24
1994	23
1994	23
1994	17
1994	14
1994	12
1994	11
1994	11
1994	11
1994	9
1994	8
1994	8
1994	6
1994	6
1994	5
1994	5
1994	4
1994	3
1994	3
1994	2
1994	2
1994	2
1994	1
1994	1
1995	853415
1995	707998
1995	128505
1995	92000
1995	86804
1995	67252
1995	60589
1995	57573
1995	49113
1995	44025
1995	41590
1995	39596
1995	36238
1995	35812
1995	35492
1995	31537
1995	31209
1995	24574
1995	23792
1995	23762
1995	22296
1995	22224
1995	21887
1995	20961
1995	19242
1995	18844
1995	18844
1995	18402
1995	16895
1995	16005
1995	15099
1995	14783
1995	14512
1995	14109
1995	13009
1995	12688
1995	12449
1995	11756
1995	11549
1995	10748
1995	10486
1995	10174
1995	9742
1995	9719
1995	9588
1995	9519
1995	9182
1995	9074
1995	8922
1995	8605
1995	8572
1995	7977
1995	7731
1995	7621
1995	7317
1995	7071
1995	7020
1995	6922
1995	6780
1995	6542
1995	6334
1995	5698
1995	5648
1995	5610
1995	5464
1995	5335
1995	5310
1995	5223
1995	5108
1995	5053
1995	4950
1995	4808
1995	4345
1995	4193
1995	4108
1995	4052
1995	3962
1995	3955
1995	3944
1995	3711
1995	3594
1995	3574
1995	3442
1995	3357
1995	3295
1995	3181
1995	3033
1995	2923
1995	2804
1995	2794
1995	2728
1995	2714
1995	2692
1995	2679
1995	2639
1995	2617
1995	2565
1995	2517
1995	2340
1995	2333
1995	2330
1995	2312
1995	2296
1995	2252
1995	2155
1995	2106
1995	2089
1995	1964
1995	1919
1995	1855
1995	1534
1995	1519
1995	1490
1995	1428
1995	1379
1995	1216
1995	1202
1995	1191
1995	1187
1995	1159
1995	1146
1995	1144
1995	1140
1995	1094
1995	1071
1995	996
1995	972
1995	971
1995	955
1995	809
1995	791
1995	790
1995	786
1995	779
1995	768
1995	742
1995	661
1995	645
1995	632
1995	632
1995	539
1995	526
1995	516
1995	508
1995	487
1995	476
1995	433
1995	423
1995	412
1995	395
1995	342
1995	305
1995	304
1995	273
1995	271
1995	268
1995	202
1995	185
1995	170
1995	164
1995	150
1995	134
1995	132
1995	116
1995	104
1995	100
1995	94
1995	91
1995	84
1995	80
1995	76
1995	74
1995	66
1995	66
1995	65
1995	61
1995	53
1995	49
1995	45
1995	43
1995	41
1995	37
1995	35
1995	35
1995	33
1995	31
1995	30
1995	30
1995	29
1995	26
1995	23
1995	23
1995	22
1995	17
1995	14
1995	12
1995	11
1995	11
1995	10
1995	9
1995	8
1995	8
1995	6
1995	6
1995	5
1995	5
1995	4
1995	3
1995	3
1995	2
1995	2
1995	1
1995	1
1995	1
1996	850708
1996	719179
1996	127650
1996	93469
1996	88780
1996	68026
1996	60231
1996	58110
1996	50476
1996	43933
1996	41917
1996	39546
1996	36724
1996	36132
1996	35595
1996	32318
1996	31520
1996	24716
1996	24355
1996	23687
1996	22805
1996	22359
1996	21986
1996	21310
1996	19619
1996	18993
1996	18952
1996	18803
1996	16777
1996	16686
1996	15242
1996	14769
1996	14436
1996	14418
1996	13080
1996	12690
1996	12444
1996	11951
1996	11895
1996	10811
1996	10468
1996	10301
1996	10009
1996	9778
1996	9592
1996	9510
1996	9283
1996	9146
1996	9011
1996	8791
1996	8698
1996	8065
1996	7994
1996	7680
1996	7467
1996	7197
1996	6943
1996	6925
1996	6835
1996	6592
1996	6500
1996	5813
1996	5788
1996	5685
1996	5618
1996	5482
1996	5373
1996	5265
1996	5213
1996	5176
1996	4905
1996	4837
1996	4369
1996	4202
1996	4169
1996	4088
1996	4020
1996	3955
1996	3894
1996	3773
1996	3662
1996	3609
1996	3443
1996	3357
1996	3248
1996	3229
1996	3057
1996	2979
1996	2789
1996	2783
1996	2726
1996	2724
1996	2715
1996	2646
1996	2628
1996	2605
1996	2555
1996	2509
1996	2352
1996	2342
1996	2326
1996	2319
1996	2316
1996	2245
1996	2188
1996	2136
1996	2094
1996	1935
1996	1886
1996	1873
1996	1545
1996	1523
1996	1508
1996	1424
1996	1419
1996	1257
1996	1220
1996	1214
1996	1185
1996	1182
1996	1164
1996	1144
1996	1130
1996	1087
1996	1059
1996	1007
1996	973
1996	964
1996	963
1996	813
1996	805
1996	794
1996	793
1996	789
1996	773
1996	758
1996	657
1996	654
1996	638
1996	633
1996	542
1996	530
1996	528
1996	517
1996	495
1996	429
1996	423
1996	409
1996	396
1996	387
1996	349
1996	312
1996	300
1996	279
1996	278
1996	263
1996	204
1996	188
1996	169
1996	164
1996	154
1996	137
1996	133
1996	119
1996	105
1996	103
1996	92
1996	90
1996	88
1996	81
1996	78
1996	74
1996	67
1996	66
1996	66
1996	61
1996	53
1996	49
1996	47
1996	43
1996	42
1996	38
1996	36
1996	35
1996	34
1996	31
1996	30
1996	29
1996	29
1996	26
1996	23
1996	22
1996	22
1996	17
1996	14
1996	11
1996	11
1996	11
1996	10
1996	8
1996	8
1996	7
1996	6
1996	6
1996	5
1996	5
1996	4
1996	3
1996	3
1996	2
1996	2
1996	1
1996	1
1996	1
1997	847620
1997	730198
1997	126440
1997	94915
1997	90822
1997	68787
1997	59933
1997	58547
1997	51821
1997	43877
1997	42287
1997	39446
1997	37610
1997	36763
1997	34922
1997	32970
1997	31824
1997	24886
1997	24875
1997	23628
1997	23372
1997	22401
1997	22064
1997	21674
1997	19996
1997	19507
1997	19100
1997	18753
1997	17136
1997	16624
1997	15365
1997	14744
1997	14739
1997	14305
1997	13168
1997	12692
1997	12416
1997	12205
1997	12122
1997	10882
1997	10469
1997	10417
1997	10291
1997	9945
1997	9517
1997	9499
1997	9488
1997	9099
1997	9091
1997	8965
1997	8874
1997	8269
1997	8148
1997	7732
1997	7618
1997	7311
1997	6959
1997	6890
1997	6858
1997	6817
1997	6443
1997	6027
1997	5879
1997	5776
1997	5711
1997	5644
1997	5581
1997	5442
1997	5296
1997	5184
1997	4859
1997	4858
1997	4388
1997	4296
1997	4290
1997	4066
1997	3983
1997	3957
1997	3834
1997	3826
1997	3747
1997	3623
1997	3447
1997	3347
1997	3274
1997	3196
1997	3085
1997	3043
1997	2847
1997	2768
1997	2767
1997	2729
1997	2659
1997	2638
1997	2604
1997	2564
1997	2555
1997	2499
1997	2382
1997	2348
1997	2335
1997	2318
1997	2301
1997	2232
1997	2219
1997	2182
1997	2074
1997	1956
1997	1885
1997	1858
1997	1559
1997	1527
1997	1527
1997	1460
1997	1421
1997	1338
1997	1237
1997	1226
1997	1212
1997	1182
1997	1176
1997	1146
1997	1115
1997	1084
1997	1047
1997	1018
1997	980
1997	974
1997	954
1997	822
1997	821
1997	817
1997	798
1997	792
1997	776
1997	770
1997	663
1997	647
1997	643
1997	634
1997	551
1997	545
1997	527
1997	518
1997	501
1997	426
1997	423
1997	410
1997	380
1997	356
1997	332
1997	320
1997	297
1997	288
1997	282
1997	259
1997	204
1997	192
1997	168
1997	164
1997	159
1997	139
1997	134
1997	122
1997	107
1997	106
1997	92
1997	91
1997	87
1997	82
1997	80
1997	74
1997	69
1997	66
1997	65
1997	60
1997	54
1997	49
1997	48
1997	44
1997	41
1997	38
1997	38
1997	37
1997	33
1997	31
1997	30
1997	29
1997	29
1997	27
1997	23
1997	22
1997	21
1997	17
1997	14
1997	12
1997	11
1997	11
1997	9
1997	7
1997	7
1997	7
1997	6
1997	6
1997	5
1997	5
1997	4
1997	3
1997	3
1997	2
1997	2
1997	1
1997	1
1997	1
1998	843557
1998	741058
1998	125146
1998	96328
1998	92866
1998	69547
1998	59668
1998	58903
1998	53152
1998	43839
1998	42685
1998	39320
1998	38476
1998	37393
1998	34226
1998	33551
1998	32101
1998	25397
1998	25035
1998	23934
1998	23571
1998	22424
1998	22122
1998	22045
1998	20372
1998	20074
1998	19177
1998	18706
1998	17453
1998	16445
1998	15483
1998	15016
1998	14712
1998	14154
1998	13263
1998	12696
1998	12492
1998	12371
1998	12279
1998	10958
1998	10586
1998	10526
1998	10474
1998	10090
1998	9692
1998	9497
1998	9473
1998	9163
1998	9121
1998	9086
1998	9042
1998	8554
1998	8218
1998	7779
1998	7772
1998	7422
1998	7129
1998	6970
1998	6951
1998	6708
1998	6380
1998	6244
1998	6142
1998	5971
1998	5941
1998	5736
1998	5648
1998	5507
1998	5417
1998	5139
1998	4877
1998	4810
1998	4414
1998	4403
1998	4387
1998	4101
1998	3963
1998	3880
1998	3873
1998	3833
1998	3773
1998	3631
1998	3452
1998	3330
1998	3316
1998	3140
1998	3114
1998	3110
1998	2916
1998	2837
1998	2743
1998	2732
1998	2648
1998	2593
1998	2570
1998	2565
1998	2520
1998	2487
1998	2405
1998	2354
1998	2354
1998	2306
1998	2285
1998	2247
1998	2226
1998	2214
1998	2048
1998	2007
1998	1893
1998	1834
1998	1575
1998	1545
1998	1533
1998	1500
1998	1432
1998	1419
1998	1261
1998	1238
1998	1231
1998	1200
1998	1168
1998	1149
1998	1100
1998	1084
1998	1036
1998	1028
1998	1002
1998	975
1998	944
1998	850
1998	838
1998	820
1998	804
1998	795
1998	794
1998	767
1998	670
1998	649
1998	636
1998	634
1998	569
1998	547
1998	525
1998	520
1998	506
1998	424
1998	424
1998	414
1998	374
1998	364
1998	328
1998	297
1998	294
1998	287
1998	282
1998	254
1998	204
1998	194
1998	167
1998	165
1998	164
1998	140
1998	136
1998	125
1998	109
1998	108
1998	94
1998	93
1998	83
1998	82
1998	82
1998	75
1998	71
1998	66
1998	65
1998	60
1998	53
1998	50
1998	48
1998	46
1998	42
1998	40
1998	38
1998	38
1998	32
1998	32
1998	30
1998	29
1998	29
1998	27
1998	23
1998	22
1998	20
1998	17
1998	14
1998	12
1998	11
1998	10
1998	9
1998	7
1998	7
1998	7
1998	7
1998	6
1998	6
1998	5
1998	5
1998	3
1998	3
1998	2
1998	2
1998	1
1998	1
1998	1
1999	837666
1999	751769
1999	124160
1999	97700
1999	94822
1999	70316
1999	59392
1999	59205
1999	54479
1999	43796
1999	43091
1999	39338
1999	39200
1999	38035
1999	34147
1999	33517
1999	32320
1999	25912
1999	25172
1999	24502
1999	23497
1999	22433
1999	22412
1999	22160
1999	20748
1999	20665
1999	19239
1999	18678
1999	17786
1999	16254
1999	15616
1999	15270
1999	14683
1999	13939
1999	13356
1999	12775
1999	12700
1999	12440
1999	12321
1999	11034
1999	10889
1999	10633
1999	10465
1999	10221
1999	9896
1999	9516
1999	9431
1999	9308
1999	9255
1999	9229
1999	8976
1999	8850
1999	8266
1999	7931
1999	7821
1999	7543
1999	7402
1999	7022
1999	6974
1999	6619
1999	6612
1999	6455
1999	6326
1999	6115
1999	6066
1999	5778
1999	5700
1999	5553
1999	5541
1999	5085
1999	4891
1999	4761
1999	4540
1999	4468
1999	4414
1999	4128
1999	3987
1999	3922
1999	3916
1999	3779
1999	3710
1999	3630
1999	3456
1999	3355
1999	3309
1999	3168
1999	3143
1999	3082
1999	2983
1999	2920
1999	2734
1999	2722
1999	2656
1999	2608
1999	2527
1999	2527
1999	2478
1999	2473
1999	2423
1999	2371
1999	2359
1999	2292
1999	2273
1999	2268
1999	2268
1999	2192
1999	2061
1999	2023
1999	1901
1999	1812
1999	1591
1999	1560
1999	1542
1999	1542
1999	1518
1999	1417
1999	1285
1999	1262
1999	1237
1999	1218
1999	1161
1999	1151
1999	1086
1999	1085
1999	1035
1999	1026
1999	1024
1999	976
1999	933
1999	875
1999	855
1999	822
1999	811
1999	810
1999	796
1999	765
1999	678
1999	654
1999	639
1999	627
1999	585
1999	549
1999	524
1999	521
1999	510
1999	424
1999	421
1999	420
1999	372
1999	368
1999	336
1999	308
1999	291
1999	291
1999	250
1999	241
1999	204
1999	196
1999	170
1999	166
1999	164
1999	143
1999	137
1999	128
1999	111
1999	111
1999	98
1999	94
1999	84
1999	83
1999	78
1999	75
1999	73
1999	66
1999	65
1999	60
1999	53
1999	51
1999	48
1999	47
1999	46
1999	40
1999	40
1999	38
1999	34
1999	31
1999	30
1999	30
1999	29
1999	27
1999	23
1999	22
1999	19
1999	17
1999	14
1999	12
1999	11
1999	10
1999	8
1999	7
1999	7
1999	7
1999	6
1999	6
1999	5
1999	5
1999	5
1999	3
1999	3
1999	2
1999	2
1999	1
1999	1
1999	1
2000	829407
2000	762340
2000	123768
2000	99021
2000	96631
2000	71101
2000	59472
2000	59073
2000	55807
2000	43730
2000	43486
2000	40209
2000	39111
2000	38697
2000	34818
2000	32806
2000	32461
2000	26445
2000	25267
2000	25087
2000	23393
2000	22766
2000	22435
2000	22179
2000	21288
2000	21123
2000	19296
2000	18679
2000	18240
2000	16063
2000	15778
2000	15502
2000	14664
2000	13643
2000	13436
2000	13068
2000	12707
2000	12615
2000	12271
2000	11197
2000	11104
2000	10741
2000	10429
2000	10343
2000	10100
2000	9564
2000	9525
2000	9372
2000	9362
2000	9292
2000	9155
2000	8903
2000	8287
2000	8095
2000	7861
2000	7683
2000	7675
2000	7104
2000	6983
2000	6972
2000	6651
2000	6539
2000	6300
2000	6294
2000	6166
2000	5847
2000	5754
2000	5671
2000	5568
2000	5027
2000	4901
2000	4713
2000	4669
2000	4538
2000	4424
2000	4149
2000	4040
2000	4019
2000	3958
2000	3680
2000	3647
2000	3617
2000	3458
2000	3392
2000	3287
2000	3211
2000	3171
2000	3043
2000	3025
2000	3016
2000	2738
2000	2709
2000	2672
2000	2664
2000	2490
2000	2462
2000	2460
2000	2441
2000	2440
2000	2387
2000	2366
2000	2308
2000	2297
2000	2276
2000	2248
2000	2167
2000	2097
2000	2001
2000	1912
2000	1790
2000	1605
2000	1586
2000	1585
2000	1572
2000	1554
2000	1415
2000	1307
2000	1282
2000	1244
2000	1236
2000	1156
2000	1152
2000	1087
2000	1074
2000	1050
2000	1040
2000	1011
2000	978
2000	922
2000	897
2000	872
2000	823
2000	822
2000	816
2000	796
2000	762
2000	686
2000	660
2000	644
2000	629
2000	599
2000	553
2000	524
2000	523
2000	515
2000	426
2000	423
2000	419
2000	381
2000	345
2000	318
2000	296
2000	294
2000	288
2000	245
2000	204
2000	204
2000	198
2000	175
2000	165
2000	164
2000	145
2000	138
2000	131
2000	113
2000	113
2000	101
2000	94
2000	86
2000	83
2000	75
2000	75
2000	74
2000	71
2000	66
2000	65
2000	59
2000	53
2000	53
2000	51
2000	48
2000	48
2000	41
2000	40
2000	39
2000	35
2000	31
2000	30
2000	30
2000	29
2000	28
2000	23
2000	21
2000	18
2000	16
2000	14
2000	12
2000	11
2000	10
2000	8
2000	7
2000	7
2000	6
2000	6
2000	6
2000	5
2000	5
2000	4
2000	3
2000	3
2000	2
2000	2
2000	1
2000	1
2000	1
2001	818470
2001	772765
2001	124112
2001	100295
2001	98269
2001	71908
2001	59708
2001	58711
2001	57135
2001	43870
2001	43634
2001	41086
2001	39383
2001	39058
2001	35579
2001	32516
2001	32097
2001	27000
2001	25691
2001	25314
2001	23261
2001	23103
2001	22426
2001	22177
2001	21945
2001	21500
2001	19350
2001	18844
2001	18712
2001	15974
2001	15874
2001	15711
2001	14654
2001	13503
2001	13374
2001	13257
2001	12806
2001	12716
2001	12226
2001	11508
2001	11168
2001	10853
2001	10456
2001	10361
2001	10306
2001	9732
2001	9644
2001	9468
2001	9440
2001	9351
2001	9284
2001	8824
2001	8279
2001	8263
2001	7945
2001	7899
2001	7846
2001	7211
2001	7198
2001	6964
2001	6828
2001	6498
2001	6495
2001	6286
2001	6271
2001	5947
2001	5812
2001	5808
2001	5546
2001	4967
2001	4907
2001	4798
2001	4665
2001	4593
2001	4431
2001	4164
2001	4124
2001	4123
2001	3999
2001	3590
2001	3584
2001	3583
2001	3456
2001	3424
2001	3265
2001	3237
2001	3196
2001	3124
2001	3094
2001	2968
2001	2765
2001	2742
2001	2706
2001	2672
2001	2455
2001	2453
2001	2446
2001	2409
2001	2402
2001	2397
2001	2372
2001	2346
2001	2318
2001	2257
2001	2224
2001	2139
2001	2110
2001	1984
2001	1926
2001	1767
2001	1631
2001	1626
2001	1617
2001	1579
2001	1569
2001	1414
2001	1327
2001	1299
2001	1254
2001	1252
2001	1153
2001	1152
2001	1089
2001	1071
2001	1065
2001	1042
2001	998
2001	980
2001	913
2001	910
2001	890
2001	833
2001	821
2001	820
2001	793
2001	757
2001	694
2001	667
2001	649
2001	643
2001	608
2001	557
2001	527
2001	525
2001	521
2001	432
2001	421
2001	417
2001	390
2001	353
2001	329
2001	300
2001	290
2001	284
2001	241
2001	203
2001	198
2001	180
2001	171
2001	164
2001	164
2001	148
2001	139
2001	133
2001	115
2001	115
2001	104
2001	95
2001	89
2001	84
2001	76
2001	75
2001	72
2001	71
2001	65
2001	65
2001	59
2001	57
2001	54
2001	54
2001	49
2001	48
2001	43
2001	40
2001	39
2001	36
2001	31
2001	30
2001	29
2001	29
2001	28
2001	23
2001	21
2001	17
2001	16
2001	15
2001	13
2001	11
2001	10
2001	8
2001	7
2001	7
2001	6
2001	6
2001	6
2001	5
2001	5
2001	4
2001	3
2001	3
2001	2
2001	2
2001	1
2001	1
2001	1
2002	805287
2002	783027
2002	125108
2002	101516
2002	99763
2002	72732
2002	59913
2002	58460
2002	58321
2002	44243
2002	43508
2002	41955
2002	40088
2002	39031
2002	36409
2002	32498
2002	31393
2002	27576
2002	26311
2002	25317
2002	23426
2002	23112
2002	22635
2002	22402
2002	22153
2002	21875
2002	19556
2002	19397
2002	18771
2002	16200
2002	15897
2002	15683
2002	14653
2002	13689
2002	13557
2002	13008
2002	12791
2002	12727
2002	12182
2002	11823
2002	11225
2002	10965
2002	10562
2002	10512
2002	10265
2002	9939
2002	9791
2002	9750
2002	9493
2002	9406
2002	9170
2002	8740
2002	8434
2002	8249
2002	8213
2002	8026
2002	7934
2002	7339
2002	7300
2002	6988
2002	6950
2002	6705
2002	6475
2002	6380
2002	6302
2002	6074
2002	5950
2002	5871
2002	5491
2002	4929
2002	4909
2002	4903
2002	4636
2002	4617
2002	4435
2002	4234
2002	4230
2002	4173
2002	4038
2002	3550
2002	3518
2002	3491
2002	3453
2002	3451
2002	3247
2002	3244
2002	3244
2002	3219
2002	3138
2002	2911
2002	2883
2002	2748
2002	2711
2002	2679
2002	2468
2002	2433
2002	2416
2002	2415
2002	2384
2002	2382
2002	2379
2002	2338
2002	2332
2002	2236
2002	2199
2002	2109
2002	2107
2002	1970
2002	1940
2002	1744
2002	1677
2002	1647
2002	1627
2002	1587
2002	1583
2002	1413
2002	1347
2002	1314
2002	1272
2002	1260
2002	1154
2002	1149
2002	1092
2002	1090
2002	1057
2002	1040
2002	985
2002	984
2002	925
2002	908
2002	896
2002	841
2002	825
2002	816
2002	788
2002	752
2002	703
2002	673
2002	666
2002	656
2002	615
2002	561
2002	531
2002	528
2002	526
2002	438
2002	419
2002	416
2002	400
2002	362
2002	340
2002	304
2002	288
2002	280
2002	237
2002	203
2002	198
2002	184
2002	164
2002	163
2002	151
2002	144
2002	140
2002	135
2002	117
2002	116
2002	107
2002	95
2002	91
2002	84
2002	76
2002	75
2002	72
2002	68
2002	65
2002	65
2002	64
2002	58
2002	55
2002	54
2002	51
2002	49
2002	44
2002	40
2002	39
2002	36
2002	32
2002	30
2002	29
2002	29
2002	28
2002	23
2002	21
2002	16
2002	16
2002	14
2002	13
2002	11
2002	10
2002	7
2002	7
2002	7
2002	6
2002	6
2002	6
2002	5
2002	5
2002	4
2002	3
2002	3
2002	2
2002	1
2002	1
2002	1
2002	1
2003	793111
2003	790972
2003	126546
2003	102649
2003	101163
2003	73570
2003	60096
2003	59783
2003	57910
2003	44591
2003	43358
2003	42805
2003	40810
2003	39014
2003	37280
2003	32427
2003	30696
2003	28173
2003	26944
2003	25290
2003	23741
2003	23354
2003	22949
2003	22368
2003	22244
2003	22112
2003	20323
2003	19434
2003	18848
2003	16443
2003	16071
2003	15492
2003	14662
2003	14013
2003	13595
2003	13213
2003	12739
2003	12274
2003	12140
2003	12140
2003	11277
2003	11079
2003	10719
2003	10663
2003	10148
2003	10147
2003	10125
2003	9872
2003	9527
2003	9457
2003	9038
2003	8651
2003	8608
2003	8484
2003	8212
2003	8199
2003	7967
2003	7408
2003	7404
2003	7138
2003	6931
2003	6916
2003	6491
2003	6476
2003	6335
2003	6223
2003	6098
2003	5931
2003	5411
2003	5061
2003	4905
2003	4839
2003	4672
2003	4569
2003	4437
2003	4350
2003	4349
2003	4177
2003	4077
2003	3501
2003	3480
2003	3453
2003	3445
2003	3401
2003	3370
2003	3250
2003	3239
2003	3223
2003	3176
2003	3014
2003	2854
2003	2753
2003	2721
2003	2686
2003	2480
2003	2428
2003	2422
2003	2417
2003	2387
2003	2379
2003	2362
2003	2356
2003	2270
2003	2210
2003	2173
2003	2092
2003	2078
2003	1958
2003	1954
2003	1724
2003	1721
2003	1660
2003	1635
2003	1607
2003	1584
2003	1413
2003	1365
2003	1326
2003	1290
2003	1269
2003	1154
2003	1147
2003	1110
2003	1095
2003	1051
2003	1037
2003	987
2003	972
2003	935
2003	926
2003	883
2003	847
2003	829
2003	811
2003	781
2003	747
2003	711
2003	695
2003	680
2003	663
2003	629
2003	566
2003	536
2003	533
2003	530
2003	444
2003	416
2003	414
2003	410
2003	371
2003	350
2003	308
2003	287
2003	276
2003	232
2003	203
2003	198
2003	187
2003	164
2003	161
2003	155
2003	140
2003	137
2003	122
2003	119
2003	117
2003	110
2003	96
2003	93
2003	84
2003	77
2003	75
2003	72
2003	72
2003	66
2003	65
2003	65
2003	58
2003	56
2003	54
2003	52
2003	50
2003	46
2003	41
2003	39
2003	37
2003	32
2003	31
2003	29
2003	29
2003	28
2003	23
2003	21
2003	16
2003	16
2003	14
2003	13
2003	11
2003	10
2003	7
2003	7
2003	7
2003	6
2003	6
2003	6
2003	5
2003	5
2003	4
2003	3
2003	3
2003	2
2003	1
2003	1
2003	1
2003	1
2004	802997
2004	777083
2004	128081
2004	103651
2004	102539
2004	74415
2004	61107
2004	60266
2004	57490
2004	44898
2004	43622
2004	43193
2004	41541
2004	38988
2004	38149
2004	32334
2004	30007
2004	28792
2004	27585
2004	25255
2004	24099
2004	24059
2004	22778
2004	22600
2004	22331
2004	22057
2004	21066
2004	19456
2004	18929
2004	16687
2004	16245
2004	15303
2004	14681
2004	14342
2004	13615
2004	13414
2004	12752
2004	12462
2004	12101
2004	11749
2004	11325
2004	11192
2004	10929
2004	10759
2004	10473
2004	10367
2004	10015
2004	9993
2004	9554
2004	9503
2004	8903
2004	8784
2004	8763
2004	8555
2004	8388
2004	8134
2004	7998
2004	7503
2004	7477
2004	7290
2004	7121
2004	6907
2004	6604
2004	6490
2004	6388
2004	6376
2004	6248
2004	5994
2004	5319
2004	5194
2004	4898
2004	4781
2004	4709
2004	4519
2004	4469
2004	4465
2004	4436
2004	4179
2004	4118
2004	3506
2004	3496
2004	3450
2004	3439
2004	3390
2004	3313
2004	3257
2004	3256
2004	3212
2004	3201
2004	3142
2004	2796
2004	2757
2004	2734
2004	2695
2004	2492
2004	2452
2004	2439
2004	2413
2004	2395
2004	2374
2004	2343
2004	2341
2004	2211
2004	2179
2004	2149
2004	2072
2004	2047
2004	1968
2004	1947
2004	1771
2004	1698
2004	1679
2004	1642
2004	1626
2004	1585
2004	1414
2004	1385
2004	1338
2004	1308
2004	1278
2004	1154
2004	1144
2004	1132
2004	1098
2004	1046
2004	1034
2004	992
2004	959
2004	946
2004	944
2004	869
2004	854
2004	832
2004	805
2004	774
2004	742
2004	724
2004	719
2004	687
2004	673
2004	663
2004	571
2004	541
2004	540
2004	533
2004	450
2004	421
2004	414
2004	413
2004	381
2004	361
2004	312
2004	286
2004	272
2004	229
2004	202
2004	197
2004	191
2004	164
2004	160
2004	158
2004	141
2004	138
2004	121
2004	118
2004	114
2004	104
2004	96
2004	95
2004	85
2004	79
2004	78
2004	77
2004	73
2004	64
2004	64
2004	63
2004	58
2004	57
2004	54
2004	53
2004	51
2004	48
2004	42
2004	39
2004	38
2004	33
2004	33
2004	29
2004	29
2004	27
2004	23
2004	21
2004	16
2004	15
2004	14
2004	13
2004	11
2004	10
2004	7
2004	7
2004	7
2004	6
2004	6
2004	6
2004	5
2004	5
2004	5
2004	3
2004	3
2004	2
2004	1
2004	1
2004	1
2004	1
2005	812665
2005	764756
2005	129450
2005	104496
2005	103943
2005	75261
2005	62435
2005	60430
2005	57070
2005	45153
2005	44396
2005	43022
2005	42276
2005	38985
2005	38938
2005	32242
2005	29433
2005	29329
2005	28227
2005	25228
2005	24864
2005	24387
2005	22939
2005	22601
2005	22293
2005	21993
2005	21730
2005	19460
2005	19003
2005	16919
2005	16431
2005	15114
2005	14711
2005	14674
2005	13614
2005	13604
2005	12788
2005	12763
2005	12063
2005	11371
2005	11304
2005	11251
2005	11140
2005	10852
2005	10834
2005	10600
2005	10102
2005	9879
2005	9581
2005	9545
2005	9056
2005	8961
2005	8776
2005	8543
2005	8453
2005	8061
2005	8028
2005	7592
2005	7588
2005	7451
2005	7314
2005	6880
2005	6716
2005	6561
2005	6509
2005	6417
2005	6400
2005	6058
2005	5328
2005	5226
2005	4886
2005	4752
2005	4731
2005	4579
2005	4574
2005	4468
2005	4433
2005	4178
2005	4162
2005	3615
2005	3533
2005	3435
2005	3401
2005	3330
2005	3273
2005	3273
2005	3256
2005	3248
2005	3228
2005	3178
2005	2758
2005	2746
2005	2736
2005	2706
2005	2502
2005	2488
2005	2449
2005	2409
2005	2405
2005	2390
2005	2320
2005	2308
2005	2155
2005	2141
2005	2128
2005	2051
2005	2016
2005	1981
2005	1934
2005	1816
2005	1717
2005	1673
2005	1647
2005	1643
2005	1585
2005	1416
2005	1407
2005	1351
2005	1327
2005	1286
2005	1159
2005	1155
2005	1139
2005	1101
2005	1041
2005	1033
2005	997
2005	963
2005	958
2005	946
2005	863
2005	856
2005	834
2005	800
2005	767
2005	747
2005	738
2005	727
2005	722
2005	693
2005	684
2005	577
2005	549
2005	543
2005	535
2005	455
2005	432
2005	412
2005	412
2005	390
2005	371
2005	316
2005	285
2005	268
2005	225
2005	201
2005	196
2005	194
2005	164
2005	162
2005	159
2005	142
2005	140
2005	123
2005	120
2005	117
2005	97
2005	96
2005	89
2005	85
2005	85
2005	84
2005	78
2005	73
2005	64
2005	64
2005	60
2005	58
2005	58
2005	54
2005	54
2005	52
2005	49
2005	42
2005	39
2005	39
2005	38
2005	33
2005	30
2005	29
2005	26
2005	23
2005	21
2005	16
2005	15
2005	14
2005	13
2005	12
2005	10
2005	8
2005	7
2005	6
2005	6
2005	6
2005	5
2005	5
2005	5
2005	4
2005	3
2005	3
2005	2
2005	1
2005	1
2005	1
2005	1
2006	822090
2006	754442
2006	130571
2006	105385
2006	105165
2006	76108
2006	63768
2006	60592
2006	56650
2006	45350
2006	45122
2006	43012
2006	42843
2006	39781
2006	38861
2006	32155
2006	30097
2006	28870
2006	28666
2006	25649
2006	25211
2006	24726
2006	23258
2006	22417
2006	22297
2006	22258
2006	21922
2006	19446
2006	19066
2006	17135
2006	16632
2006	15010
2006	14929
2006	14751
2006	13782
2006	13589
2006	13118
2006	12772
2006	12026
2006	11415
2006	11414
2006	11355
2006	11212
2006	10942
2006	10847
2006	10792
2006	10196
2006	9737
2006	9609
2006	9582
2006	9363
2006	9140
2006	8673
2006	8658
2006	8344
2006	8055
2006	7978
2006	7747
2006	7671
2006	7623
2006	7493
2006	6849
2006	6828
2006	6742
2006	6552
2006	6533
2006	6457
2006	6125
2006	5462
2006	5137
2006	4870
2006	4805
2006	4693
2006	4663
2006	4451
2006	4428
2006	4416
2006	4210
2006	4175
2006	3726
2006	3561
2006	3433
2006	3355
2006	3350
2006	3304
2006	3287
2006	3283
2006	3274
2006	3155
2006	3146
2006	2757
2006	2756
2006	2720
2006	2675
2006	2526
2006	2511
2006	2458
2006	2416
2006	2409
2006	2407
2006	2298
2006	2273
2006	2110
2006	2102
2006	2096
2006	2031
2006	1992
2006	1986
2006	1921
2006	1861
2006	1776
2006	1659
2006	1652
2006	1648
2006	1586
2006	1431
2006	1420
2006	1364
2006	1346
2006	1294
2006	1191
2006	1155
2006	1133
2006	1103
2006	1035
2006	1033
2006	1002
2006	982
2006	972
2006	933
2006	874
2006	844
2006	836
2006	809
2006	796
2006	764
2006	759
2006	735
2006	734
2006	699
2006	696
2006	582
2006	560
2006	544
2006	536
2006	460
2006	443
2006	412
2006	411
2006	400
2006	382
2006	319
2006	283
2006	265
2006	239
2006	221
2006	200
2006	197
2006	194
2006	165
2006	164
2006	157
2006	143
2006	142
2006	125
2006	121
2006	121
2006	99
2006	96
2006	94
2006	89
2006	85
2006	78
2006	77
2006	74
2006	64
2006	64
2006	59
2006	58
2006	57
2006	55
2006	54
2006	53
2006	51
2006	44
2006	43
2006	40
2006	39
2006	34
2006	30
2006	29
2006	25
2006	23
2006	21
2006	15
2006	15
2006	14
2006	13
2006	12
2006	10
2006	8
2006	7
2006	6
2006	6
2006	6
2006	5
2006	5
2006	5
2006	4
2006	3
2006	3
2006	2
2006	1
2006	1
2006	1
2006	1
2007	831257
2007	745844
2007	131503
2007	106851
2007	105679
2007	76956
2007	65106
2007	60752
2007	56230
2007	45801
2007	45490
2007	43750
2007	42651
2007	40547
2007	38761
2007	32071
2007	30787
2007	29515
2007	28024
2007	26455
2007	25199
2007	25070
2007	23559
2007	22794
2007	22227
2007	22222
2007	21843
2007	19416
2007	19119
2007	17337
2007	16846
2007	15350
2007	14802
2007	14747
2007	13948
2007	13542
2007	13451
2007	12780
2007	11992
2007	11604
2007	11573
2007	11524
2007	11453
2007	11106
2007	11030
2007	10369
2007	10276
2007	9684
2007	9639
2007	9615
2007	9589
2007	9320
2007	8782
2007	8543
2007	8232
2007	8081
2007	7941
2007	7889
2007	7807
2007	7740
2007	7660
2007	6938
2007	6930
2007	6815
2007	6705
2007	6562
2007	6498
2007	6197
2007	5597
2007	5048
2007	4865
2007	4851
2007	4804
2007	4739
2007	4421
2007	4419
2007	4363
2007	4262
2007	4171
2007	3829
2007	3590
2007	3432
2007	3429
2007	3346
2007	3316
2007	3311
2007	3298
2007	3220
2007	3131
2007	3067
2007	2767
2007	2751
2007	2737
2007	2612
2007	2565
2007	2521
2007	2466
2007	2427
2007	2423
2007	2413
2007	2276
2007	2240
2007	2096
2007	2054
2007	2047
2007	2008
2007	2002
2007	1959
2007	1907
2007	1904
2007	1852
2007	1672
2007	1655
2007	1621
2007	1586
2007	1457
2007	1424
2007	1377
2007	1365
2007	1300
2007	1226
2007	1155
2007	1125
2007	1105
2007	1036
2007	1029
2007	1008
2007	1001
2007	989
2007	921
2007	918
2007	888
2007	838
2007	833
2007	792
2007	776
2007	752
2007	740
2007	732
2007	711
2007	706
2007	587
2007	571
2007	544
2007	537
2007	464
2007	455
2007	412
2007	411
2007	409
2007	392
2007	321
2007	282
2007	262
2007	239
2007	218
2007	201
2007	198
2007	193
2007	168
2007	163
2007	156
2007	144
2007	143
2007	126
2007	125
2007	122
2007	107
2007	101
2007	97
2007	92
2007	85
2007	79
2007	75
2007	67
2007	64
2007	63
2007	60
2007	57
2007	56
2007	56
2007	54
2007	54
2007	52
2007	52
2007	43
2007	41
2007	39
2007	34
2007	30
2007	29
2007	24
2007	23
2007	21
2007	15
2007	14
2007	14
2007	13
2007	12
2007	10
2007	9
2007	7
2007	6
2007	6
2007	5
2007	5
2007	5
2007	5
2007	4
2007	3
2007	3
2007	2
2007	1
2007	1
2007	1
2007	1
2008	840156
2008	738429
2008	132279
2008	108332
2008	106099
2008	77807
2008	66447
2008	60905
2008	55810
2008	46441
2008	45579
2008	44483
2008	42445
2008	41288
2008	38640
2008	31988
2008	31501
2008	30168
2008	27408
2008	27279
2008	25416
2008	25189
2008	23844
2008	23261
2008	22183
2008	22032
2008	21753
2008	19367
2008	19156
2008	17526
2008	17067
2008	15696
2008	14856
2008	14565
2008	14104
2008	13786
2008	13479
2008	12784
2008	12010
2008	11957
2008	11792
2008	11631
2008	11488
2008	11378
2008	11117
2008	10339
2008	10017
2008	9979
2008	9673
2008	9644
2008	9500
2008	9439
2008	8875
2008	8432
2008	8160
2008	8120
2008	8106
2008	8001
2008	7818
2008	7811
2008	7802
2008	7119
2008	7048
2008	6858
2008	6780
2008	6593
2008	6537
2008	6274
2008	5732
2008	4961
2008	4931
2008	4915
2008	4829
2008	4805
2008	4411
2008	4391
2008	4315
2008	4308
2008	4164
2008	3926
2008	3619
2008	3495
2008	3432
2008	3396
2008	3348
2008	3307
2008	3269
2008	3169
2008	3108
2008	2990
2008	2776
2008	2753
2008	2744
2008	2605
2008	2549
2008	2529
2008	2473
2008	2439
2008	2438
2008	2419
2008	2254
2008	2206
2008	2083
2008	2011
2008	2008
2008	1995
2008	1984
2008	1946
2008	1936
2008	1932
2008	1892
2008	1683
2008	1657
2008	1594
2008	1587
2008	1484
2008	1429
2008	1391
2008	1383
2008	1306
2008	1263
2008	1156
2008	1116
2008	1106
2008	1039
2008	1032
2008	1022
2008	1021
2008	1014
2008	1006
2008	909
2008	903
2008	839
2008	822
2008	788
2008	785
2008	746
2008	744
2008	731
2008	725
2008	711
2008	593
2008	583
2008	543
2008	538
2008	468
2008	467
2008	419
2008	413
2008	410
2008	402
2008	324
2008	281
2008	259
2008	241
2008	215
2008	204
2008	197
2008	192
2008	172
2008	162
2008	155
2008	145
2008	144
2008	129
2008	128
2008	123
2008	121
2008	103
2008	97
2008	94
2008	86
2008	79
2008	75
2008	64
2008	63
2008	60
2008	60
2008	58
2008	56
2008	56
2008	54
2008	54
2008	54
2008	53
2008	44
2008	42
2008	39
2008	35
2008	30
2008	29
2008	24
2008	22
2008	21
2008	15
2008	14
2008	14
2008	14
2008	12
2008	9
2008	9
2008	7
2008	6
2008	6
2008	5
2008	5
2008	5
2008	5
2008	4
2008	3
2008	3
2008	2
2008	1
2008	1
2008	1
2008	1
2009	848778
2009	731312
2009	132977
2009	109814
2009	106507
2009	78662
2009	67790
2009	61043
2009	55394
2009	47056
2009	45629
2009	45206
2009	42218
2009	42015
2009	38505
2009	32243
2009	31907
2009	30837
2009	28122
2009	26820
2009	25755
2009	25174
2009	24117
2009	23754
2009	22137
2009	21834
2009	21647
2009	19295
2009	19171
2009	17705
2009	17286
2009	16047
2009	14905
2009	14379
2009	14254
2009	14123
2009	13410
2009	12784
2009	12428
2009	12014
2009	11922
2009	11736
2009	11661
2009	11517
2009	11206
2009	10386
2009	10361
2009	9712
2009	9680
2009	9668
2009	9612
2009	9288
2009	8957
2009	8390
2009	8321
2009	8204
2009	8130
2009	8009
2009	7972
2009	7861
2009	7765
2009	7298
2009	7159
2009	7011
2009	6744
2009	6623
2009	6573
2009	6359
2009	5866
2009	5023
2009	4999
2009	4875
2009	4864
2009	4806
2009	4398
2009	4368
2009	4362
2009	4252
2009	4155
2009	4023
2009	3649
2009	3555
2009	3446
2009	3431
2009	3379
2009	3315
2009	3227
2009	3120
2009	3084
2009	2917
2009	2783
2009	2767
2009	2735
2009	2646
2009	2538
2009	2488
2009	2479
2009	2454
2009	2450
2009	2424
2009	2232
2009	2173
2009	2070
2009	2017
2009	2016
2009	1987
2009	1966
2009	1959
2009	1943
2009	1907
2009	1877
2009	1693
2009	1658
2009	1587
2009	1567
2009	1509
2009	1434
2009	1404
2009	1397
2009	1311
2009	1298
2009	1156
2009	1130
2009	1106
2009	1106
2009	1043
2009	1041
2009	1025
2009	1020
2009	1014
2009	918
2009	898
2009	839
2009	811
2009	795
2009	785
2009	751
2009	738
2009	737
2009	729
2009	717
2009	598
2009	594
2009	541
2009	538
2009	480
2009	471
2009	429
2009	414
2009	412
2009	410
2009	326
2009	279
2009	256
2009	242
2009	213
2009	208
2009	195
2009	191
2009	175
2009	161
2009	153
2009	147
2009	145
2009	134
2009	133
2009	130
2009	124
2009	105
2009	97
2009	95
2009	86
2009	79
2009	75
2009	68
2009	64
2009	63
2009	61
2009	57
2009	56
2009	55
2009	54
2009	54
2009	52
2009	51
2009	44
2009	43
2009	39
2009	35
2009	31
2009	29
2009	23
2009	22
2009	21
2009	15
2009	14
2009	14
2009	14
2009	12
2009	10
2009	9
2009	7
2009	5
2009	5
2009	5
2009	5
2009	5
2009	5
2009	4
2009	3
2009	3
2009	2
2009	1
2009	1
2009	1
2009	1
2010	857109
2010	723826
2010	133655
2010	111281
2010	106959
2010	79524
2010	69129
2010	61161
2010	54981
2010	47654
2010	45913
2010	45647
2010	42734
2010	41968
2010	38360
2010	33011
2010	31825
2010	31527
2010	28981
2010	26261
2010	26086
2010	25148
2010	24381
2010	24313
2010	22081
2010	21635
2010	21523
2010	19200
2010	19158
2010	17874
2010	17497
2010	16403
2010	14944
2010	14460
2010	14401
2010	14186
2010	13343
2010	12858
2010	12778
2010	12238
2010	11955
2010	11883
2010	11837
2010	11541
2010	11295
2010	10714
2010	10415
2010	9859
2010	9758
2010	9686
2010	9261
2010	9139
2010	9034
2010	8621
2010	8416
2010	8211
2010	8154
2010	8126
2010	7918
2010	7904
2010	7762
2010	7461
2010	7272
2010	7164
2010	6711
2010	6650
2010	6605
2010	6452
2010	5999
2010	5129
2010	5068
2010	4920
2010	4788
2010	4781
2010	4417
2010	4383
2010	4331
2010	4195
2010	4143
2010	4120
2010	3678
2010	3615
2010	3491
2010	3429
2010	3409
2010	3322
2010	3185
2010	3074
2010	3059
2010	2847
2010	2789
2010	2776
2010	2724
2010	2687
2010	2546
2010	2485
2010	2470
2010	2460
2010	2428
2010	2425
2010	2211
2010	2139
2010	2084
2010	2057
2010	2026
2010	2022
2010	1932
2010	1926
2010	1895
2010	1882
2010	1861
2010	1701
2010	1658
2010	1588
2010	1541
2010	1532
2010	1437
2010	1416
2010	1405
2010	1329
2010	1316
2010	1198
2010	1155
2010	1107
2010	1097
2010	1061
2010	1047
2010	1044
2010	1025
2010	1005
2010	933
2010	886
2010	838
2010	808
2010	800
2010	780
2010	756
2010	750
2010	729
2010	727
2010	723
2010	604
2010	603
2010	539
2010	539
2010	492
2010	474
2010	438
2010	422
2010	414
2010	409
2010	328
2010	277
2010	253
2010	243
2010	211
2010	210
2010	193
2010	189
2010	178
2010	161
2010	152
2010	149
2010	146
2010	144
2010	137
2010	131
2010	126
2010	107
2010	97
2010	96
2010	86
2010	80
2010	75
2010	73
2010	63
2010	62
2010	62
2010	57
2010	56
2010	55
2010	55
2010	55
2010	51
2010	46
2010	44
2010	44
2010	39
2010	35
2010	31
2010	29
2010	22
2010	22
2010	21
2010	15
2010	14
2010	14
2010	14
2010	12
2010	10
2010	9
2010	7
2010	5
2010	5
2010	5
2010	5
2010	5
2010	5
2010	3
2010	3
2010	2
2010	2
2010	1
2010	1
2010	1
2010	1
2011	865130
2011	715845
2011	134303
2011	112733
2011	107474
2011	80389
2011	70464
2011	61257
2011	54572
2011	48237
2011	46599
2011	45634
2011	43447
2011	41693
2011	38204
2011	33805
2011	32238
2011	31744
2011	29856
2011	26406
2011	25734
2011	25112
2011	24948
2011	24635
2011	22015
2011	21436
2011	21378
2011	19116
2011	19080
2011	18034
2011	17697
2011	16764
2011	14970
2011	14798
2011	14543
2011	13985
2011	13298
2011	13281
2011	12765
2011	12463
2011	12260
2011	11935
2011	11840
2011	11559
2011	11386
2011	11075
2011	10426
2011	10036
2011	9812
2011	9700
2011	9105
2011	8994
2011	8927
2011	8850
2011	8636
2011	8280
2011	8177
2011	8102
2011	7974
2011	7810
2011	7803
2011	7604
2011	7388
2011	7317
2011	6680
2011	6671
2011	6633
2011	6554
2011	6132
2011	5233
2011	5137
2011	4973
2011	4755
2011	4702
2011	4461
2011	4365
2011	4295
2011	4219
2011	4137
2011	4129
2011	3707
2011	3673
2011	3531
2011	3438
2011	3425
2011	3329
2011	3143
2011	3035
2011	3030
2011	2793
2011	2781
2011	2780
2011	2729
2011	2710
2011	2554
2011	2491
2011	2487
2011	2467
2011	2424
2011	2371
2011	2191
2011	2139
2011	2105
2011	2064
2011	2041
2011	2024
2011	1905
2011	1889
2011	1857
2011	1852
2011	1844
2011	1708
2011	1657
2011	1588
2011	1552
2011	1515
2011	1438
2011	1427
2011	1407
2011	1354
2011	1319
2011	1233
2011	1155
2011	1108
2011	1089
2011	1080
2011	1064
2011	1049
2011	1029
2011	996
2011	947
2011	875
2011	837
2011	824
2011	789
2011	775
2011	760
2011	760
2011	729
2011	725
2011	721
2011	613
2011	607
2011	539
2011	538
2011	504
2011	477
2011	448
2011	433
2011	414
2011	408
2011	329
2011	275
2011	251
2011	244
2011	214
2011	208
2011	191
2011	188
2011	182
2011	160
2011	150
2011	150
2011	150
2011	147
2011	141
2011	133
2011	127
2011	109
2011	98
2011	97
2011	86
2011	80
2011	77
2011	75
2011	63
2011	62
2011	62
2011	57
2011	57
2011	56
2011	55
2011	55
2011	49
2011	45
2011	45
2011	41
2011	38
2011	36
2011	31
2011	29
2011	22
2011	22
2011	21
2011	15
2011	14
2011	13
2011	13
2011	12
2011	11
2011	9
2011	7
2011	5
2011	5
2011	5
2011	5
2011	5
2011	5
2011	3
2011	2
2011	2
2011	2
2011	1
2011	1
2011	1
2011	1
