1975	641903.04
1975	545366.95
1975	316227.02
1975	231707.59
1975	158674.33
1975	132501.83
1975	128467.85
1975	120501.84
1975	108443.3
1975	99390.57
1975	92845.01
1975	85227.7
1975	83804.59
1975	82001.12
1975	66253.2
1975	61172.06
1975	61055.77
1975	58864.22
1975	52551.13
1975	52024.71
1975	50966.82
1975	49657.58
1975	49017.81
1975	42421.53
1975	38254.44
1975	31036.84
1975	30525.52
1975	27894.23
1975	26840.7
1975	25750.58
1975	24125.54
1975	23102.43
1975	22188.85
1975	22004.79
1975	21931.53
1975	21018.94
1975	19352.35
1975	19332.62
1975	18871.83
1975	18859.98
1975	18439.06
1975	17325.52
1975	17287.9
1975	16947.79
1975	16380.74
1975	16377.58
1975	15691.83
1975	14197.95
1975	14109.97
1975	13632.74
1975	13619.55
1975	13395.1
1975	13297.51
1975	13177.51
1975	12920.78
1975	12383.38
1975	12132.9
1975	11437.4
1975	9979.47
1975	9106.28
1975	8735.19
1975	8340.65
1975	8086.34
1975	7649.4
1975	7598.57
1975	7281.46
1975	7280.78
1975	6964.44
1975	6824.33
1975	6669.46
1975	6286.35
1975	6147.35
1975	5606.73
1975	5572.59
1975	5455.56
1975	5246.93
1975	4884.5
1975	4853.34
1975	4786.85
1975	4616.83
1975	4570.91
1975	4479.21
1975	4379.98
1975	4374.75
1975	4131.17
1975	4081.48
1975	3890.61
1975	3847.88
1975	3780.3
1975	3620.09
1975	3479.31
1975	3400.28
1975	2828.24
1975	2769.21
1975	2759.31
1975	2542.08
1975	2502.72
1975	2324.59
1975	2155.74
1975	2124.7
1975	2122.14
1975	2043.46
1975	1773.27
1975	1693.79
1975	1671.34
1975	1665.1
1975	1517.18
1975	1489.25
1975	1442.04
1975	1390.19
1975	1204.09
1975	1120.95
1975	1074.16
1975	1017.42
1975	1011.6
1975	983.14
1975	911.2
1975	825.88
1975	819.94
1975	801.16
1975	799.8
1975	766.6
1975	727.59
1975	670.68
1975	568.55
1975	540.28
1975	539.95
1975	460.41
1975	443.16
1975	440.3
1975	423.82
1975	418.9
1975	346.38
1975	328.33
1975	322.91
1975	321.81
1975	237.51
1975	229.64
1975	216.23
1975	206.69
1975	197.82
1975	196.84
1975	160.4
1975	158.19
1975	143.2
1975	142.14
1975	133.5
1975	104.71
1975	96.7
1975	91.26
1975	88.86
1975	79.89
1975	65.9
1975	64.54
1975	64.43
1975	58.89
1975	57.89
1975	50.9
1975	44.42
1975	44.38
1975	37.28
1975	29.72
1975	27.09
1975	26.87
1975	23.3
1975	20.66
1975	18.45
1975	18.11
1975	15.54
1975	13.64
1975	13.55
1975	13.43
1975	11.93
1975	11.78
1975	11.35
1975	10.58
1975	8.5
1975	8.44
1975	5.12
1975	2.5
1975	0.45
1976	635676.56
1976	549487
1976	325369.07
1976	234193.04
1976	174377.64
1976	131726.96
1976	128736.68
1976	126534.94
1976	108812
1976	96714.41
1976	96572.01
1976	87359.24
1976	85257.62
1976	85163.17
1976	67609.19
1976	62771.04
1976	60421.08
1976	59888.29
1976	52192.15
1976	51365.04
1976	51177.18
1976	50628.6
1976	49180.77
1976	42734.36
1976	40463.37
1976	31637.04
1976	30222.98
1976	28658.51
1976	27090.64
1976	25015.2
1976	23325.74
1976	22373.5
1976	22171.56
1976	22159.33
1976	21975.54
1976	21499.44
1976	19478.75
1976	19254.6
1976	18982.78
1976	18565.59
1976	18537.27
1976	17438.4
1976	16986.15
1976	16953.04
1976	16817.88
1976	16590.01
1976	15712.42
1976	14731.97
1976	14464.53
1976	14260.77
1976	13815.37
1976	13691.42
1976	13681.36
1976	13461.27
1976	13139.11
1976	12439.69
1976	12353.51
1976	11358.74
1976	10647
1976	9337.27
1976	8877.66
1976	8336.39
1976	8049.54
1976	7914.8
1976	7631.77
1976	7331.9
1976	7300.26
1976	7227.99
1976	7144.63
1976	6845.16
1976	6443.21
1976	6105.42
1976	5740.18
1976	5737.75
1976	5489.31
1976	5170
1976	5067.52
1976	5012.38
1976	4794.11
1976	4650.11
1976	4647.81
1976	4626.23
1976	4621
1976	4456.12
1976	4424.41
1976	4255.24
1976	4030.59
1976	3849.92
1976	3823.2
1976	3797.31
1976	3775.39
1976	3462.39
1976	2864.61
1976	2848.28
1976	2689.59
1976	2510.16
1976	2232.41
1976	2217.78
1976	2209.41
1976	2191.22
1976	2183.51
1976	2059.94
1976	1820.94
1976	1810.31
1976	1710.69
1976	1693.15
1976	1565.47
1976	1523.08
1976	1516.76
1976	1437.09
1976	1176.07
1976	1148.95
1976	1049.44
1976	1034.51
1976	1030.4
1976	986.53
1976	939.79
1976	863.37
1976	842.17
1976	813.38
1976	768.83
1976	755.14
1976	695.89
1976	682.24
1976	575.49
1976	571.74
1976	543.92
1976	470.54
1976	460.93
1976	445.83
1976	424.07
1976	423.33
1976	365
1976	350.31
1976	332.07
1976	310
1976	245.01
1976	229.73
1976	216.51
1976	209.56
1976	201.12
1976	198.7
1976	169.92
1976	169.15
1976	144.93
1976	142.04
1976	136.42
1976	111.97
1976	98.55
1976	92.33
1976	90.26
1976	80.26
1976	67.79
1976	67.31
1976	67.05
1976	66.62
1976	52.36
1976	51.58
1976	46.35
1976	44.37
1976	37.89
1976	30.16
1976	28.97
1976	25.2
1976	24.02
1976	23.62
1976	22.67
1976	18.32
1976	15.4
1976	13.7
1976	13.59
1976	13.48
1976	11.97
1976	11.78
1976	11.72
1976	11.39
1976	10.93
1976	8.47
1976	5.12
1976	2.59
1976	0.45
1977	629764.78
1977	555062.11
1977	329938.62
1977	236560.45
1977	196696.03
1977	132385.76
1977	130438.41
1977	123435.51
1977	108717.28
1977	97915.11
1977	95992.57
1977	89568.68
1977	87573.66
1977	86679.63
1977	69715.57
1977	64379.03
1977	60319.35
1977	60043.12
1977	52548.97
1977	51377.79
1977	50458.31
1977	50092.32
1977	50076.23
1977	43340.96
1977	42403.36
1977	32205.67
1977	30403.9
1977	28575.71
1977	27129.54
1977	24291.8
1977	23496.54
1977	23275.94
1977	22175.01
1977	22097.22
1977	21982.59
1977	21327.47
1977	19545.73
1977	19435.37
1977	19379.68
1977	19349.52
1977	18594.89
1977	17748.27
1977	17543.57
1977	17157.65
1977	16831.29
1977	16776.21
1977	16326.28
1977	14867.27
1977	14327.83
1977	14180.78
1977	14129.05
1977	14004.51
1977	13912.48
1977	13489.31
1977	13452.99
1977	12912.58
1977	12434.35
1977	11682.57
1977	10565.44
1977	9744.78
1977	8926.54
1977	8568.08
1977	8210.04
1977	8056.08
1977	7722.54
1977	7524.15
1977	7339.47
1977	7242.31
1977	7187.33
1977	6860.18
1977	6474.82
1977	6117.64
1977	5925.59
1977	5857.73
1977	5551.87
1977	5261.77
1977	5203.75
1977	5163.46
1977	4926.91
1977	4909.92
1977	4903.94
1977	4707.78
1977	4661.58
1977	4608.22
1977	4541.89
1977	4345.77
1977	4201.49
1977	4038.12
1977	3901.78
1977	3871.45
1977	3835.32
1977	3550.58
1977	2950.95
1977	2911
1977	2745.11
1977	2516.31
1977	2494.82
1977	2369.02
1977	2320.14
1977	2309.94
1977	2065.93
1977	2065.64
1977	1923.85
1977	1880.44
1977	1722.76
1977	1714.9
1977	1614.64
1977	1521.91
1977	1481.38
1977	1467.12
1977	1193.25
1977	1180.88
1977	1050.29
1977	1034.64
1977	982.8
1977	970.16
1977	910.47
1977	878.73
1977	858.18
1977	828.13
1977	778.52
1977	772
1977	711.79
1977	695.47
1977	607.7
1977	574.25
1977	548.99
1977	490.97
1977	473.74
1977	443.97
1977	430.09
1977	423.52
1977	376.93
1977	368.84
1977	339.11
1977	289.49
1977	250.49
1977	229.74
1977	220.44
1977	216.6
1977	213.94
1977	198.1
1977	175.62
1977	174.57
1977	146.35
1977	140.37
1977	137.92
1977	118.73
1977	99.09
1977	92.66
1977	91.4
1977	80.79
1977	71.89
1977	70.43
1977	69.51
1977	69.08
1977	52.47
1977	47.53
1977	44.17
1977	43.51
1977	39.73
1977	38.47
1977	30.56
1977	25.9
1977	24.16
1977	23.98
1977	23.19
1977	18.6
1977	15.78
1977	13.88
1977	13.72
1977	12.69
1977	12.53
1977	12.04
1977	11.78
1977	11.68
1977	10.96
1977	8.48
1977	4.35
1977	2.64
1977	0.45
1978	638218.4
1978	564458.9
1978	336735.25
1978	241168.06
1978	206865.46
1978	133289.54
1978	132482.31
1978	119633.71
1978	109649.77
1978	98959.33
1978	95194.5
1978	91139.43
1978	90048.25
1978	82972.53
1978	70685.14
1978	65440
1978	61525.92
1978	59633.2
1978	57890.86
1978	52777.6
1978	51399.71
1978	50856.85
1978	50033.51
1978	43739.7
1978	43556.9
1978	32695.32
1978	30601.47
1978	28368.09
1978	27173.51
1978	23925.21
1978	23838.76
1978	23698.89
1978	22846.25
1978	22367.6
1978	22315.18
1978	21852.74
1978	20030.51
1978	19825.42
1978	19824.54
1978	19270.11
1978	18696.67
1978	17986.28
1978	17692.08
1978	17351.82
1978	17037.44
1978	16764.25
1978	16536.92
1978	15092.01
1978	14775.19
1978	14650.77
1978	14403.68
1978	14049.29
1978	13972.91
1978	13787.34
1978	13694.25
1978	13231.14
1978	12777.48
1978	12724.91
1978	10542.58
1978	9018.59
1978	9009.79
1978	8767.88
1978	8578.64
1978	8020.29
1978	7922.76
1978	7375.31
1978	7134.02
1978	7047.9
1978	7046.42
1978	7040.27
1978	6771.08
1978	6342.66
1978	6277.92
1978	6242.77
1978	5647.44
1978	5441.85
1978	5380.78
1978	5225.34
1978	5101.27
1978	4997.1
1978	4994.39
1978	4926.32
1978	4686.75
1978	4686.44
1978	4577.41
1978	4506.88
1978	4367.51
1978	4143.86
1978	3944.8
1978	3924.14
1978	3819.27
1978	3605.01
1978	3094.02
1978	2959.17
1978	2821.41
1978	2526.29
1978	2517.16
1978	2497.36
1978	2447.45
1978	2347.24
1978	2208.49
1978	2039.06
1978	1944.24
1978	1815.61
1978	1743.71
1978	1683.45
1978	1648.54
1978	1590.54
1978	1524.2
1978	1518.72
1978	1228.73
1978	1154.53
1978	1077.25
1978	1055.6
1978	1023.61
1978	1011.82
1978	895.3
1978	891.47
1978	859.42
1978	841.46
1978	802.84
1978	794.96
1978	730.34
1978	695.89
1978	644.96
1978	617.16
1978	552.64
1978	519.98
1978	464.9
1978	441.5
1978	433.29
1978	423.5
1978	387.77
1978	378.65
1978	345.89
1978	302.59
1978	253.18
1978	229.74
1978	222.74
1978	218.3
1978	208
1978	197.95
1978	184.74
1978	163
1978	147.55
1978	141.98
1978	141.93
1978	132.49
1978	100.4
1978	99.74
1978	98.39
1978	92.86
1978	81.45
1978	71.76
1978	70.35
1978	67.11
1978	53.34
1978	48.77
1978	48.44
1978	44.1
1978	43.18
1978	39.01
1978	30.86
1978	27.05
1978	26.36
1978	23.25
1978	22.96
1978	19.9
1978	18.91
1978	14.61
1978	13.78
1978	13.57
1978	12.97
1978	12.04
1978	11.78
1978	11.71
1978	10.85
1978	7.94
1978	4.88
1978	2.76
1978	0.45
1979	629657.79
1979	570019.58
1979	345236.51
1979	245981.33
1979	223106.84
1979	137731.08
1979	134262.82
1979	116836.5
1979	110359.14
1979	99882.04
1979	94566.33
1979	94426.8
1979	89553.44
1979	82258.23
1979	71993.86
1979	66858.68
1979	62550.41
1979	60212.96
1979	58477.07
1979	52963.16
1979	52836.67
1979	50975.31
1979	49425.35
1979	45031.25
1979	44985.76
1979	33241.4
1979	30670.59
1979	28182.74
1979	27123.01
1979	24702.16
1979	24575.42
1979	22956.62
1979	22868.46
1979	22557.45
1979	22434.67
1979	22323.99
1979	20730.45
1979	20586.66
1979	19864.26
1979	19491.6
1979	18852.08
1979	18182.41
1979	17732.84
1979	17300.37
1979	16965.28
1979	16802.54
1979	16784.63
1979	15174.24
1979	15095.84
1979	14894.26
1979	14508.01
1979	14247.4
1979	14148.21
1979	14041.06
1979	13988.88
1979	13770.49
1979	13602.47
1979	13055.33
1979	11012.94
1979	9213.7
1979	9104.29
1979	9004.21
1979	8324.58
1979	8194.59
1979	8140.55
1979	8024.56
1979	7374.46
1979	7327.17
1979	7225.15
1979	7066.49
1979	6627.23
1979	6555.31
1979	6541.15
1979	6508.97
1979	5755.66
1979	5643.71
1979	5589.11
1979	5282.35
1979	5216.35
1979	5100
1979	5090.27
1979	4950.18
1979	4725.62
1979	4714.75
1979	4673.58
1979	4554.37
1979	4482.45
1979	4230.77
1979	3997.13
1979	3933.54
1979	3766.32
1979	3635.49
1979	3260.28
1979	3038.63
1979	2872.67
1979	2605.52
1979	2541.24
1979	2530.55
1979	2505.82
1979	2403.06
1979	2215.07
1979	2011.04
1979	1953.95
1979	1814.17
1979	1771.17
1979	1722.94
1979	1695.89
1979	1649.66
1979	1558.42
1979	1548.14
1979	1233.4
1979	1223.02
1979	1104.46
1979	1092.67
1979	988.89
1979	963.93
1979	934.34
1979	925.6
1979	858.86
1979	856.13
1979	834.81
1979	811.15
1979	770.61
1979	719.21
1979	662.33
1979	596.63
1979	556.51
1979	548.7
1979	457.83
1979	440.26
1979	439.56
1979	423.7
1979	390.78
1979	389.07
1979	371.52
1979	281.7
1979	258.09
1979	229.8
1979	224.36
1979	221.13
1979	218.63
1979	197.8
1979	186.27
1979	154.46
1979	150.97
1979	145.11
1979	142.78
1979	133.72
1979	133.03
1979	101.27
1979	100.17
1979	97.92
1979	81.34
1979	73.71
1979	71.66
1979	64.86
1979	54.32
1979	53.11
1979	48.57
1979	44.31
1979	43.91
1979	39.62
1979	33.16
1979	31.37
1979	29.07
1979	24.24
1979	22.35
1979	19.76
1979	19.2
1979	15.8
1979	14.1
1979	13.72
1979	13.33
1979	12.13
1979	12.05
1979	11.78
1979	10.92
1979	7.95
1979	5.07
1979	2.84
1979	0.45
1980	625375.15
1980	574974.72
1980	356754.93
1980	259051.06
1980	250413.69
1980	145103.72
1980	133678.06
1980	115610.26
1980	110526.95
1980	101849.07
1980	97853.83
1980	94804.61
1980	89520.05
1980	81286.11
1980	72514.64
1980	69249.96
1980	63521.9
1980	60794.75
1980	53885.22
1980	53357.88
1980	50908.35
1980	47177.68
1980	45530.76
1980	44404.6
1980	43379.86
1980	33843.58
1980	30048.95
1980	28248.27
1980	27266.54
1980	25764.57
1980	25365.16
1980	24575.34
1980	23390.18
1980	22972.32
1980	22243.55
1980	22002.88
1980	21641.67
1980	21275.48
1980	19908.44
1980	19406.91
1980	18971
1980	18552.86
1980	17673.56
1980	17636.18
1980	17273.75
1980	16821.87
1980	16770.76
1980	15583.1
1980	15337.31
1980	15235.78
1980	14780.75
1980	14564.72
1980	14529.66
1980	14280.3
1980	14140.41
1980	13611.23
1980	12787.19
1980	12612.38
1980	11188.57
1980	9406.77
1980	9350.57
1980	9222.84
1980	9058.43
1980	8524.85
1980	8083.91
1980	7897.94
1980	7412.2
1980	7354.19
1980	7263.26
1980	7134.69
1980	7042.85
1980	6976.42
1980	6531.04
1980	6196.75
1980	5937.48
1980	5851.04
1980	5841.64
1980	5497.88
1980	5436.63
1980	5345.16
1980	5204.39
1980	4875.56
1980	4794.76
1980	4751.92
1980	4743.53
1980	4600.35
1980	4319.25
1980	4313.01
1980	3992.76
1980	3983.12
1980	3751.15
1980	3691.83
1980	3395.11
1980	3015.82
1980	2916.44
1980	2735.96
1980	2575.37
1980	2546.19
1980	2439.01
1980	2418.38
1980	2220.2
1980	2081.9
1980	2018.32
1980	2000.51
1980	1864.99
1980	1785.33
1980	1758.1
1980	1642.18
1980	1631.43
1980	1373.06
1980	1289.95
1980	1268.77
1980	1111.76
1980	1018.29
1980	998.96
1980	995.86
1980	943.85
1980	924.73
1980	873.72
1980	851.81
1980	814.16
1980	811.18
1980	783.85
1980	735.21
1980	684.11
1980	580.54
1980	562.16
1980	560.72
1980	451.01
1980	439.37
1980	438.15
1980	423.9
1980	396.52
1980	389.16
1980	384.41
1980	274.67
1980	266.11
1980	242.56
1980	230.47
1980	229.8
1980	219.84
1980	196.97
1980	189.65
1980	159.76
1980	152.78
1980	146.91
1980	143.69
1980	139.22
1980	131.25
1980	105.04
1980	102.34
1980	97.3
1980	82.69
1980	76.84
1980	71.65
1980	62.8
1980	56.53
1980	55.32
1980	46.11
1980	44.01
1980	43.88
1980	40.25
1980	34.31
1980	33.46
1980	29.7
1980	24.56
1980	22.56
1980	21.88
1980	19.03
1980	18.6
1980	14.4
1980	14.01
1980	12.89
1980	12.52
1980	12.2
1980	12.05
1980	11.25
1980	7.9
1980	5.42
1980	2.83
1980	0.45
1981	627515.7
1981	581838.45
1981	356137.83
1981	261088.17
1981	253993.49
1981	147139.29
1981	134311.4
1981	113455.01
1981	110730.76
1981	103834.51
1981	100728.28
1981	94788.04
1981	90691.71
1981	81517.45
1981	75122.48
1981	70385.33
1981	64194.98
1981	61018.65
1981	54446.65
1981	53578.82
1981	50687.39
1981	50122.99
1981	46271.57
1981	46102
1981	43962.46
1981	34296.26
1981	30268.15
1981	27821.83
1981	27442.56
1981	26061.53
1981	25764.3
1981	25074.07
1981	23524.45
1981	23249.52
1981	23117.47
1981	22490.74
1981	22344.69
1981	21739.79
1981	20777.51
1981	19659.18
1981	19169.37
1981	18696.58
1981	17480.73
1981	17249.34
1981	17048.27
1981	16829.09
1981	16822.46
1981	15842.32
1981	15573.15
1981	15555.33
1981	15197.43
1981	14955.01
1981	14743.39
1981	14409.57
1981	14311.43
1981	13556.83
1981	12791.2
1981	12619.71
1981	11828.2
1981	9610.99
1981	9388.55
1981	9274.75
1981	9213.32
1981	8671.07
1981	8087.49
1981	7975.02
1981	7607.87
1981	7254.27
1981	7172.17
1981	7071.05
1981	6993.47
1981	6501.17
1981	6457.71
1981	6151.41
1981	6099.75
1981	5987.76
1981	5892.56
1981	5575.03
1981	5481.9
1981	5430.89
1981	5286.77
1981	5033.96
1981	4957.07
1981	4853.6
1981	4748.52
1981	4632.61
1981	4412.02
1981	4407.98
1981	4032.13
1981	4014.51
1981	3885.67
1981	3736.21
1981	3585.71
1981	3062.68
1981	2988.34
1981	2700.81
1981	2528.76
1981	2394.58
1981	2350.54
1981	2288.27
1981	2229.63
1981	2150.13
1981	2136.57
1981	1994.86
1981	1897.82
1981	1797.08
1981	1739.5
1981	1719.06
1981	1679.16
1981	1328.25
1981	1290.4
1981	1220.91
1981	1141.33
1981	1031.75
1981	1010.53
1981	990.74
1981	973.84
1981	938.53
1981	896.55
1981	859.45
1981	853.4
1981	818.02
1981	797.45
1981	760.55
1981	699.1
1981	598.61
1981	568.07
1981	561.91
1981	459.85
1981	444.03
1981	439.26
1981	424.24
1981	419.88
1981	403.07
1981	388.87
1981	277.98
1981	272.6
1981	232.11
1981	229.82
1981	227.51
1981	226.23
1981	197.28
1981	192.63
1981	175.84
1981	153.6
1981	151.1
1981	146.36
1981	140.92
1981	107.79
1981	106.73
1981	105.14
1981	96.57
1981	89.07
1981	80.74
1981	71.98
1981	65.35
1981	57.83
1981	56.32
1981	47.38
1981	44.06
1981	43.68
1981	40.64
1981	34.91
1981	33.98
1981	33.9
1981	23.15
1981	23.13
1981	22.22
1981	22.18
1981	19.68
1981	14.13
1981	14.12
1981	13.29
1981	13
1981	12.2
1981	12.12
1981	11.36
1981	7.9
1981	5.97
1981	2.74
1981	0.45
1982	623559.08
1982	590106.4
1982	355316.11
1982	273557.32
1982	260205.18
1982	149399.99
1982	134395.63
1982	113806.48
1982	111240.01
1982	105257.79
1982	102584.79
1982	96079.78
1982	91756.12
1982	79920.07
1982	76188.97
1982	71525.16
1982	66254.35
1982	60948.81
1982	56063.7
1982	54932.26
1982	52262.38
1982	51231.94
1982	46721.59
1982	46676.83
1982	44528.14
1982	35007.82
1982	30518.44
1982	28171.52
1982	27538.46
1982	26803
1982	25867.82
1982	24718
1982	24512.7
1982	23561.56
1982	23432.26
1982	22732.16
1982	22262.66
1982	21469.68
1982	21348.2
1982	19748.48
1982	19160.07
1982	18729.78
1982	17492.6
1982	17093.64
1982	16956.04
1982	16942.94
1982	16823.78
1982	16072.9
1982	15758.26
1982	15696.99
1982	15447.71
1982	15434.09
1982	15028.53
1982	14789.68
1982	14393.02
1982	13633.55
1982	13597.43
1982	12527.72
1982	11905.56
1982	10628.59
1982	9873.16
1982	9550.94
1982	9398.45
1982	8964.75
1982	8411.55
1982	7989.43
1982	7509.52
1982	7435.79
1982	7337.89
1982	7332.36
1982	7157.62
1982	6629.65
1982	6599.43
1982	6390.5
1982	6345.18
1982	6082.41
1982	5943.36
1982	5510.28
1982	5498.15
1982	5353.14
1982	5288.39
1982	5175.18
1982	5076.59
1982	4927.93
1982	4916.43
1982	4891.48
1982	4500.94
1982	4432.36
1982	4166.87
1982	4051.32
1982	4050.5
1982	3785.43
1982	3776.07
1982	3098.89
1982	2980.44
1982	2738.21
1982	2540.65
1982	2508.86
1982	2428.96
1982	2290.25
1982	2237.67
1982	2191.12
1982	2059.78
1982	2051.57
1982	1915.29
1982	1796.23
1982	1793.64
1982	1793.05
1982	1723.4
1982	1387.22
1982	1316.17
1982	1224
1982	1152.83
1982	1083.83
1982	1054.85
1982	1013.2
1982	1006.02
1982	988.57
1982	913.45
1982	868.19
1982	860.73
1982	827.81
1982	789.97
1982	777.02
1982	702.36
1982	623.91
1982	575.73
1982	520.74
1982	484.91
1982	441.43
1982	433.93
1982	426.8
1982	424.49
1982	402.84
1982	387.68
1982	281.41
1982	279.55
1982	235.06
1982	229.83
1982	226.84
1982	226.63
1982	197.4
1982	188.53
1982	187.92
1982	159.83
1982	142.85
1982	141.99
1982	138.65
1982	109.41
1982	107.44
1982	95.47
1982	91.98
1982	88.6
1982	87.84
1982	73.05
1982	60.88
1982	57.33
1982	55.6
1982	43.88
1982	43.14
1982	42.71
1982	39.7
1982	35.25
1982	34.82
1982	33.87
1982	29.17
1982	22.86
1982	22.29
1982	20.62
1982	20.15
1982	15.39
1982	14.79
1982	14.27
1982	13.9
1982	13
1982	12.35
1982	11.64
1982	7.9
1982	6.1
1982	2.76
1982	0.45
1983	622402.4
1983	599222.21
1983	368347.54
1983	282165.87
1983	262942.53
1983	149256.31
1983	135003.33
1983	111590.84
1983	108387.21
1983	105025.54
1983	102390.27
1983	97047.06
1983	90649.93
1983	80769.81
1983	77289.15
1983	71392.2
1983	66865.87
1983	59495.25
1983	56632.57
1983	56600.38
1983	55543.69
1983	51700.21
1983	47516.78
1983	45627.31
1983	45553.61
1983	35619.39
1983	31586.59
1983	28281.58
1983	26998.36
1983	26792.9
1983	26120.55
1983	24985.1
1983	24494.09
1983	23587.87
1983	22796.38
1983	22475.19
1983	22202.18
1983	22183.49
1983	21822.37
1983	19220.16
1983	19140.48
1983	18907.2
1983	17815.75
1983	17044.44
1983	16859.4
1983	16700.14
1983	16662.28
1983	16241.18
1983	15981.37
1983	15867.47
1983	15814.95
1983	15651.45
1983	15307.24
1983	15133.19
1983	14932.3
1983	14347.04
1983	13930.07
1983	13199.54
1983	12728.52
1983	12396.75
1983	10120.52
1983	9749.72
1983	9525.2
1983	9281.96
1983	8293.54
1983	8059.48
1983	7888.89
1983	7839.03
1983	7760.77
1983	7539.59
1983	7322.47
1983	6678.09
1983	6637.69
1983	6635.06
1983	6614.19
1983	6181.28
1983	5992.3
1983	5745.91
1983	5584.24
1983	5565.37
1983	5443.77
1983	5276.77
1983	5268.11
1983	5265.1
1983	5025.6
1983	4965.51
1983	4472.3
1983	4317.46
1983	4232.31
1983	4112.44
1983	4050.39
1983	3968.02
1983	3937.55
1983	3110.7
1983	2962.56
1983	2567.78
1983	2531.71
1983	2511.76
1983	2497.21
1983	2288.3
1983	2246.84
1983	2230.23
1983	2108.89
1983	1976.76
1983	1924.3
1983	1858.9
1983	1800.42
1983	1794.13
1983	1770.69
1983	1504.57
1983	1337.83
1983	1241.6
1983	1172.37
1983	1129.83
1983	1025.38
1983	1021.64
1983	992.39
1983	967.29
1983	928.35
1983	914.75
1983	877.06
1983	841.7
1983	797.7
1983	794.46
1983	737.34
1983	629.9
1983	612.17
1983	583.99
1983	499.89
1983	443.61
1983	431.1
1983	424.89
1983	417.61
1983	398.74
1983	387.88
1983	293.24
1983	281.64
1983	250
1983	232.6
1983	229.84
1983	225.21
1983	199.77
1983	197.5
1983	191.29
1983	159.68
1983	144.08
1983	128.48
1983	122.42
1983	109.62
1983	108.35
1983	94.35
1983	93.78
1983	86.52
1983	77.03
1983	73.44
1983	66.65
1983	66.35
1983	58.44
1983	43.5
1983	43.07
1983	42.64
1983	39.67
1983	36.76
1983	35.36
1983	34.9
1983	32.86
1983	22.79
1983	22.36
1983	20.79
1983	20.59
1983	15.36
1983	15.04
1983	14.16
1983	14.02
1983	12.91
1983	12.56
1983	11.64
1983	7.88
1983	5.99
1983	2.72
1983	0.45
1984	621973.6
1984	608079.55
1984	368658.85
1984	289876.02
1984	269956.04
1984	152355.28
1984	134049.97
1984	111774.39
1984	109180.22
1984	105599.73
1984	104422.08
1984	97993
1984	89144.19
1984	80739.96
1984	78436.32
1984	74155.42
1984	67629.14
1984	59809.75
1984	59366.91
1984	58510.38
1984	57045.7
1984	51233.85
1984	49733.13
1984	45710.07
1984	44310.99
1984	36318.21
1984	30572.44
1984	28277.57
1984	27204.8
1984	26540.91
1984	26043.9
1984	25695.12
1984	25287.58
1984	23859.46
1984	23185.34
1984	23166.13
1984	23049.23
1984	21623.02
1984	21172.71
1984	19313.95
1984	19090.36
1984	18816.73
1984	18024.37
1984	17194.81
1984	16999.95
1984	16546.11
1984	16534.91
1984	16221.99
1984	16199.08
1984	15976.5
1984	15811.06
1984	15740.48
1984	15569.17
1984	15453.39
1984	15394.36
1984	15161.96
1984	14348.04
1984	14084.7
1984	13185.34
1984	12812.33
1984	10244.69
1984	9821
1984	9431.37
1984	8354.46
1984	8248.95
1984	8134.59
1984	8050.5
1984	7820.2
1984	7596.98
1984	7096.18
1984	7074.26
1984	6834.53
1984	6557.52
1984	6296.84
1984	6156.02
1984	6090.83
1984	6043.2
1984	5674.62
1984	5592.79
1984	5561.45
1984	5515.9
1984	5460.31
1984	5409.67
1984	5374.61
1984	5208.86
1984	5030.29
1984	4580.52
1984	4254.04
1984	4179.02
1984	4177.78
1984	4112.03
1984	3852.62
1984	3826.94
1984	3112.1
1984	3056.06
1984	2757.86
1984	2542.12
1984	2536.23
1984	2376.19
1984	2296.69
1984	2265.37
1984	2255.35
1984	2203.32
1984	2058.36
1984	1996.68
1984	1836.23
1984	1823.74
1984	1816.98
1984	1811.25
1984	1479.33
1984	1313.07
1984	1256.84
1984	1180.51
1984	1151.57
1984	1058.54
1984	1018.9
1984	1007.99
1984	987.11
1984	963
1984	941.47
1984	917.8
1984	887.94
1984	810.89
1984	809.1
1984	744.02
1984	635.99
1984	614.19
1984	588.06
1984	493.9
1984	444.69
1984	436.88
1984	431.33
1984	425.26
1984	392.98
1984	387.85
1984	306.35
1984	273.49
1984	260.55
1984	236.13
1984	228.92
1984	228.71
1984	200.47
1984	197.64
1984	197.57
1984	164.72
1984	145.32
1984	128.25
1984	114.09
1984	112.42
1984	109
1984	106.64
1984	104.85
1984	87.98
1984	75.86
1984	74.84
1984	73.49
1984	69.37
1984	59.59
1984	43.73
1984	42.83
1984	42.82
1984	37.56
1984	35.9
1984	35.56
1984	35.43
1984	35.1
1984	22.93
1984	22.57
1984	21.59
1984	20.96
1984	15.36
1984	15.32
1984	14.47
1984	13.75
1984	12.96
1984	12.78
1984	11.6
1984	7.87
1984	5.83
1984	2.47
1984	0.45
1985	615218.65
1985	610604.03
1985	380304.21
1985	308559.93
1985	268982.62
1985	153561.08
1985	134422.74
1985	111633.1
1985	109638.86
1985	109089.06
1985	102135.84
1985	98972.23
1985	89434.12
1985	80627.33
1985	79568.08
1985	74673.34
1985	68105.64
1985	63186.07
1985	62181.57
1985	61146.63
1985	59907.21
1985	53073.11
1985	50992.59
1985	46600.72
1985	42716.9
1985	37066.78
1985	31998.33
1985	28537.26
1985	27497.45
1985	26580.82
1985	26170.62
1985	26082.16
1985	26000.68
1985	23946.41
1985	23660.3
1985	23513.86
1985	23033.9
1985	22161.18
1985	21789.9
1985	19475.93
1985	18700.97
1985	18595.19
1985	18547.12
1985	17328.95
1985	17096.1
1985	16724.37
1985	16343.1
1985	16341.96
1985	16324.87
1985	16225.99
1985	16215.81
1985	16109.28
1985	15990.01
1985	15850.32
1985	15643.1
1985	15325.34
1985	14215.75
1985	13985.43
1985	13181.19
1985	12305.06
1985	10819.73
1985	10017.78
1985	9431.04
1985	8916.7
1985	8351.32
1985	8185.96
1985	8104.47
1985	7886.53
1985	7643.81
1985	7074.94
1985	6955.35
1985	6930.56
1985	6522.64
1985	6372.71
1985	6233.39
1985	6092.36
1985	5965.13
1985	5906.85
1985	5717.09
1985	5643.45
1985	5606.34
1985	5594.44
1985	5542.61
1985	5541.18
1985	5499.28
1985	5119.67
1985	4620.65
1985	4560.44
1985	4385.39
1985	4201.8
1985	4198.81
1985	4169.95
1985	3928.55
1985	3187.58
1985	3119.06
1985	3083.33
1985	2562.9
1985	2553.95
1985	2521.14
1985	2346.5
1985	2247.43
1985	2227
1985	2079.29
1985	2068.65
1985	1926.93
1985	1901.82
1985	1886.86
1985	1872.92
1985	1747.08
1985	1516.83
1985	1361.25
1985	1198.15
1985	1171
1985	1150.05
1985	1135.33
1985	1076.8
1985	1075.5
1985	1005.51
1985	979.55
1985	953.01
1985	925.67
1985	901.03
1985	829.97
1985	819.18
1985	760.05
1985	648.92
1985	620.46
1985	593.85
1985	504.42
1985	458.06
1985	445.51
1985	431.71
1985	425.5
1985	399.31
1985	373.44
1985	317.26
1985	281.71
1985	272.61
1985	240.66
1985	239.94
1985	236.14
1985	212.02
1985	199.48
1985	198.21
1985	165.25
1985	148.13
1985	132.89
1985	127.12
1985	126.25
1985	112.22
1985	105.24
1985	103.19
1985	92.83
1985	81.78
1985	77.52
1985	76.22
1985	75.91
1985	59.62
1985	44.92
1985	44.35
1985	38.02
1985	37.44
1985	36.99
1985	36.93
1985	35.53
1985	35.12
1985	24.13
1985	23.52
1985	22.03
1985	20.75
1985	15.8
1985	15.36
1985	14.47
1985	13.3
1985	12.91
1985	11.38
1985	10.67
1985	7.85
1985	5.84
1985	2.48
1985	0.45
1986	614310.58
1986	612178.15
1986	393654.03
1986	313971.63
1986	271024.88
1986	157986.47
1986	133485.8
1986	112010.29
1986	110967.41
1986	110152.43
1986	104699.56
1986	99589.04
1986	90312.34
1986	82471.65
1986	80224.63
1986	75566.2
1986	69661.8
1986	66113.95
1986	64825.41
1986	64409.38
1986	61270.5
1986	53853.47
1986	51701.43
1986	47305.36
1986	42956.88
1986	38233.04
1986	33395.41
1986	28318.69
1986	27058.69
1986	26715.3
1986	26603.59
1986	26205.11
1986	26017.4
1986	24597.19
1986	24333.98
1986	23894.63
1986	23676.62
1986	23006.67
1986	22096.22
1986	19761.85
1986	19043.1
1986	18798.46
1986	18759.91
1986	17284.62
1986	17071.22
1986	16967.04
1986	16965.28
1986	16807.51
1986	16652.83
1986	16502.77
1986	16279.78
1986	16178.94
1986	15895.28
1986	15728.34
1986	15610.8
1986	15392.1
1986	14031.76
1986	14016.66
1986	13319.73
1986	12079.18
1986	10873.45
1986	10211.25
1986	9416.5
1986	9037.71
1986	8778.59
1986	8166.61
1986	8100.15
1986	7964.44
1986	7754.88
1986	7655.67
1986	7096.69
1986	6930.44
1986	6524.66
1986	6426.76
1986	6199.08
1986	6141.9
1986	6029.49
1986	5835.67
1986	5742.24
1986	5703.04
1986	5699.15
1986	5687.63
1986	5662.21
1986	5611.43
1986	5495.24
1986	5253.5
1986	4687.6
1986	4503.2
1986	4379.89
1986	4311.38
1986	4212.84
1986	4095.35
1986	4013.27
1986	3325.31
1986	3276.56
1986	3124.37
1986	2584.71
1986	2572.43
1986	2526.56
1986	2401.73
1986	2324.53
1986	2229.86
1986	2172.24
1986	2028.73
1986	1968.49
1986	1902.14
1986	1755.49
1986	1719.23
1986	1711.06
1986	1566.25
1986	1327.03
1986	1319.22
1986	1208.16
1986	1162.28
1986	1157.03
1986	1133.23
1986	1089.39
1986	1049.34
1986	1010.46
1986	993.4
1986	941.14
1986	921.77
1986	841.97
1986	831.64
1986	805.92
1986	655.84
1986	635
1986	597.56
1986	513.33
1986	470.17
1986	457.4
1986	437.89
1986	425.77
1986	406.61
1986	376.77
1986	324.66
1986	294.67
1986	272.8
1986	246.49
1986	245.8
1986	236.18
1986	213.03
1986	198.32
1986	184.01
1986	168.41
1986	148.98
1986	131.02
1986	125.61
1986	119.14
1986	115.11
1986	109.37
1986	108.88
1986	96.1
1986	90.92
1986	87.61
1986	81
1986	77.01
1986	63.79
1986	46.12
1986	40
1986	39.85
1986	38.58
1986	38.14
1986	36.5
1986	35.23
1986	31.46
1986	25.27
1986	24.39
1986	23.57
1986	20.92
1986	16.04
1986	15.32
1986	14.44
1986	13.51
1986	13.01
1986	10.81
1986	10.01
1986	7.84
1986	5.87
1986	2.48
1986	0.45
1987	609857.39
1987	604816.06
1987	405484.04
1987	324060.83
1987	275117.18
1987	160656.48
1987	131764.85
1987	109632.02
1987	109338.53
1987	109247.3
1987	107830.21
1987	99280.51
1987	91832.72
1987	84525.94
1987	79287.78
1987	76853.13
1987	69825.09
1987	67600.39
1987	66266.66
1987	66034.1
1987	59212.09
1987	55528.03
1987	51147.47
1987	48143.79
1987	42956.25
1987	38912.62
1987	31637.3
1987	28349.18
1987	27769.05
1987	27577.76
1987	26814.54
1987	26443.64
1987	26089.03
1987	25090.64
1987	24678.97
1987	24354.45
1987	23860.14
1987	23685.64
1987	23288.58
1987	19812.53
1987	19561.61
1987	19201.76
1987	19087.48
1987	18781.29
1987	17452.05
1987	17403.77
1987	17084.63
1987	17055.62
1987	16717.85
1987	16617.64
1987	16351.76
1987	16087.77
1987	15921.5
1987	15480.14
1987	15256.51
1987	15176.12
1987	13994.79
1987	13951.46
1987	13558.35
1987	11913.13
1987	11156.61
1987	10061.1
1987	9367.96
1987	8992.96
1987	8845.26
1987	8462.61
1987	8144
1987	8132.07
1987	7938.82
1987	7734.61
1987	7238.73
1987	7044.64
1987	6634.05
1987	6571.45
1987	6422.47
1987	6169.47
1987	6082.64
1987	5980.41
1987	5977.58
1987	5920.98
1987	5825.97
1987	5768.42
1987	5703.24
1987	5690.76
1987	5370.63
1987	5213.52
1987	4817.84
1987	4461.64
1987	4427.86
1987	4410.42
1987	4219.59
1987	4094.75
1987	4018
1987	3660.69
1987	3342.95
1987	3104.4
1987	2627.79
1987	2620.92
1987	2500.76
1987	2448.43
1987	2437.18
1987	2227.45
1987	2120.72
1987	2033.17
1987	2030.51
1987	1983.3
1987	1923.65
1987	1768.67
1987	1711.86
1987	1580.92
1987	1313.47
1987	1284.06
1987	1254.72
1987	1249.1
1987	1203.84
1987	1142.9
1987	1116.45
1987	1061.39
1987	1036.47
1987	1003.46
1987	953.12
1987	939.31
1987	857.48
1987	843.21
1987	833.16
1987	675.25
1987	655.65
1987	608.76
1987	509.61
1987	480.58
1987	466.15
1987	445.82
1987	426
1987	410.13
1987	388.14
1987	340.93
1987	310.84
1987	283.89
1987	254.17
1987	248.14
1987	236.15
1987	233.46
1987	198.38
1987	172.53
1987	167.97
1987	145.62
1987	141.56
1987	138.31
1987	125.89
1987	122.61
1987	114.3
1987	107.15
1987	103
1987	93.91
1987	86.49
1987	85.79
1987	77.62
1987	66.06
1987	49.43
1987	42.48
1987	39.99
1987	38.14
1987	37.81
1987	35.3
1987	35.26
1987	31.39
1987	26.4
1987	24.4
1987	23.59
1987	16.11
1987	15.29
1987	14.62
1987	13.96
1987	13.6
1987	13.13
1987	10.37
1987	10.37
1987	7.83
1987	5.9
1987	2.5
1987	0.45
1988	603600.75
1988	600868.57
1988	409440.22
1988	334020.59
1988	277708.82
1988	164601.96
1988	129366.28
1988	110059.98
1988	109684.64
1988	109578.26
1988	105505.13
1988	99460.64
1988	93293.41
1988	84584.94
1988	80444.71
1988	78270.67
1988	72067.04
1988	70780.91
1988	67817.92
1988	66543.22
1988	59597.56
1988	54158.84
1988	50804.77
1988	49127.37
1988	43053.35
1988	39688.75
1988	31687.55
1988	28423.05
1988	28312.23
1988	28183.23
1988	27372.55
1988	26967.45
1988	26471.31
1988	25386.97
1988	25319.83
1988	24720.36
1988	24565.41
1988	24423.54
1988	24089.65
1988	23406.72
1988	20316.1
1988	19896.06
1988	19781.91
1988	19372.24
1988	18222.88
1988	17887.16
1988	17466.05
1988	17135.95
1988	16735.45
1988	16731.25
1988	16516.83
1988	16477.05
1988	16096.46
1988	15934.65
1988	15324.45
1988	15178.32
1988	13799.02
1988	13692.44
1988	13549.25
1988	11872.84
1988	11164.73
1988	10142.02
1988	9361.21
1988	8929.92
1988	8695.01
1988	8551.47
1988	8119.77
1988	8103.4
1988	7845.59
1988	7692.16
1988	7356.89
1988	7122
1988	6783
1988	6773.9
1988	6597.11
1988	6330.3
1988	6301.64
1988	6263.92
1988	6139.29
1988	6054.01
1988	6023.53
1988	5861.77
1988	5825.61
1988	5784.99
1988	5483.51
1988	5416.61
1988	5014.95
1988	4570.41
1988	4451.31
1988	4337.13
1988	4229.01
1988	4181.5
1988	3984.03
1988	3956.29
1988	3468.27
1988	3130.04
1988	2714.04
1988	2634.71
1988	2551.93
1988	2503.13
1988	2462.11
1988	2222.23
1988	2216.65
1988	2102.39
1988	1964.69
1988	1952.25
1988	1890.44
1988	1875.21
1988	1749.63
1988	1619.99
1988	1377.75
1988	1327.15
1988	1321.78
1988	1284.18
1988	1231.69
1988	1164.88
1988	1092.59
1988	1062.28
1988	1053.87
1988	1016.88
1988	967.04
1988	958.63
1988	887.85
1988	871.05
1988	827.96
1988	687.33
1988	683.41
1988	594.87
1988	512.33
1988	490.24
1988	466.28
1988	447.75
1988	426.24
1988	413.84
1988	412.17
1988	337.43
1988	326.69
1988	296.37
1988	256.84
1988	249.09
1988	236.1
1988	236.07
1988	198.45
1988	172.85
1988	166.77
1988	148.11
1988	145.09
1988	137.33
1988	130.96
1988	120.23
1988	119.43
1988	113.58
1988	108.37
1988	103.92
1988	88.88
1988	87.98
1988	78.62
1988	66.32
1988	49.32
1988	41.65
1988	40.11
1988	39.43
1988	38.2
1988	35.3
1988	34.98
1988	31.02
1988	29.17
1988	24.41
1988	23.62
1988	17.77
1988	15.29
1988	14.7
1988	14.25
1988	14.17
1988	13.22
1988	10.37
1988	10.19
1988	7.81
1988	5.96
1988	2.55
1988	0.45
1989	601577.72
1989	595271.24
1989	420393.65
1989	339295.77
1989	286594.87
1989	168936.12
1989	127468.13
1989	112981.41
1989	112091.32
1989	111576.75
1989	105118.45
1989	99441.53
1989	94345.9
1989	85318.94
1989	81356.84
1989	79113.11
1989	72787.3
1989	72092.69
1989	70020.53
1989	69041.58
1989	57421.25
1989	52324.33
1989	50660.62
1989	50395.28
1989	43716.71
1989	40630.52
1989	33060.94
1989	29099.38
1989	28837.94
1989	28544.31
1989	27722.93
1989	27710.93
1989	26720.39
1989	25843.47
1989	25312.56
1989	24549.03
1989	24480.94
1989	24361.8
1989	23914.47
1989	22669.73
1989	20959.18
1989	20041.92
1989	19796.05
1989	19621.73
1989	18828.06
1989	18501.55
1989	17419.89
1989	17405.66
1989	17383.82
1989	17309.86
1989	16855.81
1989	16715.22
1989	15722.94
1989	15416.81
1989	15226.26
1989	14950.61
1989	14090.8
1989	13775.89
1989	13755.38
1989	12008.79
1989	11339.49
1989	10080.31
1989	9387.22
1989	9081.12
1989	8999.39
1989	8769.84
1989	8174.19
1989	8171.44
1989	8056.58
1989	7724.43
1989	7346.46
1989	7246.92
1989	7033.36
1989	6889.88
1989	6721.07
1989	6541.43
1989	6477.89
1989	6472.57
1989	6448.8
1989	6127.19
1989	5969.49
1989	5910.91
1989	5905.95
1989	5787.24
1989	5681.16
1989	5597.4
1989	5153.11
1989	4767.83
1989	4554.48
1989	4313.95
1989	4283.4
1989	4277.81
1989	4254
1989	3881.72
1989	3537.97
1989	3141.17
1989	2821.76
1989	2650.87
1989	2573.09
1989	2565.73
1989	2445.49
1989	2311.89
1989	2244.67
1989	2222.96
1989	1997.55
1989	1960.56
1989	1945.27
1989	1906.6
1989	1766.68
1989	1670.98
1989	1361.62
1989	1354.25
1989	1320.17
1989	1315.8
1989	1186.54
1989	1149.97
1989	1144.55
1989	1122.62
1989	1035.86
1989	1024.83
1989	1014.49
1989	982.1
1989	931.34
1989	883.55
1989	862.52
1989	695.2
1989	621.07
1989	589.41
1989	502.07
1989	501.18
1989	450.09
1989	426.45
1989	419.11
1989	384.13
1989	344.97
1989	340.61
1989	324.95
1989	304.6
1989	257.49
1989	251.97
1989	246.21
1989	236.05
1989	207.1
1989	172.49
1989	162.84
1989	155.85
1989	148.55
1989	135.98
1989	133.7
1989	131.51
1989	121.51
1989	118.83
1989	109.91
1989	106.35
1989	93.33
1989	88.91
1989	79.01
1989	66.49
1989	50.83
1989	43
1989	41.23
1989	40.07
1989	38.56
1989	35.55
1989	35.06
1989	30.95
1989	30.44
1989	24.41
1989	23.98
1989	17.93
1989	15.25
1989	15.09
1989	14.37
1989	14.25
1989	13.27
1989	10.37
1989	10.22
1989	7.79
1989	5.99
1989	2.57
1989	0.45
1990	599038.83
1990	587556.24
1990	431053.72
1990	338836.46
1990	289965.91
1990	172230.75
1990	126092.11
1990	114523.91
1990	113680.63
1990	113006.73
1990	105186.62
1990	98514.23
1990	94679.46
1990	86197.99
1990	81748.5
1990	81044
1990	77262.79
1990	73503.65
1990	71645.14
1990	69046.39
1990	57258.44
1990	51301.91
1990	50673.89
1990	50628.71
1990	44169.11
1990	41305.82
1990	33634.49
1990	31574.36
1990	29794.32
1990	29282.12
1990	28255.12
1990	28075.49
1990	27704.76
1990	26719.45
1990	26280.79
1990	26112.18
1990	24352.97
1990	24244.88
1990	24123.8
1990	21696.57
1990	21574.07
1990	19830.1
1990	19555.39
1990	19515.05
1990	19411.19
1990	19183.33
1990	18003.82
1990	17497.36
1990	17477.63
1990	17112.81
1990	16982.87
1990	16644.61
1990	15728.43
1990	15409.31
1990	15148.23
1990	14954.95
1990	14567.84
1990	14004.17
1990	13721.81
1990	12185.99
1990	11848.38
1990	10013.19
1990	9787.16
1990	9703.56
1990	9525.07
1990	8713.32
1990	8442.76
1990	8263.58
1990	8189.16
1990	7687.22
1990	7645.33
1990	7542.86
1990	7398.68
1990	7216.9
1990	6992.3
1990	6789.38
1990	6734.67
1990	6696.67
1990	6640.76
1990	6634.41
1990	6209.46
1990	6139.74
1990	5963.18
1990	5891.29
1990	5876.21
1990	5754.63
1990	5276.62
1990	4926.28
1990	4540.43
1990	4380.33
1990	4323.81
1990	4301.81
1990	4268.65
1990	3743.04
1990	3667.72
1990	3126.2
1990	2934.61
1990	2663.95
1990	2662.35
1990	2494.51
1990	2477.88
1990	2386.18
1990	2292.18
1990	2243.81
1990	2137.54
1990	2068.81
1990	1966.76
1990	1914.05
1990	1832.49
1990	1719.3
1990	1472.9
1990	1367.44
1990	1343.82
1990	1320.26
1990	1185.44
1990	1167.92
1990	1142.01
1990	1050.43
1990	1046.72
1990	1046.31
1990	1029.25
1990	1000.67
1990	962.07
1990	896.17
1990	887.42
1990	728.41
1990	618.88
1990	515.55
1990	511.44
1990	504.75
1990	450.79
1990	426.71
1990	425.06
1990	385.16
1990	369.86
1990	350.6
1990	322.66
1990	318.02
1990	264.7
1990	252.88
1990	248.07
1990	236.03
1990	207.17
1990	172.15
1990	154.16
1990	151.69
1990	147.55
1990	130.91
1990	130.02
1990	123.7
1990	122.48
1990	119.07
1990	110.38
1990	109.35
1990	96.07
1990	87.27
1990	80.43
1990	66.72
1990	50.3
1990	42.45
1990	40.7
1990	37.94
1990	36.02
1990	35.64
1990	35.4
1990	29.97
1990	26.06
1990	24.42
1990	24.13
1990	17.89
1990	15.22
1990	15.15
1990	14.75
1990	14.42
1990	12.15
1990	10.29
1990	9.95
1990	7.81
1990	6.01
1990	2.56
1990	0.45
1991	597384.19
1991	584308.76
1991	435148.68
1991	323851.35
1991	294233.28
1991	176730.87
1991	118907.5
1991	115459.87
1991	114276.92
1991	111838.85
1991	104703.78
1991	97318.34
1991	94986.51
1991	89169.93
1991	80902.55
1991	80886.01
1991	78053.98
1991	73751.37
1991	72082.59
1991	68973.74
1991	56349.05
1991	51916
1991	50135.21
1991	49319.53
1991	44156.68
1991	41721.61
1991	33872.92
1991	30455.78
1991	30135.1
1991	29953.82
1991	29546.21
1991	28428.66
1991	28095.15
1991	26769.71
1991	26633.3
1991	26510.13
1991	23990.8
1991	23798.53
1991	22158.1
1991	21878.18
1991	21586.03
1991	20074.96
1991	19870.46
1991	19845.12
1991	19697.98
1991	19690.63
1991	18309.4
1991	17510.03
1991	17341
1991	17128.43
1991	17114.72
1991	16495.79
1991	15898.14
1991	15718.12
1991	15342.42
1991	15004.9
1991	14855.62
1991	14092.4
1991	13338.99
1991	12894.32
1991	12535.24
1991	10594.18
1991	9995.11
1991	9515.65
1991	9116.6
1991	8971.98
1991	8519.82
1991	8436.49
1991	8374.51
1991	7973.96
1991	7897.88
1991	7426.52
1991	7370.32
1991	7247.84
1991	7224.69
1991	7109.8
1991	6687.57
1991	6606.28
1991	6579.38
1991	6403.77
1991	6355.42
1991	6344.32
1991	6024.35
1991	5957.78
1991	5700.26
1991	5665.49
1991	5406.75
1991	5010.46
1991	4656.83
1991	4476.98
1991	4400.58
1991	4334.81
1991	4266.49
1991	3921.17
1991	3773.08
1991	3158.58
1991	3027.62
1991	2748.79
1991	2682.27
1991	2523.38
1991	2463.94
1991	2419.09
1991	2345.59
1991	2258.34
1991	2217.55
1991	2184.07
1991	1997.97
1991	1967.55
1991	1866.9
1991	1830.12
1991	1379.09
1991	1377.31
1991	1374.03
1991	1320.49
1991	1266.95
1991	1186.29
1991	1138.91
1991	1102.77
1991	1099.55
1991	1042.36
1991	1031.87
1991	1013.38
1991	970.76
1991	918.81
1991	915.22
1991	723.42
1991	646.15
1991	527.65
1991	505.38
1991	500.43
1991	444.94
1991	431.03
1991	426.96
1991	407.47
1991	357.61
1991	349.21
1991	323.25
1991	320.81
1991	273.08
1991	267.73
1991	253.67
1991	235.99
1991	207.3
1991	173.97
1991	156.25
1991	151.48
1991	148.31
1991	133.33
1991	129.78
1991	120.27
1991	119.11
1991	117.23
1991	113.81
1991	99.2
1991	88.59
1991	81.04
1991	66.84
1991	55.62
1991	51.68
1991	42.52
1991	39.77
1991	38.48
1991	35.46
1991	34.61
1991	33.77
1991	29.72
1991	25.73
1991	24.64
1991	23.4
1991	17.95
1991	15.38
1991	15.22
1991	15.08
1991	14.69
1991	12.16
1991	9.99
1991	9.95
1991	7.82
1991	6.01
1991	2.44
1991	0.45
1991	0.25
1991	0.07
1992	598421.41
1992	442942.21
1992	323379.61
1992	301290.92
1992	287998.05
1992	178731.95
1992	117343.21
1992	113786.94
1992	113504.45
1992	108363.78
1992	104002.55
1992	98073.45
1992	97358.47
1992	97208.38
1992	90356.34
1992	81364.99
1992	80078.22
1992	79896.62
1992	73616.2
1992	72940.57
1992	72131.75
1992	69569.36
1992	55457.56
1992	52677.57
1992	49973.04
1992	48128.45
1992	43413.04
1992	42122.23
1992	34706.55
1992	32283.82
1992	31732.66
1992	31228.31
1992	30853.65
1992	29016.54
1992	28837.15
1992	28451.77
1992	28180.9
1992	26805.92
1992	26424.78
1992	24683.65
1992	23770.7
1992	23188.35
1992	22119.7
1992	22118.54
1992	20652.34
1992	20229.66
1992	20147.5
1992	20128.55
1992	19735.4
1992	18437.34
1992	18122.23
1992	17419.42
1992	17268.16
1992	17243.13
1992	17127.15
1992	16398.82
1992	15465.75
1992	15179.44
1992	15178.96
1992	15056.51
1992	14656.91
1992	14156.46
1992	13034.16
1992	12988.58
1992	12679.65
1992	12238.59
1992	11506.25
1992	10098.46
1992	9945.41
1992	9425.46
1992	9307.51
1992	9239.08
1992	9052.17
1992	8666.39
1992	8547.61
1992	8375.06
1992	8300.49
1992	7819.39
1992	7540.64
1992	7237.9
1992	7210.83
1992	7207.77
1992	7206
1992	7117.65
1992	7103.77
1992	7007.23
1992	6901.47
1992	6696.79
1992	6609.51
1992	6583.87
1992	6479.32
1992	6450.56
1992	6426.32
1992	6156.31
1992	6098.66
1992	5783.91
1992	5541.82
1992	5248.71
1992	5234.7
1992	4944.67
1992	4677.58
1992	4596.89
1992	4569.39
1992	4318.52
1992	4265.73
1992	4239.1
1992	3760.95
1992	3381.9
1992	3233.17
1992	2975.2
1992	2937.57
1992	2868.36
1992	2685.82
1992	2571.71
1992	2551.84
1992	2371.99
1992	2371.75
1992	2336.17
1992	2334.77
1992	2296.03
1992	2270.45
1992	2116.3
1992	2009.27
1992	1931.4
1992	1895.58
1992	1850.29
1992	1849.11
1992	1563.42
1992	1465.03
1992	1421.39
1992	1368.98
1992	1328.07
1992	1263.97
1992	1220.97
1992	1152.21
1992	1122.29
1992	1050.96
1992	1049.15
1992	1009.01
1992	988.98
1992	961.35
1992	938.99
1992	918.89
1992	725.47
1992	646.01
1992	537.43
1992	520.76
1992	499
1992	445.61
1992	440.16
1992	427.21
1992	419.76
1992	349.23
1992	343.58
1992	324.5
1992	314.79
1992	266.87
1992	256.98
1992	244.3
1992	236
1992	207.51
1992	179.59
1992	168.77
1992	162.91
1992	147.97
1992	145.53
1992	140.55
1992	130.8
1992	128.67
1992	121.15
1992	117.94
1992	100.35
1992	89.85
1992	81.52
1992	67
1992	64.96
1992	51.75
1992	42.08
1992	39.8
1992	39.61
1992	35.53
1992	34.77
1992	33.82
1992	29.56
1992	25.42
1992	24.79
1992	23.71
1992	17.95
1992	15.26
1992	15.25
1992	15.02
1992	14.4
1992	10.02
1992	9.95
1992	9.81
1992	7.82
1992	6
1992	2.44
1992	0.45
1992	0.25
1992	0.07
1993	601247.25
1993	451338.81
1993	324534.8
1993	304685.63
1993	276044.96
1993	179988.92
1993	118286.18
1993	114258.21
1993	112482.42
1993	106187.69
1993	103011.28
1993	99564.85
1993	97910.68
1993	95184.03
1993	92267.79
1993	81516.69
1993	80135.06
1993	79202.05
1993	73641.32
1993	73109.91
1993	72456.24
1993	71366.76
1993	55109.46
1993	53321.33
1993	49758.26
1993	46849.31
1993	42887.84
1993	42383.32
1993	37383.06
1993	35478.1
1993	31913.4
1993	31821.43
1993	31262.17
1993	30530.29
1993	29473.69
1993	27852.26
1993	27012.92
1993	26189.46
1993	25067.64
1993	24535.66
1993	23602.28
1993	22776.73
1993	22372.48
1993	21200.65
1993	20706.69
1993	20414.68
1993	19861.92
1993	19701.56
1993	18692.04
1993	18193.92
1993	18189.18
1993	17585.26
1993	17031.24
1993	16801.26
1993	16453.56
1993	15742.81
1993	15713.04
1993	15321.66
1993	14840.86
1993	14761.69
1993	13706.99
1993	13385.06
1993	13205.45
1993	12744.56
1993	12471.95
1993	11785.93
1993	10834.34
1993	10175.38
1993	9877.23
1993	9364.5
1993	9318.02
1993	9257.83
1993	9024
1993	8732.76
1993	8581.21
1993	8388.06
1993	8274.63
1993	7921.17
1993	7788.18
1993	7571.28
1993	7296.24
1993	7220.99
1993	7184.28
1993	7061.26
1993	7042.74
1993	7039.37
1993	6940.24
1993	6929.22
1993	6915.68
1993	6643.31
1993	6571.65
1993	6566.64
1993	6561.09
1993	6547.68
1993	6399.19
1993	6017.97
1993	5747.17
1993	5678.47
1993	5400.2
1993	5234.63
1993	4767.71
1993	4694.89
1993	4619
1993	4589.3
1993	4385.88
1993	4192.99
1993	4160.6
1993	3828.47
1993	3254.46
1993	3215.15
1993	2975.42
1993	2925.03
1993	2877.79
1993	2732.31
1993	2670.17
1993	2558.23
1993	2424.39
1993	2407.51
1993	2391.94
1993	2364.07
1993	2302.85
1993	2280.59
1993	2268.61
1993	2051.46
1993	1996.05
1993	1928.78
1993	1919.44
1993	1872.21
1993	1634.39
1993	1553.36
1993	1515.92
1993	1433.09
1993	1392.12
1993	1264.41
1993	1255.85
1993	1255.82
1993	1177.86
1993	1145.17
1993	1097.33
1993	1056.17
1993	1029.02
1993	986.04
1993	974.85
1993	909.25
1993	865.93
1993	722.83
1993	624.68
1993	551.42
1993	529.66
1993	497.24
1993	446.72
1993	444.4
1993	433.48
1993	427.5
1993	353.93
1993	332.11
1993	328.8
1993	316.41
1993	274.31
1993	259.66
1993	246.86
1993	223.58
1993	207.15
1993	192.56
1993	180.15
1993	178.55
1993	164.39
1993	149.43
1993	130.15
1993	125.72
1993	124.06
1993	118.81
1993	114.03
1993	99.73
1993	95.91
1993	91.86
1993	82.08
1993	67.14
1993	51.74
1993	41.68
1993	39.62
1993	36.07
1993	34.96
1993	33.9
1993	33.4
1993	29.63
1993	25.03
1993	24.89
1993	23.62
1993	17.95
1993	15.35
1993	15.34
1993	15.25
1993	14.41
1993	9.95
1993	9.81
1993	9.66
1993	7.82
1993	6
1993	2.45
1993	0.45
1993	0.25
1993	0.07
1994	604155.17
1994	461742.07
1994	323475.24
1994	309091.55
1994	262921.34
1994	182520.26
1994	118548.71
1994	116646.33
1994	114758.28
1994	104513.35
1994	102327.31
1994	101241.14
1994	97858.02
1994	93377.49
1994	92698.9
1994	86176.4
1994	80606.42
1994	79493.14
1994	77079.62
1994	74806.52
1994	72724.59
1994	71325.47
1994	56764.08
1994	54141.28
1994	49807.29
1994	46978.11
1994	43940.18
1994	42982.4
1994	39672.78
1994	37955.27
1994	31974.79
1994	31866.44
1994	30935.56
1994	30559.2
1994	29311.25
1994	28042.42
1994	27161.56
1994	26760.97
1994	24837.91
1994	24147.08
1994	23930.2
1994	23073.44
1994	22814.34
1994	21565.3
1994	21204.61
1994	20754.33
1994	20010.22
1994	19907.74
1994	19350.56
1994	18851.02
1994	18207
1994	17729.54
1994	17343.41
1994	16562.39
1994	16489.05
1994	16297.58
1994	16286.1
1994	15452.87
1994	14725.66
1994	14243.99
1994	13365.08
1994	13044.72
1994	12910.88
1994	12530.51
1994	11839.76
1994	11590.95
1994	9910.15
1994	9900.06
1994	9461.75
1994	9439.9
1994	9367.79
1994	8898.74
1994	8845.17
1994	8807.78
1994	8797.14
1994	8310.54
1994	8251.08
1994	7828.98
1994	7718.98
1994	7575.64
1994	7479.72
1994	7288.52
1994	7217.86
1994	7193.37
1994	7186.92
1994	7125.66
1994	7033.13
1994	7019.47
1994	6737.24
1994	6728.65
1994	6710.42
1994	6536.55
1994	6519.24
1994	6347.12
1994	6326.04
1994	5937.22
1994	5802.61
1994	5763.43
1994	5467.09
1994	5423.36
1994	4830.24
1994	4791.9
1994	4664.32
1994	4382.94
1994	4275.51
1994	4178.53
1994	4168.36
1994	3901.12
1994	3314.64
1994	3038
1994	3002.82
1994	2951.62
1994	2882.12
1994	2804.54
1994	2737.63
1994	2559.06
1994	2430.56
1994	2427.22
1994	2410.3
1994	2316.5
1994	2283.34
1994	2265.58
1994	2261.29
1994	2093.53
1994	2064.15
1994	1961.28
1994	1914.21
1994	1843.16
1994	1831.03
1994	1588.23
1994	1471.15
1994	1458.97
1994	1411.29
1994	1303.64
1994	1228.22
1994	1211.71
1994	1165.39
1994	1161.5
1994	1091
1994	1080.76
1994	1038.25
1994	998.95
1994	982.4
1994	905.95
1994	876.63
1994	736.89
1994	596.97
1994	556.39
1994	546.27
1994	527.72
1994	496.78
1994	455.26
1994	441.27
1994	427.7
1994	358.39
1994	336.91
1994	329.88
1994	317.08
1994	286.08
1994	259.05
1994	240.95
1994	223.59
1994	209.91
1994	199.15
1994	179.83
1994	178.91
1994	150.39
1994	142.14
1994	138.58
1994	130.91
1994	128.33
1994	124.39
1994	119.64
1994	117.9
1994	96.28
1994	90.82
1994	82.24
1994	67.22
1994	51.72
1994	49.77
1994	39.38
1994	36.66
1994	34.46
1994	34.07
1994	33.55
1994	29.63
1994	26.73
1994	24.89
1994	20.37
1994	17.53
1994	15.77
1994	15.42
1994	15.25
1994	14.41
1994	9.95
1994	9.81
1994	9.79
1994	7.87
1994	6
1994	2.79
1994	0.45
1994	0.25
1994	0.07
1995	607716.14
1995	482199.42
1995	330467.79
1995	313061
1995	247290.65
1995	187306.75
1995	118786.29
1995	113680.61
1995	111642.33
1995	102864.51
1995	102466.92
1995	101747.7
1995	98587.65
1995	94629.62
1995	88280.63
1995	87224.27
1995	80408.64
1995	78518.17
1995	74923.68
1995	74688.21
1995	72927.77
1995	65379.32
1995	57953.8
1995	55657.26
1995	49832.86
1995	45979.13
1995	45110.34
1995	43704.28
1995	40474.18
1995	39344.78
1995	32444.06
1995	32214.66
1995	31154.07
1995	30599.57
1995	29822.4
1995	27413
1995	27398.84
1995	26747.29
1995	24848.35
1995	23632.61
1995	23202.89
1995	23060.59
1995	22713.72
1995	21943.51
1995	21664.62
1995	20894.59
1995	20671.2
1995	19919.42
1995	19741.06
1995	19071.48
1995	18925.92
1995	18241.03
1995	17050.06
1995	16815.42
1995	16749.64
1995	16702.03
1995	16201.55
1995	15311.47
1995	14291.12
1995	13786.84
1995	13247.67
1995	13067.55
1995	12933.69
1995	12880.1
1995	12517.71
1995	11451.53
1995	10117.29
1995	9971.15
1995	9426.75
1995	9332.93
1995	9251.98
1995	9069.57
1995	9058.22
1995	8919.79
1995	8379.04
1995	8370.66
1995	8316.87
1995	8267.64
1995	8009.92
1995	7731.11
1995	7625.81
1995	7604.98
1995	7418.5
1995	7370.12
1995	7327.53
1995	7255.82
1995	6786.66
1995	6717.2
1995	6658.07
1995	6577.05
1995	6549.46
1995	6540.22
1995	6524.17
1995	6327.89
1995	6209.57
1995	6156.15
1995	5945.53
1995	5510
1995	5470.06
1995	5209.87
1995	4885.87
1995	4866.17
1995	4859.73
1995	4537.73
1995	4211.07
1995	4187.53
1995	4104.65
1995	3518.35
1995	3308.82
1995	3136.84
1995	3110.7
1995	2974.31
1995	2920.85
1995	2838.6
1995	2738.25
1995	2490.32
1995	2463.51
1995	2448.31
1995	2408.56
1995	2345.37
1995	2283.31
1995	2206.41
1995	2197.52
1995	2178.13
1995	2142.4
1995	2026.64
1995	1961.18
1995	1957.8
1995	1943.94
1995	1557.83
1995	1488.24
1995	1460.62
1995	1321.91
1995	1280.65
1995	1246.49
1995	1122.44
1995	1115.14
1995	1089.88
1995	1079.86
1995	1042.86
1995	1033.77
1995	992.9
1995	984.26
1995	888.16
1995	831.13
1995	731.29
1995	584.65
1995	578.54
1995	565.13
1995	551.01
1995	531.09
1995	496.99
1995	446.49
1995	427.94
1995	353.61
1995	342.59
1995	321.75
1995	313.89
1995	283.3
1995	264.56
1995	250.84
1995	223.59
1995	210.56
1995	202.95
1995	182.39
1995	167.88
1995	162.99
1995	153.54
1995	148.25
1995	135.2
1995	131.31
1995	128.37
1995	119.8
1995	117.43
1995	90.41
1995	90.4
1995	82.76
1995	78.62
1995	73.36
1995	57.68
1995	51.21
1995	39.84
1995	39.29
1995	36.97
1995	36.17
1995	34.2
1995	33.71
1995	29.63
1995	29.02
1995	24.89
1995	20.05
1995	17.55
1995	16.12
1995	15.25
1995	14.41
1995	12.16
1995	9.95
1995	9.73
1995	7.87
1995	6
1995	5.15
1995	3.33
1995	0.45
1996	608255.36
1996	487028.91
1996	324397.39
1996	317444.12
1996	232982.49
1996	180664.15
1996	117836.82
1996	113864.46
1996	110996.43
1996	101936.14
1996	101821.47
1996	101668.19
1996	99519.63
1996	96601.5
1996	88782.97
1996	83539.35
1996	81261.88
1996	77019.29
1996	75423.88
1996	73844.91
1996	71920.88
1996	59942.96
1996	56501.74
1996	55586.05
1996	50135.62
1996	45719.61
1996	45112.74
1996	44211.58
1996	42477.28
1996	40131.42
1996	32555.92
1996	31839.91
1996	31671.42
1996	30739.42
1996	30269.02
1996	27972.53
1996	27183.11
1996	26856.79
1996	24410.92
1996	23923
1996	23459.79
1996	23369.9
1996	22187.08
1996	21639.23
1996	21175.7
1996	21053.48
1996	20995.66
1996	20384.77
1996	20105.36
1996	19176.73
1996	18247.05
1996	17845.21
1996	17193.18
1996	16954.26
1996	16671.52
1996	16082.01
1996	15779.44
1996	15351.13
1996	14430.93
1996	14008.28
1996	13232.18
1996	12929.89
1996	12929.67
1996	12740.98
1996	12553.94
1996	11653.16
1996	10190.57
1996	9854.38
1996	9635.29
1996	9488.31
1996	9439.11
1996	9229.69
1996	9212.39
1996	9150.72
1996	9078
1996	8707.99
1996	8441.92
1996	8345.79
1996	8084.4
1996	7908.24
1996	7766.59
1996	7719.92
1996	7716.01
1996	7543.58
1996	7380.05
1996	7358.53
1996	6947.05
1996	6776.82
1996	6568.81
1996	6562.85
1996	6548.56
1996	6546.71
1996	6370.82
1996	6346.86
1996	6201.63
1996	6097.27
1996	6055.97
1996	5493.42
1996	5287.75
1996	5188.01
1996	5034.64
1996	4956.45
1996	4900.04
1996	4405.76
1996	4276.77
1996	4252.05
1996	4206.89
1996	3950.76
1996	3298.29
1996	3253.16
1996	3241.5
1996	3206.58
1996	2907.21
1996	2845.16
1996	2777.14
1996	2731.81
1996	2501.1
1996	2466.64
1996	2391.31
1996	2271.29
1996	2265.21
1996	2251.21
1996	2245.12
1996	2167.62
1996	2092.91
1996	2069.07
1996	2004.22
1996	1935.37
1996	1899.34
1996	1520.07
1996	1461.63
1996	1455.59
1996	1390.22
1996	1325.38
1996	1255.59
1996	1226.12
1996	1156.68
1996	1094.44
1996	1085.11
1996	1084.45
1996	1036.84
1996	975.55
1996	960.76
1996	899.24
1996	826.9
1996	738.08
1996	601.74
1996	601.53
1996	585.91
1996	573.85
1996	536.06
1996	497.87
1996	454.71
1996	428.24
1996	365.45
1996	341.4
1996	327.55
1996	313.68
1996	285
1996	259.81
1996	251.4
1996	223.77
1996	210.69
1996	206.49
1996	182.53
1996	175.82
1996	165.58
1996	155.81
1996	141.65
1996	131.58
1996	128.41
1996	128.41
1996	123.23
1996	122.35
1996	96.79
1996	89.85
1996	83.4
1996	78.62
1996	71.93
1996	67.65
1996	51.21
1996	39.84
1996	39.37
1996	37.59
1996	36.82
1996	34.11
1996	31.63
1996	30.16
1996	29.63
1996	24.89
1996	21.18
1996	17.57
1996	15.72
1996	15.25
1996	14.41
1996	12.16
1996	9.95
1996	9.82
1996	7.87
1996	6
1996	5.15
1996	3.38
1996	0.45
1997	609630.8
1997	470521.5
1997	321671.29
1997	319998.67
1997	219796.59
1997	183072.09
1997	119634.28
1997	116053.57
1997	113400.95
1997	101615.61
1997	100905.13
1997	99247.15
1997	98737.99
1997	98496.01
1997	89758.65
1997	81048.66
1997	78143.08
1997	77029.86
1997	76185.21
1997	75622.28
1997	72216.24
1997	56657.71
1997	56489.19
1997	53675.74
1997	50148.45
1997	46047.57
1997	45461.94
1997	44933.8
1997	44882.43
1997	41096.78
1997	32962.97
1997	32670.71
1997	31232.66
1997	31171.59
1997	30812.76
1997	28956.62
1997	27071.79
1997	27057.58
1997	24071.8
1997	23804.75
1997	23707.09
1997	23528.82
1997	22998.46
1997	21644.64
1997	21178.12
1997	21105.73
1997	21032.87
1997	20379.77
1997	20290.08
1997	19582.25
1997	18270.01
1997	18103.65
1997	17383.82
1997	16601.53
1997	16450.75
1997	15928.72
1997	15906.83
1997	15252.64
1997	14819.61
1997	13885.08
1997	13267.34
1997	13038.07
1997	12961.9
1997	12780.68
1997	12512.62
1997	11741.85
1997	10010.55
1997	9736.18
1997	9686.95
1997	9650.64
1997	9375.88
1997	9336.9
1997	9311.17
1997	8970.93
1997	8895.65
1997	8675.74
1997	8565.28
1997	8303.86
1997	8167.71
1997	8055.59
1997	7801.67
1997	7600.76
1997	7494.97
1997	7464.76
1997	7357.97
1997	7336.4
1997	7219.34
1997	6889.67
1997	6850.63
1997	6634
1997	6581.2
1997	6443.94
1997	6413.66
1997	6314.47
1997	6237.59
1997	5978.96
1997	5936.61
1997	5467.43
1997	5435.04
1997	5345.81
1997	5214.53
1997	5199.67
1997	5155.82
1997	5018.36
1997	4431.96
1997	4330.22
1997	4141.81
1997	3736.94
1997	3391.91
1997	3388.07
1997	3284.23
1997	3200.29
1997	3103.02
1997	2863.48
1997	2801.4
1997	2798.72
1997	2744.6
1997	2438.45
1997	2390.68
1997	2379.64
1997	2342.19
1997	2275.32
1997	2176.31
1997	2165.17
1997	2157.49
1997	2078.76
1997	2051.74
1997	1975.62
1997	1954.55
1997	1631.79
1997	1502.97
1997	1466.65
1997	1441.67
1997	1437.03
1997	1389.68
1997	1171.32
1997	1168.18
1997	1157.01
1997	1105.29
1997	1078.41
1997	1038.68
1997	954.7
1997	930.82
1997	885.97
1997	850.34
1997	734.08
1997	622.15
1997	603.18
1997	583.91
1997	578.28
1997	546.8
1997	506.02
1997	465.19
1997	428.56
1997	367.96
1997	341.33
1997	322.44
1997	313.48
1997	307.72
1997	267.7
1997	247.73
1997	223.77
1997	211.29
1997	210.87
1997	193.09
1997	182.65
1997	168.09
1997	163.55
1997	146.27
1997	142.17
1997	126.6
1997	124.3
1997	123.74
1997	117.88
1997	94.35
1997	87.83
1997	84.18
1997	78.62
1997	69.93
1997	67.75
1997	51.21
1997	44.81
1997	39.84
1997	38.42
1997	37.37
1997	34.06
1997	31.63
1997	29.73
1997	29.09
1997	24.89
1997	21.3
1997	17.58
1997	16.17
1997	15.25
1997	14.41
1997	12.49
1997	9.95
1997	9.57
1997	7.87
1997	6
1997	5.15
1997	3.32
1997	0.45
1998	609875.75
1998	486473.28
1998	323666.56
1998	317558.79
1998	207310.99
1998	184681.53
1998	119320.41
1998	117459.77
1998	115145.74
1998	101372.76
1998	100236.12
1998	99843.61
1998	98485.44
1998	96199.51
1998	88987.84
1998	81996.93
1998	77709.32
1998	75244.21
1998	74932.86
1998	72808.63
1998	72508.35
1998	55544.67
1998	55086.09
1998	50021.82
1998	48128.26
1998	47945.41
1998	47388.69
1998	45054.93
1998	44433.18
1998	42002.9
1998	35492.15
1998	32777.76
1998	31452.05
1998	31298.86
1998	30082.29
1998	30004.4
1998	27414.92
1998	27023.6
1998	24272.72
1998	24152.12
1998	23786.25
1998	22999.54
1998	22796.53
1998	21943.15
1998	21664.67
1998	21394.67
1998	21118.38
1998	20363.25
1998	19899.62
1998	19425.31
1998	18311.64
1998	18164.31
1998	17635.61
1998	16840.75
1998	16104.43
1998	16082.03
1998	15798.67
1998	15074.83
1998	14994.17
1998	13536.35
1998	13300.45
1998	13230.65
1998	12833.11
1998	12730.76
1998	12250.06
1998	11691.3
1998	9997.01
1998	9936.17
1998	9923.19
1998	9768.18
1998	9545.08
1998	9492.6
1998	9442.46
1998	8883.91
1998	8754.92
1998	8736.14
1998	8716.59
1998	8700.95
1998	8262.8
1998	8219.5
1998	7890.54
1998	7684.37
1998	7443.64
1998	7415.85
1998	7356.28
1998	7352.5
1998	7122.39
1998	7063.83
1998	6871.83
1998	6773.56
1998	6704.27
1998	6691.26
1998	6576.53
1998	6452.9
1998	6150.04
1998	6009.71
1998	5873.24
1998	5503.19
1998	5495.21
1998	5445.21
1998	5380.61
1998	5206.6
1998	5131.85
1998	4901.84
1998	4562.17
1998	4437.93
1998	4096.98
1998	3571.13
1998	3542.04
1998	3507.88
1998	3352.21
1998	3266.35
1998	3061.42
1998	2852.57
1998	2808.83
1998	2753.32
1998	2726.79
1998	2420.72
1998	2405.98
1998	2399.45
1998	2324.06
1998	2322.23
1998	2322.2
1998	2188.34
1998	2172.96
1998	2139.5
1998	2101.39
1998	1976.12
1998	1960.29
1998	1741.8
1998	1535.07
1998	1466.7
1998	1452.56
1998	1435.35
1998	1399.22
1998	1267.64
1998	1216.61
1998	1213.41
1998	1121.08
1998	1073.06
1998	1026.29
1998	894.43
1998	865.05
1998	859.28
1998	840.6
1998	753.35
1998	630.75
1998	603.36
1998	587.01
1998	585.43
1998	551.43
1998	541.83
1998	464.26
1998	428.86
1998	373.13
1998	341.89
1998	313.82
1998	306.98
1998	306.81
1998	267.16
1998	259.61
1998	213.52
1998	210.76
1998	205.13
1998	197.89
1998	182.9
1998	172.81
1998	165.83
1998	157.39
1998	145.77
1998	131.94
1998	123.74
1998	121.74
1998	120
1998	90.79
1998	89.92
1998	85.39
1998	78.62
1998	69.88
1998	58.81
1998	51.21
1998	47.79
1998	39.84
1998	37.99
1998	37.27
1998	34.01
1998	31.99
1998	31.63
1998	29.7
1998	24.89
1998	21.82
1998	17.56
1998	15.89
1998	15.25
1998	14.37
1998	12.49
1998	9.95
1998	9.78
1998	7.87
1998	6
1998	5.15
1998	3.32
1998	0.45
1999	610538.61
1999	498614.18
1999	329945.06
1999	317000.46
1999	196881.87
1999	186561.01
1999	119290.91
1999	119145.68
1999	114646.8
1999	100865.92
1999	100106.04
1999	97828.72
1999	97529.66
1999	94013.76
1999	88874.24
1999	82450.27
1999	78624.85
1999	75937.9
1999	75529.41
1999	72325.85
1999	70123.36
1999	56383.27
1999	55057.03
1999	50285.19
1999	49531.41
1999	49429.13
1999	44836.71
1999	44806.91
1999	44133.62
1999	42862.26
1999	34960
1999	33086.51
1999	31759.19
1999	31411.45
1999	29866.55
1999	29633.95
1999	27767.82
1999	26401.57
1999	24392.2
1999	24385.18
1999	23507.18
1999	23010.52
1999	22570.76
1999	22069.59
1999	21565.57
1999	21533.1
1999	20700.68
1999	20563.13
1999	20286.29
1999	19888.58
1999	18709.45
1999	18177.88
1999	18102.1
1999	17278.46
1999	17100.16
1999	16150.45
1999	15807.36
1999	15100.26
1999	14725.88
1999	13398.58
1999	13167.69
1999	13113.48
1999	12911.83
1999	12854.21
1999	12068.21
1999	11816.71
1999	10440.28
1999	10289.4
1999	9644.09
1999	9602.29
1999	9573.34
1999	9438.47
1999	9419.95
1999	9276.59
1999	9037.26
1999	8809.76
1999	8787.26
1999	8778.2
1999	8479.64
1999	8359.42
1999	7965.69
1999	7589.26
1999	7578.14
1999	7386.43
1999	7345.4
1999	7275.79
1999	7191.16
1999	7179.2
1999	6954.43
1999	6923.67
1999	6892.62
1999	6729.2
1999	6423.87
1999	6415.22
1999	6228.16
1999	5846.46
1999	5826.42
1999	5722.71
1999	5675
1999	5624.37
1999	5606.18
1999	5144.29
1999	5139.63
1999	4976
1999	4563.72
1999	4465.75
1999	3982.43
1999	3855.16
1999	3692.88
1999	3517.13
1999	3418.83
1999	3321.41
1999	3267.49
1999	2972.74
1999	2845.06
1999	2805.46
1999	2765.83
1999	2719.24
1999	2499.26
1999	2475.2
1999	2445.23
1999	2415.23
1999	2348.78
1999	2329.17
1999	2193.56
1999	2175.59
1999	2150.52
1999	2150.09
1999	2043.32
1999	1983.61
1999	1628.84
1999	1524.59
1999	1443.29
1999	1414.37
1999	1388
1999	1367.43
1999	1243.54
1999	1224.55
1999	1187.64
1999	1121.46
1999	1068.94
1999	1021.84
1999	897.94
1999	852.08
1999	843.58
1999	766.45
1999	650.72
1999	591.47
1999	584.67
1999	577.51
1999	568.02
1999	566.55
1999	465.88
1999	429.25
1999	384.19
1999	349.77
1999	311.51
1999	311.5
1999	306.82
1999	277.68
1999	265.46
1999	223.71
1999	216.29
1999	212.86
1999	205.13
1999	182.73
1999	182.72
1999	159.33
1999	147.98
1999	144.09
1999	137.69
1999	124.27
1999	123.4
1999	116.89
1999	93.19
1999	91.33
1999	86.4
1999	78.62
1999	69.91
1999	60.76
1999	54.27
1999	53.89
1999	39.8
1999	39.25
1999	37.18
1999	35.94
1999	31.65
1999	29.83
1999	28.02
1999	24.89
1999	23.02
1999	17.09
1999	15.85
1999	15.25
1999	14.37
1999	12.49
1999	9.49
1999	9.37
1999	7.87
1999	6
1999	5.15
1999	3.32
1999	0.45
2000	610889.45
2000	512122.11
2000	339264.37
2000	302842.16
2000	193514.19
2000	190208.48
2000	122363.67
2000	119873.09
2000	118421.08
2000	102422.53
2000	99474.69
2000	97731.85
2000	97349.84
2000	91772.42
2000	89435.09
2000	86993.4
2000	79625.46
2000	76375.48
2000	75663.16
2000	72096.64
2000	67161.61
2000	57217.24
2000	54892.02
2000	52757.83
2000	50741.97
2000	49859.53
2000	44542.19
2000	44292.91
2000	43763.94
2000	43518.51
2000	33097.11
2000	33094.36
2000	31458.04
2000	30954.88
2000	29665.47
2000	28862.38
2000	28089.13
2000	25957.13
2000	25419.55
2000	24458.7
2000	23594.6
2000	22942.32
2000	22381.9
2000	22271.86
2000	21782.75
2000	21580.61
2000	20718.44
2000	20180.85
2000	19999.81
2000	19938.37
2000	18914.22
2000	17980.54
2000	17674.3
2000	17363.13
2000	16175.15
2000	16038.21
2000	15596.16
2000	15153.42
2000	14852.99
2000	13422.53
2000	13129.5
2000	12965.87
2000	12935.33
2000	12867.92
2000	12557.48
2000	12086.19
2000	10633.82
2000	10610
2000	10026.37
2000	9813.77
2000	9744.95
2000	9286.16
2000	9232.16
2000	8964.32
2000	8860.49
2000	8722.83
2000	8647.19
2000	8363.85
2000	8257.59
2000	8073.74
2000	7705.97
2000	7672.6
2000	7650.24
2000	7590.89
2000	7373.74
2000	7367.5
2000	7294.22
2000	7169.85
2000	7140.11
2000	7043.59
2000	6906.86
2000	6836.08
2000	6441.73
2000	6379.96
2000	6255.25
2000	5895.63
2000	5861.77
2000	5835.47
2000	5730.97
2000	5616.78
2000	5410.56
2000	5140.65
2000	5098.48
2000	5041.8
2000	4874.05
2000	4504.54
2000	3992.7
2000	3890.13
2000	3770.62
2000	3518.95
2000	3487.89
2000	3380.14
2000	3270.81
2000	3209.76
2000	2985.99
2000	2819.01
2000	2749.15
2000	2723.73
2000	2580.59
2000	2577.99
2000	2515.41
2000	2491.15
2000	2472.12
2000	2374.93
2000	2201.11
2000	2175.4
2000	2121.15
2000	2083.2
2000	1995.43
2000	1751.79
2000	1717.76
2000	1573.66
2000	1456.57
2000	1421.07
2000	1420.11
2000	1368.37
2000	1283.48
2000	1237.42
2000	1144.69
2000	1144.03
2000	1053.15
2000	1021.35
2000	882.26
2000	863.58
2000	857.34
2000	766.87
2000	680.89
2000	597.96
2000	590.1
2000	589.33
2000	583.81
2000	572.55
2000	545.1
2000	467.28
2000	429.56
2000	385.12
2000	331.58
2000	311.99
2000	307.17
2000	304.82
2000	282.83
2000	266.55
2000	237.91
2000	222.87
2000	213.22
2000	205.54
2000	182.88
2000	175.76
2000	153.89
2000	151.36
2000	145.88
2000	133.79
2000	120.87
2000	112.27
2000	110.83
2000	94.34
2000	92.09
2000	87.27
2000	78.58
2000	67.84
2000	59.22
2000	58.61
2000	56.58
2000	41.24
2000	39.8
2000	36.55
2000	34.99
2000	29.92
2000	29.34
2000	28.59
2000	24.89
2000	22.1
2000	18.48
2000	17.07
2000	15.95
2000	14.37
2000	12.49
2000	10.14
2000	9.49
2000	7.87
2000	5.75
2000	5.15
2000	3.32
2000	0.45
2001	612829.91
2001	505893.21
2001	340771.12
2001	302274.69
2001	194856.11
2001	188467.45
2001	124432.06
2001	121082.99
2001	119695.79
2001	103259.95
2001	99648.88
2001	98051.36
2001	97344.82
2001	90107.84
2001	89711.21
2001	85373.22
2001	80538.39
2001	78201.1
2001	75784.69
2001	71654.88
2001	66819.44
2001	58083.18
2001	56247.34
2001	55698.07
2001	52297.35
2001	48445.37
2001	44865.56
2001	44749.24
2001	44397.36
2001	43338.88
2001	35392.18
2001	33765.57
2001	30880.39
2001	30015.3
2001	29941.32
2001	28976.93
2001	28481.21
2001	25877.74
2001	25433.99
2001	24603.89
2001	23484.79
2001	23173.43
2001	22546.96
2001	22324.07
2001	22292.85
2001	21692.82
2001	21362.97
2001	20570.45
2001	19982.52
2001	19954.2
2001	19506.91
2001	17673.52
2001	16837.27
2001	16753.13
2001	16455.71
2001	15613.71
2001	15509.78
2001	15237.93
2001	14790.17
2001	13489.54
2001	13155.28
2001	13115.89
2001	13074.55
2001	12588.01
2001	12505.11
2001	11930
2001	10912.86
2001	10262.1
2001	10090.08
2001	9734.33
2001	9341.25
2001	9330.72
2001	9274.09
2001	9070.1
2001	9050.93
2001	8736.69
2001	8428
2001	8233.95
2001	8049.51
2001	7999.53
2001	7883.61
2001	7718.21
2001	7539.72
2001	7507.98
2001	7398.88
2001	7322.51
2001	7217.53
2001	7102.95
2001	7080.36
2001	7049.29
2001	6835.89
2001	6805.13
2001	6421.27
2001	6398.46
2001	6264.18
2001	5964.41
2001	5954.8
2001	5892.76
2001	5849.17
2001	5503.24
2001	5403.4
2001	5110.85
2001	5004.81
2001	5004.51
2001	4850
2001	4520.99
2001	4127.19
2001	4068.94
2001	3825.92
2001	3566.64
2001	3537.62
2001	3493.46
2001	3319.85
2001	3278.65
2001	2982.26
2001	2819.05
2001	2814.52
2001	2744.39
2001	2659.48
2001	2595.79
2001	2523.33
2001	2521.15
2001	2489.87
2001	2442.02
2001	2254.59
2001	2178.77
2001	2099.37
2001	1979.27
2001	1965.22
2001	1785.01
2001	1723.31
2001	1594.6
2001	1538.36
2001	1526.57
2001	1434.11
2001	1364.96
2001	1302.52
2001	1284.01
2001	1153.7
2001	1136.33
2001	1048.94
2001	1026.64
2001	878.73
2001	855.08
2001	810.61
2001	759.85
2001	682.17
2001	652.27
2001	599.31
2001	598.05
2001	583.43
2001	578.58
2001	539.15
2001	467.08
2001	429.96
2001	385.48
2001	333.75
2001	325.4
2001	311.08
2001	307.67
2001	297.9
2001	277.43
2001	249
2001	227.24
2001	205.69
2001	195.41
2001	189.16
2001	184.26
2001	181.52
2001	160.25
2001	153.39
2001	141.87
2001	137.48
2001	120.87
2001	112.6
2001	104.86
2001	94.51
2001	90.32
2001	78.58
2001	68.64
2001	63.83
2001	58.72
2001	58.12
2001	41.24
2001	39.8
2001	37.28
2001	36.95
2001	30.01
2001	29.1
2001	28.82
2001	24.89
2001	21.67
2001	21.21
2001	17.05
2001	15.78
2001	14.37
2001	12.49
2001	10.23
2001	9.49
2001	7.91
2001	5.74
2001	5.15
2001	3.32
2001	0.45
2002	616844.06
2002	510927.22
2002	342534.14
2002	301703.87
2002	199376.36
2002	184983.28
2002	127280.21
2002	120736.91
2002	118811.15
2002	104957
2002	99092.23
2002	98032.97
2002	97874.54
2002	91332.92
2002	89721.23
2002	86060.82
2002	81445.94
2002	78476.43
2002	74971.08
2002	72541.28
2002	66165.41
2002	59269.75
2002	56751.82
2002	56287.52
2002	54464.65
2002	48054.51
2002	45478.83
2002	45155.26
2002	44019.08
2002	43084.87
2002	40138.69
2002	34643.93
2002	31073.38
2002	30830.06
2002	30347.59
2002	29391.97
2002	28741.74
2002	25756.48
2002	24902.63
2002	24797.02
2002	23515.15
2002	23375.65
2002	23259.51
2002	23044.52
2002	22359.29
2002	21712.91
2002	21139.8
2002	21007.97
2002	20153.37
2002	19733.94
2002	19581.7
2002	18199.99
2002	16768.36
2002	16038.87
2002	16009.47
2002	15427.59
2002	15373
2002	15363.21
2002	14788.38
2002	13635.24
2002	13289.87
2002	13062.37
2002	12927.12
2002	12400.54
2002	11961.86
2002	11757.42
2002	11212.95
2002	10562.97
2002	9989.34
2002	9761.93
2002	9259.86
2002	9206.08
2002	9144.76
2002	9129.62
2002	8667.73
2002	8362.73
2002	8299.3
2002	8093.47
2002	7997.71
2002	7898.49
2002	7684.75
2002	7551.98
2002	7535.66
2002	7423.31
2002	7366.35
2002	7329.74
2002	7305.1
2002	7255.39
2002	7232.39
2002	7185.25
2002	6734.47
2002	6656.5
2002	6455.11
2002	6427
2002	6356.5
2002	6085.24
2002	6046.02
2002	6005.63
2002	5866.3
2002	5794.47
2002	5406.64
2002	5112.14
2002	5070.55
2002	4966.92
2002	4864.58
2002	4665.7
2002	4257.54
2002	4243.94
2002	3942.68
2002	3567.67
2002	3564.34
2002	3525.51
2002	3406.99
2002	3246.87
2002	2961.04
2002	2818.88
2002	2751.32
2002	2730.97
2002	2712.81
2002	2600.79
2002	2571.18
2002	2534.22
2002	2478.27
2002	2442.94
2002	2309.88
2002	2166.48
2002	2095.58
2002	1945.07
2002	1845.13
2002	1720.52
2002	1711.74
2002	1624.55
2002	1609.45
2002	1607.04
2002	1464.23
2002	1384.94
2002	1333.01
2002	1328.97
2002	1189.12
2002	1048.77
2002	1035.22
2002	1007.51
2002	980.65
2002	857.05
2002	805.49
2002	745.68
2002	717.69
2002	663
2002	602.77
2002	600.18
2002	590.97
2002	588.03
2002	524.58
2002	466.02
2002	399.24
2002	385.69
2002	336.76
2002	331.72
2002	327.2
2002	314.81
2002	300.66
2002	276.34
2002	274.93
2002	227.96
2002	206.16
2002	190.93
2002	189.44
2002	186.85
2002	183.46
2002	161.22
2002	141.91
2002	138.9
2002	120.84
2002	106.14
2002	99.6
2002	93.05
2002	90.77
2002	87.4
2002	78.58
2002	65.63
2002	63.46
2002	61.87
2002	58.72
2002	41.24
2002	39.8
2002	37.65
2002	37.04
2002	30.47
2002	28.75
2002	28.68
2002	28.04
2002	24.89
2002	20.42
2002	17.03
2002	14.63
2002	14.37
2002	12.49
2002	10.43
2002	9.49
2002	7.91
2002	5.52
2002	5.15
2002	3.32
2002	0.45
2003	621683.16
2003	520591.82
2003	348737.04
2003	301838.11
2003	205342.76
2003	180983.16
2003	126771.21
2003	120978.37
2003	115256.16
2003	106779.01
2003	98336.92
2003	98234.3
2003	97822.32
2003	93922.28
2003	89192.01
2003	86152.92
2003	81456.12
2003	79374
2003	77371.49
2003	72347.45
2003	64998.75
2003	60456.54
2003	58153.58
2003	57220.74
2003	55177.51
2003	48201.31
2003	46419.8
2003	45818.2
2003	43785.21
2003	43284.12
2003	39622.55
2003	34930.45
2003	31082.95
2003	30967.72
2003	30826.97
2003	29837.45
2003	28582.18
2003	26049.1
2003	25357.41
2003	25126.25
2003	24067.34
2003	23883.74
2003	23589.7
2003	22943.47
2003	22830.07
2003	21777.25
2003	21574.92
2003	21237.63
2003	20449.79
2003	19736.48
2003	19298.66
2003	18741.35
2003	17464.45
2003	16212.87
2003	15574.94
2003	15564.51
2003	15392.52
2003	15077.27
2003	14821.7
2003	13722.23
2003	13457.59
2003	13021.84
2003	12843.67
2003	12209.19
2003	12062.53
2003	11575.2
2003	11565.19
2003	10939.14
2003	10567.29
2003	10042.91
2003	9698.18
2003	9223.88
2003	9123.31
2003	8921.07
2003	8709.79
2003	8577.24
2003	8445.66
2003	8384.81
2003	8064.84
2003	7963.11
2003	7906.63
2003	7868.38
2003	7553.88
2003	7428.88
2003	7416.29
2003	7324.57
2003	7312.93
2003	7200.55
2003	7084.97
2003	6833.18
2003	6767.81
2003	6539.91
2003	6454.92
2003	6379.27
2003	6325.32
2003	6264.25
2003	6153.1
2003	5966.76
2003	5948.61
2003	5918.21
2003	5333.59
2003	5205.1
2003	5168.49
2003	4978.54
2003	4875.05
2003	4664.76
2003	4465.29
2003	4290.82
2003	4149.82
2003	3671.16
2003	3526.14
2003	3495.95
2003	3464.72
2003	3332.9
2003	2974.18
2003	2826.47
2003	2808.2
2003	2786.68
2003	2689.83
2003	2653.73
2003	2610.46
2003	2567.71
2003	2511.05
2003	2446.96
2003	2355.72
2003	2271.03
2003	2080.54
2003	1975.16
2003	1922.01
2003	1811.38
2003	1732.33
2003	1665.66
2003	1656.4
2003	1654.72
2003	1518.39
2003	1390.58
2003	1389.34
2003	1340.25
2003	1239.56
2003	1063.65
2003	1029.6
2003	987.61
2003	971.95
2003	841.94
2003	828.17
2003	748.25
2003	718.24
2003	666.31
2003	614.43
2003	601.88
2003	601.04
2003	590.52
2003	508.78
2003	465.67
2003	399.44
2003	386.52
2003	346.25
2003	337.24
2003	335.53
2003	318
2003	315.04
2003	292.79
2003	281.89
2003	228.68
2003	206.16
2003	195.24
2003	192.56
2003	183.45
2003	169.54
2003	161.18
2003	141.96
2003	134.19
2003	120.84
2003	106.25
2003	97.01
2003	94.01
2003	91.21
2003	88.33
2003	78.58
2003	70.38
2003	61.98
2003	60.89
2003	60.46
2003	41.24
2003	39.8
2003	38.08
2003	37.17
2003	30.47
2003	29.7
2003	28.07
2003	27.99
2003	24.89
2003	20.42
2003	17.01
2003	14.4
2003	14.37
2003	12.49
2003	10.61
2003	9.49
2003	7.91
2003	5.57
2003	5.15
2003	3.32
2003	0.45
2004	613847.68
2004	531265.43
2004	350986.73
2004	296515.18
2004	210512.25
2004	176688.8
2004	127054.3
2004	120230.9
2004	117372.49
2004	109358.11
2004	100032.26
2004	98024.19
2004	97723.62
2004	96384.73
2004	86006.23
2004	85744.53
2004	82866.74
2004	80270.63
2004	78186.35
2004	72214.58
2004	62199.96
2004	61716.41
2004	61698.68
2004	56738.48
2004	56454.11
2004	48802.88
2004	46600.35
2004	46205.62
2004	43575.58
2004	42768.39
2004	40711.11
2004	35175.18
2004	31006.11
2004	30894.05
2004	30812.98
2004	30274.76
2004	28922.14
2004	25963.49
2004	25866.46
2004	25397.52
2004	24744.88
2004	24328.38
2004	23680.16
2004	23031.31
2004	22989.01
2004	21976.51
2004	21891.29
2004	21480.76
2004	20987.26
2004	20412.48
2004	19586.59
2004	18931.61
2004	18618.72
2004	16322.51
2004	15944.04
2004	15435.86
2004	15185.94
2004	14942.87
2004	14718.28
2004	13961.6
2004	13372.82
2004	12523.75
2004	12210.65
2004	12030.34
2004	11932.44
2004	11830.76
2004	11803.26
2004	11466.46
2004	11041.43
2004	10141.3
2004	9831.17
2004	9786.79
2004	9205.04
2004	9034
2004	8845.39
2004	8659.51
2004	8585.97
2004	8476.63
2004	8206.55
2004	8137.87
2004	8035.86
2004	8023.1
2004	7967.7
2004	7624.78
2004	7596.22
2004	7374.6
2004	7359.56
2004	7224.05
2004	6979.11
2004	6757.79
2004	6738.93
2004	6674.32
2004	6384.15
2004	6366.55
2004	6195.18
2004	6117.13
2004	6016.07
2004	5928.06
2004	5853.1
2004	5399.23
2004	5248.79
2004	5146.38
2004	4999.67
2004	4990.99
2004	4859.3
2004	4768.72
2004	4677.4
2004	4337.73
2004	4232.92
2004	3672.76
2004	3562.88
2004	3538.86
2004	3501.13
2004	3347.33
2004	2897.04
2004	2896.67
2004	2869.55
2004	2836.06
2004	2785.27
2004	2669.59
2004	2553.44
2004	2450.79
2004	2410.15
2004	2409.99
2004	2228.4
2004	2144.3
2004	2057.75
2004	2024.92
2004	1994.23
2004	1925.3
2004	1804.07
2004	1732.71
2004	1684.86
2004	1653.65
2004	1611.37
2004	1500.33
2004	1461.45
2004	1367.26
2004	1220.87
2004	1065.04
2004	1025.64
2004	1008.99
2004	966.12
2004	838.48
2004	783.38
2004	739.07
2004	724.68
2004	679.54
2004	621.45
2004	620.72
2004	608.55
2004	595.4
2004	501.18
2004	442.94
2004	399.6
2004	389.41
2004	356.45
2004	339.15
2004	337.8
2004	325.61
2004	316.99
2004	295.38
2004	271.66
2004	225.06
2004	206.26
2004	196.01
2004	193.68
2004	183.89
2004	173.4
2004	161.07
2004	141.94
2004	136.07
2004	120.84
2004	101.58
2004	95.28
2004	94.19
2004	89.75
2004	88.47
2004	78.58
2004	73.57
2004	61.26
2004	60.89
2004	59.08
2004	40.66
2004	39.8
2004	38.62
2004	37.1
2004	30.49
2004	29.88
2004	27.99
2004	24.9
2004	24.89
2004	19.69
2004	17.06
2004	14.37
2004	13.27
2004	12.49
2004	10.64
2004	9.49
2004	7.91
2004	5.53
2004	5.15
2004	3.32
2004	0.45
2005	617633.13
2005	544050.72
2005	357056.38
2005	293688.98
2005	212998.67
2005	171425.34
2005	127721.59
2005	119274.92
2005	118518.4
2005	111185.97
2005	100953.58
2005	100439.91
2005	100278.38
2005	96156.01
2005	85126.5
2005	84125.22
2005	83134.53
2005	82577.65
2005	77824.33
2005	74080.39
2005	66061.57
2005	63458.05
2005	60408.55
2005	58175.77
2005	56587.94
2005	49011.2
2005	47555.22
2005	46593.93
2005	43837.1
2005	43481.92
2005	42865.38
2005	35454.39
2005	31502.62
2005	31115.24
2005	31048.59
2005	30291.44
2005	29338.02
2005	26310.82
2005	25939.81
2005	25557.47
2005	24545.51
2005	23891.29
2005	23751.34
2005	23220.79
2005	22993.81
2005	21905.46
2005	21719.76
2005	21624.37
2005	21592.63
2005	20470.47
2005	19374.93
2005	19357.61
2005	18563.92
2005	17565.4
2005	16331.5
2005	15411.78
2005	15132.77
2005	14785.23
2005	14661.81
2005	14148.05
2005	12668.06
2005	12534.92
2005	12301.09
2005	12264.63
2005	12056.71
2005	11851.53
2005	11545.52
2005	11489.89
2005	11370.27
2005	10343.09
2005	9961.07
2005	9434.31
2005	9383.86
2005	9157.27
2005	8941.7
2005	8807.47
2005	8712.78
2005	8706.58
2005	8572.44
2005	8535.46
2005	8389.04
2005	8301.16
2005	8078.07
2005	7982.43
2005	7809.76
2005	7433.56
2005	7412.94
2005	7307.1
2005	6911.57
2005	6871.37
2005	6813.66
2005	6611.02
2005	6540.32
2005	6512.98
2005	6319.95
2005	6227.22
2005	6170.47
2005	5940.06
2005	5835.66
2005	5566.37
2005	5421.3
2005	5168.45
2005	5002.97
2005	4932.66
2005	4912.57
2005	4873.55
2005	4866.73
2005	4375.37
2005	4295.69
2005	3678.6
2005	3671.08
2005	3622.34
2005	3539.96
2005	3381.49
2005	2928.31
2005	2906.21
2005	2872.94
2005	2861.36
2005	2843.71
2005	2726.61
2005	2630.66
2005	2457.06
2005	2434.19
2005	2421.22
2005	2170.81
2005	2063.83
2005	2027.83
2005	2003.53
2005	1969.3
2005	1968.48
2005	1946.18
2005	1806.78
2005	1748.43
2005	1704.98
2005	1551.5
2005	1524.98
2005	1505.22
2005	1403.02
2005	1220.55
2005	1107.53
2005	1048.6
2005	995.43
2005	984.9
2005	842.7
2005	768.59
2005	725.14
2005	720.06
2005	685.34
2005	633.32
2005	630.71
2005	609.57
2005	549.3
2005	496.33
2005	442.83
2005	399.73
2005	389.78
2005	359.31
2005	343.44
2005	342.16
2005	326.94
2005	316.88
2005	282.14
2005	269.43
2005	225.24
2005	206.33
2005	196.33
2005	183.21
2005	182.7
2005	178.82
2005	160.81
2005	141.91
2005	136.76
2005	120.84
2005	98.87
2005	95.16
2005	91.76
2005	91.19
2005	88.57
2005	78.58
2005	69.6
2005	60.89
2005	59.18
2005	59.04
2005	40.58
2005	39.84
2005	38.63
2005	37.07
2005	30.49
2005	29.88
2005	28.15
2005	24.9
2005	18.58
2005	18.55
2005	17.09
2005	14.37
2005	12.54
2005	12.49
2005	10.64
2005	9.49
2005	7.96
2005	5.53
2005	5.15
2005	3.29
2005	0.45
2006	618518.3
2006	556141.32
2006	360760.11
2006	293122.05
2006	213596.02
2006	167898.06
2006	128552.23
2006	119881.18
2006	118932.59
2006	116685.62
2006	101067.63
2006	100118.42
2006	98808.25
2006	97049.14
2006	84516.55
2006	83945.68
2006	82976.51
2006	82311.93
2006	78787.79
2006	76236.08
2006	66896.29
2006	64692.22
2006	59962.25
2006	59709.58
2006	56533.69
2006	49183.67
2006	47911.58
2006	46919.57
2006	45984.38
2006	43404.09
2006	43195.48
2006	36420.45
2006	31977.07
2006	31573.91
2006	31153.95
2006	30232.9
2006	29481.08
2006	26911.14
2006	26062.75
2006	25540.51
2006	25456.21
2006	24198.61
2006	23715.34
2006	23423.4
2006	22961.43
2006	22585.86
2006	21910.71
2006	21737.52
2006	21717.87
2006	20282.56
2006	19748.47
2006	19550.6
2006	18002.96
2006	17650.83
2006	16893.34
2006	15298.25
2006	15121.76
2006	14617.63
2006	14612.51
2006	14396.41
2006	12967.32
2006	12688.63
2006	12591.25
2006	12562.79
2006	12091.12
2006	12052.81
2006	11784.52
2006	11619.2
2006	11266.82
2006	10456.34
2006	10163.75
2006	9765.78
2006	9698.61
2006	9512.98
2006	9131.22
2006	9036.44
2006	8931.45
2006	8730.92
2006	8685.89
2006	8673.51
2006	8554.03
2006	8536.82
2006	8235.19
2006	8069.89
2006	7793.28
2006	7466.65
2006	7413.36
2006	7335.57
2006	6929.36
2006	6844.82
2006	6779
2006	6754.88
2006	6577.84
2006	6354.62
2006	6338.82
2006	6297.25
2006	6140.37
2006	5937.5
2006	5812.5
2006	5583.9
2006	5529
2006	5224.3
2006	5158.94
2006	5014.07
2006	4927.54
2006	4856.77
2006	4684.46
2006	4359.17
2006	4330.22
2006	3887.09
2006	3790.58
2006	3690.25
2006	3621.79
2006	3376.87
2006	2907.86
2006	2901.54
2006	2856.94
2006	2855.95
2006	2845.34
2006	2642.83
2006	2580.09
2006	2483.23
2006	2462.78
2006	2461.57
2006	2284.74
2006	2220.88
2006	2154
2006	2097.92
2006	2095.72
2006	2088.42
2006	1978
2006	1840.34
2006	1784.82
2006	1750.15
2006	1586.7
2006	1552.96
2006	1544.06
2006	1370.63
2006	1199.39
2006	1079.57
2006	1038.57
2006	1004.97
2006	999.02
2006	816.38
2006	770.14
2006	726.78
2006	689.11
2006	670.68
2006	641.3
2006	635.37
2006	623.73
2006	592.78
2006	491.53
2006	442.73
2006	410.18
2006	386.28
2006	369.11
2006	366.92
2006	349.42
2006	343.08
2006	329.36
2006	316.88
2006	311.95
2006	268.6
2006	225.24
2006	206.38
2006	196.43
2006	196.28
2006	192.41
2006	189.05
2006	158.24
2006	141.89
2006	139.86
2006	120.84
2006	99.71
2006	94.21
2006	90.64
2006	88.68
2006	86.18
2006	78.58
2006	76.49
2006	61.01
2006	58.94
2006	58.55
2006	40.31
2006	39.84
2006	39.42
2006	38.63
2006	30.49
2006	29.88
2006	28.17
2006	24.91
2006	16.53
2006	16.36
2006	15.36
2006	14.39
2006	12.5
2006	12.49
2006	10.64
2006	9.49
2006	7.96
2006	5.53
2006	5.15
2006	3.27
2006	0.45
2007	619124.95
2007	559503.57
2007	369126.98
2007	292401.62
2007	212209.91
2007	167552.07
2007	129093.54
2007	121134.06
2007	119019.98
2007	115090.66
2007	102648.35
2007	100518.37
2007	100102.3
2007	96594.46
2007	85172.67
2007	83479.85
2007	81781.14
2007	81256.19
2007	79463.46
2007	78344.57
2007	67267.4
2007	66125.84
2007	60871.4
2007	59199.58
2007	57024.15
2007	48890.8
2007	48888.98
2007	48105.78
2007	47161.97
2007	43831.85
2007	42851.05
2007	36793.37
2007	32726.04
2007	31880.93
2007	30924.37
2007	30359.64
2007	29508.81
2007	26967.13
2007	26006.15
2007	25730.78
2007	25136
2007	24317.45
2007	23710.12
2007	23684.54
2007	23638.48
2007	22662.75
2007	22177.73
2007	22014.18
2007	21893.76
2007	19708.96
2007	19528.14
2007	18931.18
2007	18542.04
2007	17688.66
2007	17301.39
2007	15217.7
2007	14990.53
2007	14545.17
2007	14387.76
2007	13942.4
2007	13464.78
2007	13095.54
2007	12641.96
2007	12580.81
2007	12551.26
2007	12284.65
2007	11815.15
2007	11636.49
2007	11223.98
2007	10991.69
2007	10560.58
2007	10303.66
2007	10300.76
2007	10177.33
2007	9433.35
2007	9238.86
2007	9077.23
2007	8957.47
2007	8855.28
2007	8729.75
2007	8691.17
2007	8571.21
2007	8464.85
2007	7852.48
2007	7741.81
2007	7531.4
2007	7423.32
2007	7366.07
2007	7208.66
2007	7110.64
2007	6811.35
2007	6774.37
2007	6663.03
2007	6428.65
2007	6393.79
2007	6186.79
2007	6120.07
2007	5986.63
2007	5901.69
2007	5618.59
2007	5552.84
2007	5398.89
2007	5156.87
2007	5022.54
2007	4952.81
2007	4948.83
2007	4906.16
2007	4387.7
2007	4330.7
2007	3898.7
2007	3797.84
2007	3747.47
2007	3592.22
2007	3396.07
2007	3125.05
2007	2956.73
2007	2951.84
2007	2844.94
2007	2830.22
2007	2685.79
2007	2652.89
2007	2492.13
2007	2483.51
2007	2465.14
2007	2273.29
2007	2224.38
2007	2188.6
2007	2165.48
2007	2063.59
2007	2033.62
2007	2007.41
2007	1869.87
2007	1820.73
2007	1774.9
2007	1685.21
2007	1529.96
2007	1521.69
2007	1329.11
2007	1194.49
2007	1082.18
2007	1049.2
2007	1026.66
2007	1009.33
2007	820.32
2007	773.5
2007	716.32
2007	689
2007	677.13
2007	657.15
2007	637.34
2007	635.71
2007	616.8
2007	489.13
2007	443.55
2007	407.47
2007	386.49
2007	375.96
2007	369.13
2007	349.93
2007	343.67
2007	333.54
2007	320.75
2007	309.97
2007	273.58
2007	225.32
2007	207.49
2007	206.43
2007	199.18
2007	197.46
2007	192.34
2007	157.36
2007	143.96
2007	140.07
2007	125.19
2007	98.49
2007	92.71
2007	92.64
2007	88.75
2007	87.69
2007	82.68
2007	79.1
2007	61.01
2007	58.38
2007	57.03
2007	39.93
2007	39.84
2007	39.42
2007	38.8
2007	30.12
2007	29.88
2007	28.49
2007	24.92
2007	16.78
2007	16.55
2007	15.36
2007	14.39
2007	12.5
2007	11.07
2007	10.75
2007	9.49
2007	8.48
2007	5.61
2007	5.15
2007	3.25
2007	0.45
