1980	1436
1980	1161.75282
1980	1071.08478
1980	353.98603
1980	275.24667
1980	273.94156
1980	232.53117
1980	192.65199
1980	190.56392
1980	189.96857
1980	139.19161
1980	119.38731
1980	103.74124
1980	97.50393
1980	88.77636
1980	54.96048
1980	53.21195
1980	49.84186
1980	45.88765
1980	40.94968
1980	39.89736
1980	35.08139
1980	30.27322
1980	23.62067
1980	23.5635
1980	19.88304
1980	16.65008
1980	14.59819
1980	14.1891
1980	13.49089
1980	12.69698
1980	9.98266
1980	9.42833
1980	9.28573
1980	7.71896
1980	7.12569
1980	6.22345
1980	5.39276
1980	5.33346
1980	4.43439
1980	4.20429
1980	3.83407
1980	3.64275
1980	3.19816
1980	2.63382
1980	2.44812
1980	2.03534
1980	1.9071
1980	1.66416
1980	1.625
1980	1.61981
1980	1.6153
1980	1.61193
1980	1.45923
1980	1.41711
1980	0.8806
1980	0.83053
1980	0.73377
1980	0.68583
1980	0.6245
1980	0.60745
1980	0.44924
1980	0.43791
1980	0.41871
1980	0.2664
1980	0.26027
1980	0.25093
1980	0.20645
1980	0.19732
1980	0.15874
1980	0.15225
1980	0.08047
1980	0.07115
1980	0.05659
1980	0.05128
1980	0.04772
1980	0.04391
1980	0.02442
1980	0.01807
1980	0.01573
1980	0.01465
1980	0.01364
1980	0.01176
1980	0.01163
1980	0.00997
1980	0.00618
1980	0.00557
1980	0.00499
1980	0.00499
1980	0.00488
1980	0.00424
1980	0.00309
1980	0.00309
1980	0.00309
1980	0.00273
1980	0.00267
1980	0.00263
1980	0.00249
1980	0.00244
1980	0.00244
1980	0.00244
1980	0.00021
1981	1485
1981	1165.4692
1981	1075.22125
1981	318.24541
1981	279.19881
1981	271.59753
1981	235.6476
1981	225.35985
1981	208.64027
1981	205.9494
1981	138.59664
1981	107.2673
1981	107.15225
1981	103.3009
1981	91.48559
1981	66.93065
1981	65.80907
1981	59.80742
1981	51.83576
1981	49.96141
1981	45.22023
1981	35.48608
1981	30.171
1981	25.74389
1981	23.12938
1981	21.84561
1981	19.31141
1981	16.27668
1981	16.02665
1981	13.09492
1981	12.21432
1981	9.80731
1981	9.69511
1981	9.25105
1981	6.65685
1981	6.22556
1981	5.3784
1981	5.15425
1981	4.64047
1981	4.20827
1981	4.07317
1981	3.8129
1981	3.52028
1981	3.23592
1981	3.21259
1981	2.81251
1981	2.58635
1981	1.92906
1981	1.89298
1981	1.88982
1981	1.82889
1981	1.78469
1981	1.77344
1981	1.37305
1981	1.2077
1981	0.91871
1981	0.85067
1981	0.75074
1981	0.7427
1981	0.70615
1981	0.63588
1981	0.61191
1981	0.44592
1981	0.42501
1981	0.40794
1981	0.30025
1981	0.2993
1981	0.27983
1981	0.23628
1981	0.19742
1981	0.17797
1981	0.17147
1981	0.13206
1981	0.11722
1981	0.1028
1981	0.07693
1981	0.06359
1981	0.05402
1981	0.03764
1981	0.02931
1981	0.02422
1981	0.02352
1981	0.01807
1981	0.01465
1981	0.01163
1981	0.00733
1981	0.00618
1981	0.00618
1981	0.00499
1981	0.00497
1981	0.00424
1981	0.00309
1981	0.00309
1981	0.00309
1981	0.00309
1981	0.00281
1981	0.00267
1981	0.00263
1981	0.00249
1981	0.00249
1981	0.00249
1981	0.00244
1981	0.00244
1981	0.00023
1982	1433
1982	1243.52391
1982	1111.72977
1982	326.2262
1982	274.59958
1982	251.93513
1982	236.4063
1982	234.88507
1982	223.30493
1982	201.05065
1982	140.23196
1982	112.96356
1982	108.26682
1982	99.07864
1982	97.69265
1982	73.07886
1982	68.95024
1982	61.33245
1982	50.36002
1982	49.51218
1982	48.32676
1982	37.54873
1982	30.66437
1982	26.58084
1982	22.76988
1982	21.03297
1982	18.87148
1982	16.80431
1982	14.03172
1982	13.89658
1982	12.30746
1982	10.9431
1982	10.35128
1982	10.12922
1982	6.51385
1982	5.71035
1982	5.65887
1982	5.52642
1982	5.21407
1982	5.11321
1982	4.13096
1982	3.64331
1982	3.46681
1982	3.2963
1982	3.26291
1982	3.03259
1982	2.84236
1982	2.59669
1982	2.59618
1982	2.51414
1982	2.06347
1982	2.04498
1982	1.95652
1982	1.56027
1982	1.44881
1982	1.43915
1982	1.10512
1982	0.92679
1982	0.77288
1982	0.673
1982	0.67094
1982	0.61892
1982	0.50903
1982	0.4454
1982	0.40794
1982	0.33439
1982	0.3246
1982	0.26511
1982	0.21058
1982	0.15375
1982	0.14897
1982	0.13623
1982	0.13592
1982	0.11539
1982	0.10752
1982	0.09873
1982	0.0871
1982	0.07688
1982	0.05862
1982	0.04809
1982	0.03509
1982	0.02931
1982	0.02791
1982	0.01709
1982	0.01029
1982	0.0088
1982	0.00733
1982	0.00722
1982	0.00611
1982	0.00497
1982	0.00424
1982	0.00309
1982	0.00309
1982	0.00282
1982	0.00267
1982	0.00263
1982	0.00249
1982	0.00249
1982	0.00249
1982	0.00249
1982	0.00244
1982	0.00244
1982	0.00046
1983	1488
1983	1314.95963
1983	1107.79651
1983	326.04683
1983	279.80463
1983	256.39814
1983	246.96224
1983	236.7201
1983	228.83333
1983	192.21418
1983	143.19264
1983	117.7126
1983	110.24519
1983	103.56037
1983	98.69998
1983	77.04773
1983	76.57686
1983	67.21318
1983	58.04504
1983	42.83273
1983	39.45127
1983	37.5271
1983	29.67291
1983	29.30204
1983	23.19664
1983	21.29691
1983	20.13395
1983	19.72907
1983	18.56603
1983	13.22505
1983	12.5285
1983	11.69314
1983	11.20504
1983	10.42415
1983	7.79195
1983	7.68932
1983	7.30186
1983	5.80489
1983	5.70198
1983	5.42092
1983	5.32218
1983	4.62376
1983	4.511
1983	4.15658
1983	3.85458
1983	3.54896
1983	3.05264
1983	2.81309
1983	2.77941
1983	2.5412
1983	2.4297
1983	2.28143
1983	2.19483
1983	1.59352
1983	1.57433
1983	1.11665
1983	1.07834
1983	0.86858
1983	0.84938
1983	0.64745
1983	0.60147
1983	0.56097
1983	0.46394
1983	0.42083
1983	0.4176
1983	0.41358
1983	0.33335
1983	0.3246
1983	0.3066
1983	0.25379
1983	0.24199
1983	0.22738
1983	0.20283
1983	0.19458
1983	0.15249
1983	0.1463
1983	0.127
1983	0.11019
1983	0.10745
1983	0.06766
1983	0.03764
1983	0.03663
1983	0.02686
1983	0.02292
1983	0.02162
1983	0.01709
1983	0.01443
1983	0.00993
1983	0.00772
1983	0.00733
1983	0.00599
1983	0.00424
1983	0.00309
1983	0.003
1983	0.00267
1983	0.00263
1983	0.00249
1983	0.00249
1983	0.00249
1983	0.00249
1983	0.00244
1983	0.00069
1984	1598
1984	1445.58447
1984	1120.33951
1984	341.88579
1984	293.50316
1984	289.57618
1984	249.89513
1984	245.56608
1984	216.26317
1984	193.45245
1984	148.82227
1984	125.17488
1984	121.04669
1984	114.46262
1984	93.61201
1984	86.06386
1984	78.83848
1984	76.44194
1984	57.59473
1984	53.15718
1984	45.46015
1984	38.56773
1984	33.36988
1984	29.52512
1984	28.47151
1984	25.2772
1984	23.44662
1984	23.18296
1984	22.21361
1984	15.50658
1984	11.90586
1984	11.51644
1984	11.00353
1984	10.86228
1984	10.13522
1984	8.84603
1984	7.20416
1984	6.77285
1984	6.2002
1984	5.791
1984	5.58415
1984	5.04126
1984	4.80067
1984	4.64181
1984	4.43021
1984	4.3206
1984	3.89824
1984	3.71316
1984	3.35372
1984	2.93072
1984	2.77179
1984	2.54079
1984	2.40998
1984	1.8311
1984	1.65655
1984	1.53981
1984	1.20854
1984	0.93872
1984	0.87978
1984	0.65387
1984	0.61225
1984	0.49698
1984	0.4955
1984	0.38464
1984	0.33132
1984	0.32074
1984	0.31334
1984	0.31287
1984	0.31102
1984	0.26895
1984	0.25367
1984	0.2507
1984	0.24421
1984	0.22958
1984	0.21538
1984	0.191
1984	0.16119
1984	0.16026
1984	0.12839
1984	0.10013
1984	0.09127
1984	0.06105
1984	0.046
1984	0.04015
1984	0.02594
1984	0.02198
1984	0.01709
1984	0.01709
1984	0.01425
1984	0.00745
1984	0.00611
1984	0.00424
1984	0.00309
1984	0.00267
1984	0.00263
1984	0.00249
1984	0.00249
1984	0.00249
1984	0.00244
1984	0.00204
1984	0.00092
1985	1638
1985	1555.92051
1985	1128.41666
1985	354.54497
1985	305.18951
1985	266.57797
1985	262.11028
1985	252.42908
1985	244.62339
1985	228.14918
1985	146.05367
1985	126.34779
1985	124.06243
1985	111.78904
1985	90.98433
1985	90.71126
1985	90.28331
1985	79.67865
1985	60.5996
1985	57.72571
1985	44.69367
1985	41.91092
1985	39.35012
1985	33.43151
1985	30.01707
1985	29.06336
1985	26.44355
1985	25.50305
1985	24.28415
1985	15.67583
1985	15.04486
1985	13.38945
1985	12.75494
1985	12.5341
1985	10.97128
1985	10.54864
1985	7.77222
1985	7.50997
1985	6.50717
1985	6.04445
1985	6.03846
1985	5.70973
1985	5.36035
1985	5.23146
1985	4.87232
1985	4.51827
1985	4.41932
1985	3.97551
1985	3.685
1985	3.49292
1985	3.27917
1985	2.96919
1985	2.71806
1985	2.58727
1985	1.97251
1985	1.48353
1985	1.21683
1985	1.17861
1985	0.97839
1985	0.85208
1985	0.69194
1985	0.66031
1985	0.55976
1985	0.51777
1985	0.49168
1985	0.413
1985	0.3872
1985	0.37012
1985	0.35106
1985	0.33803
1985	0.30043
1985	0.28356
1985	0.27314
1985	0.27149
1985	0.25332
1985	0.24421
1985	0.22886
1985	0.20166
1985	0.16329
1985	0.13676
1985	0.12988
1985	0.08059
1985	0.07997
1985	0.06594
1985	0.05619
1985	0.03346
1985	0.01709
1985	0.00987
1985	0.00977
1985	0.00618
1985	0.00432
1985	0.00424
1985	0.00309
1985	0.00302
1985	0.00267
1985	0.00244
1985	0.00244
1985	0.00229
1985	0.00221
1986	1647.00957
1986	1617
1986	1161.65967
1986	356.75253
1986	326.80366
1986	274.08994
1986	268.91226
1986	257.64303
1986	255.94631
1986	207.58649
1986	146.4924
1986	124.5641
1986	116.51792
1986	104.13337
1986	97.87098
1986	92.38546
1986	77.91183
1986	73.28511
1986	59.98141
1986	51.74034
1986	51.16658
1986	39.49266
1986	39.35815
1986	33.87821
1986	30.39073
1986	29.15635
1986	28.62253
1986	27.56924
1986	25.84557
1986	15.49228
1986	14.49678
1986	14.32723
1986	13.57338
1986	11.18135
1986	10.79772
1986	10.4058
1986	10.1897
1986	8.31201
1986	7.82548
1986	7.17121
1986	6.22816
1986	6.2095
1986	6.08793
1986	5.71112
1986	5.52888
1986	5.37713
1986	4.99405
1986	4.41274
1986	4.2708
1986	3.86585
1986	3.62855
1986	2.87126
1986	2.63461
1986	2.62452
1986	2.37607
1986	1.85428
1986	1.28971
1986	1.11791
1986	0.98236
1986	0.90308
1986	0.68236
1986	0.66685
1986	0.56657
1986	0.53795
1986	0.4278
1986	0.38256
1986	0.36594
1986	0.35818
1986	0.35658
1986	0.31797
1986	0.31503
1986	0.28267
1986	0.28211
1986	0.27713
1986	0.2597
1986	0.22624
1986	0.21151
1986	0.13676
1986	0.13362
1986	0.09653
1986	0.08792
1986	0.06997
1986	0.06838
1986	0.04816
1986	0.03291
1986	0.03137
1986	0.02686
1986	0.01221
1986	0.00987
1986	0.00488
1986	0.00458
1986	0.00424
1986	0.00309
1986	0.00309
1986	0.00309
1986	0.00302
1986	0.00275
1986	0.00267
1986	0.00244
1986	0.00183
1987	1759.97861
1987	1691
1987	1164.33602
1987	367.90604
1987	328.84281
1987	271.45626
1987	269.66605
1987	265.54011
1987	264.49125
1987	213.53292
1987	144.55153
1987	130.6076
1987	118.67497
1987	115.50607
1987	95.49641
1987	89.49944
1987	76.28073
1987	64.06355
1987	63.00814
1987	54.62973
1987	48.35479
1987	40.51113
1987	36.85544
1987	36.22909
1987	32.30191
1987	29.50598
1987	28.7049
1987	28.4132
1987	28.25053
1987	18.10524
1987	15.70458
1987	14.45901
1987	13.93093
1987	12.22017
1987	11.77685
1987	10.5534
1987	9.26388
1987	9.08058
1987	8.9263
1987	8.08347
1987	7.8731
1987	7.66906
1987	7.18067
1987	6.3804
1987	6.19075
1987	4.60254
1987	4.51607
1987	4.51239
1987	4.38718
1987	3.68686
1987	3.67934
1987	3.28865
1987	3.28106
1987	2.86772
1987	2.66476
1987	1.56309
1987	1.34497
1987	1.29708
1987	1.08908
1987	0.77097
1987	0.72322
1987	0.71554
1987	0.69318
1987	0.60228
1987	0.57975
1987	0.4445
1987	0.4259
1987	0.42053
1987	0.41028
1987	0.37385
1987	0.31784
1987	0.31254
1987	0.31111
1987	0.27273
1987	0.26503
1987	0.25409
1987	0.24462
1987	0.21247
1987	0.15851
1987	0.13946
1987	0.08792
1987	0.07635
1987	0.06838
1987	0.0554
1987	0.04823
1987	0.04815
1987	0.02931
1987	0.01465
1987	0.01255
1987	0.00739
1987	0.00636
1987	0.00526
1987	0.00488
1987	0.00309
1987	0.00309
1987	0.00309
1987	0.00267
1987	0.00244
1987	0.00229
1987	0.00183
1988	1881.36077
1988	1775
1988	1183.44496
1988	356.82083
1988	345.34115
1988	270.69626
1988	267.33145
1988	263.58414
1988	256.69019
1988	239.15672
1988	151.27854
1988	141.85274
1988	125.78208
1988	120.13238
1988	98.76232
1988	91.46805
1988	68.33083
1988	64.07524
1988	51.21475
1988	50.30606
1988	42.81069
1988	36.78965
1988	36.65579
1988	36.5792
1988	33.88856
1988	32.09231
1988	31.82675
1988	26.60868
1988	24.28991
1988	20.94183
1988	14.77644
1988	13.11965
1988	12.84902
1988	12.54083
1988	11.95705
1988	10.68746
1988	10.4859
1988	8.97196
1988	8.88204
1988	8.5801
1988	8.18941
1988	8.12019
1988	7.98014
1988	7.14033
1988	6.51075
1988	6.23729
1988	5.76723
1988	5.6337
1988	4.70029
1988	3.85858
1988	3.73094
1988	3.26724
1988	2.90405
1988	2.87269
1988	2.84827
1988	1.39521
1988	1.37199
1988	1.29208
1988	1.22145
1988	0.90701
1988	0.87428
1988	0.84752
1988	0.76753
1988	0.61058
1988	0.52215
1988	0.45275
1988	0.41028
1988	0.39746
1988	0.36388
1988	0.35548
1988	0.30893
1988	0.29975
1988	0.25958
1988	0.25676
1988	0.21735
1988	0.16347
1988	0.15972
1988	0.1566
1988	0.11711
1988	0.09769
1988	0.09634
1988	0.06504
1988	0.05118
1988	0.03907
1988	0.03663
1988	0.02931
1988	0.01673
1988	0.01465
1988	0.00739
1988	0.00636
1988	0.00488
1988	0.00309
1988	0.00309
1988	0.00309
1988	0.00302
1988	0.00267
1988	0.00244
1988	0.00229
1988	0.00183
1988	0.0017
1989	1897.5997
1989	1795
1989	1120.89411
1989	368.93729
1989	339.64807
1989	265.63505
1989	261.10174
1989	258.56924
1989	247.86044
1989	240.05726
1989	134.86086
1989	130.88992
1989	125.22257
1989	119.301
1989	94.3135
1989	91.06006
1989	80.92612
1989	68.76373
1989	68.1415
1989	53.68596
1989	51.00229
1989	39.32746
1989	38.15496
1989	37.3128
1989	36.20486
1989	32.59408
1989	32.4716
1989	25.28715
1989	25.28048
1989	22.43138
1989	16.0218
1989	14.80042
1989	14.26366
1989	12.56313
1989	11.47001
1989	11.14004
1989	10.3393
1989	9.85618
1989	9.65646
1989	9.59766
1989	9.03537
1989	8.56638
1989	8.14419
1989	7.65884
1989	7.07667
1989	6.21533
1989	4.78354
1989	4.7515
1989	4.73824
1989	4.26985
1989	3.94236
1989	3.75694
1989	3.23008
1989	3.16499
1989	2.8851
1989	2.56714
1989	1.52012
1989	1.02297
1989	0.9638
1989	0.86859
1989	0.76347
1989	0.7449
1989	0.74003
1989	0.72775
1989	0.68161
1989	0.64622
1989	0.43848
1989	0.43285
1989	0.41028
1989	0.36979
1989	0.347
1989	0.2843
1989	0.26711
1989	0.19781
1989	0.18316
1989	0.18212
1989	0.1612
1989	0.1527
1989	0.1417
1989	0.11194
1989	0.05941
1989	0.04762
1989	0.04152
1989	0.03175
1989	0.02718
1989	0.02686
1989	0.02662
1989	0.01597
1989	0.01465
1989	0.00977
1989	0.00739
1989	0.00636
1989	0.00575
1989	0.00332
1989	0.00309
1989	0.00309
1989	0.00302
1989	0.00244
1989	0.00229
1989	0.00183
1990	1904.96105
1990	1821
1990	1234.12651
1990	384.00045
1990	271.0796
1990	264.17953
1990	250.70136
1990	248.48606
1990	246.4378
1990	244.0973
1990	133.0568
1990	128.97362
1990	113.03177
1990	111.9269
1990	92.0979
1990	89.09468
1990	78.33215
1990	70.55742
1990	59.29995
1990	54.3714
1990	46.96641
1990	39.75834
1990	39.14439
1990	37.04259
1990	33.97243
1990	33.47242
1990	31.7064
1990	24.10965
1990	22.30212
1990	20.13374
1990	15.80606
1990	15.73289
1990	15.53269
1990	14.2084
1990	12.56943
1990	12.18347
1990	11.25546
1990	10.11988
1990	9.49494
1990	9.27522
1990	8.92511
1990	8.02321
1990	7.32961
1990	7.2939
1990	6.46508
1990	6.17615
1990	5.44843
1990	5.15253
1990	5.0008
1990	4.82309
1990	3.80428
1990	3.45008
1990	3.36924
1990	2.82839
1990	2.39408
1990	2.04951
1990	1.82696
1990	1.45186
1990	1.39765
1990	0.74004
1990	0.73097
1990	0.60607
1990	0.60315
1990	0.57252
1990	0.55382
1990	0.51895
1990	0.44001
1990	0.39857
1990	0.39577
1990	0.34213
1990	0.33127
1990	0.26045
1990	0.2345
1990	0.19491
1990	0.1941
1990	0.16985
1990	0.16067
1990	0.14971
1990	0.14554
1990	0.13294
1990	0.10385
1990	0.07796
1990	0.04751
1990	0.04564
1990	0.04385
1990	0.03964
1990	0.03192
1990	0.03167
1990	0.03167
1990	0.01462
1990	0.01218
1990	0.00984
1990	0.00667
1990	0.00635
1990	0.00618
1990	0.00575
1990	0.00327
1990	0.00309
1990	0.00255
1990	0.00244
1990	0.00228
1990	0.00183
1991	1974.20255
1991	1807
1991	951.27881
1991	419.55276
1991	411.46658
1991	270.85831
1991	252.43148
1991	251.98797
1991	245.35311
1991	138.46346
1991	117.14389
1991	113.41251
1991	109.46172
1991	91.65344
1991	83.78841
1991	82.5679
1991	74.53118
1991	67.92875
1991	51.33914
1991	41.01598
1991	38.19206
1991	37.73202
1991	37.469
1991	35.08479
1991	33.18715
1991	30.11179
1991	27.22223
1991	23.17357
1991	21.72892
1991	16.68518
1991	14.54156
1991	14.15529
1991	14.06306
1991	13.71789
1991	12.98621
1991	11.77885
1991	11.16345
1991	9.92894
1991	9.33255
1991	8.87799
1991	8.7626
1991	7.92711
1991	7.75216
1991	7.27213
1991	7.02772
1991	6.01008
1991	5.31657
1991	4.85388
1991	4.5154
1991	3.49181
1991	3.14161
1991	3.01245
1991	2.77349
1991	2.59463
1991	1.79156
1991	1.40364
1991	1.07616
1991	1.05102
1991	0.76443
1991	0.6309
1991	0.59232
1991	0.51648
1991	0.46797
1991	0.46437
1991	0.44018
1991	0.36731
1991	0.34895
1991	0.34648
1991	0.32717
1991	0.30614
1991	0.30461
1991	0.26923
1991	0.21002
1991	0.17539
1991	0.17097
1991	0.16791
1991	0.16086
1991	0.16051
1991	0.15572
1991	0.14398
1991	0.11247
1991	0.08245
1991	0.04753
1991	0.03757
1991	0.03169
1991	0.03121
1991	0.02681
1991	0.01922
1991	0.01462
1991	0.01219
1991	0.00984
1991	0.00733
1991	0.00642
1991	0.00635
1991	0.00618
1991	0.00309
1991	0.00244
1991	0.00228
1991	0.00185
1991	0.00183
1991	0.00164
1991	0.00159
1991	0.00159
1991	0.00118
1991	0.00011
1991	0.00006
1992	2042.93977
1992	1822
1992	487.73536
1992	446.22847
1992	374.29569
1992	268.1223
1992	259.62905
1992	242.65368
1992	223.71728
1992	215.85091
1992	158.9916
1992	145.15892
1992	122.59851
1992	105.54188
1992	94.4107
1992	80.46618
1992	78.02954
1992	63.61637
1992	61.93854
1992	47.11196
1992	41.24816
1992	41.24393
1992	34.02004
1992	33.90833
1992	31.41844
1992	29.78183
1992	29.53779
1992	27.42994
1992	26.97582
1992	21.45519
1992	21.09994
1992	19.07432
1992	17.10516
1992	16.43185
1992	15.34967
1992	13.63762
1992	13.29653
1992	12.71494
1992	11.61666
1992	11.47849
1992	11.27158
1992	10.32526
1992	8.21592
1992	8.16819
1992	8.06492
1992	7.92891
1992	7.62858
1992	6.99793
1992	6.92407
1992	6.44255
1992	6.35213
1992	5.98287
1992	5.91111
1992	5.87327
1992	5.41561
1992	4.58841
1992	4.21591
1992	4.14065
1992	3.84641
1992	3.60222
1992	2.95685
1992	2.7225
1992	2.64778
1992	2.47361
1992	2.42561
1992	2.03335
1992	1.72487
1992	1.5064
1992	1.37329
1992	1.3197
1992	1.18812
1992	1.00641
1992	0.99185
1992	0.64163
1992	0.54507
1992	0.48972
1992	0.43489
1992	0.41866
1992	0.41691
1992	0.41377
1992	0.39713
1992	0.39406
1992	0.3752
1992	0.37215
1992	0.35718
1992	0.34896
1992	0.24853
1992	0.24838
1992	0.24023
1992	0.18585
1992	0.18045
1992	0.15799
1992	0.1507
1992	0.13948
1992	0.10668
1992	0.10233
1992	0.0974
1992	0.08223
1992	0.07126
1992	0.06905
1992	0.05015
1992	0.04553
1992	0.04121
1992	0.03167
1992	0.02924
1992	0.02496
1992	0.01462
1992	0.01218
1992	0.0111
1992	0.00991
1992	0.00642
1992	0.00635
1992	0.00618
1992	0.0047
1992	0.00309
1992	0.00244
1992	0.00228
1992	0.00183
1992	0.00113
1993	2167.23939
1993	1882
1993	473.99726
1993	451.44852
1993	360.80966
1993	276.42774
1993	256.49355
1993	242.44691
1993	200.93047
1993	194.5902
1993	145.85965
1993	145.12894
1993	113.74094
1993	95.86072
1993	86.71883
1993	81.4619
1993	74.02648
1993	59.9627
1993	57.5267
1993	52.79108
1993	38.90197
1993	37.7406
1993	35.17768
1993	34.5722
1993	32.86132
1993	32.26257
1993	30.80738
1993	25.90092
1993	24.60665
1993	23.22013
1993	23.14202
1993	21.94084
1993	18.16346
1993	17.75849
1993	17.023
1993	16.26131
1993	16.01289
1993	13.67435
1993	12.47913
1993	11.36311
1993	11.29266
1993	11.2854
1993	11.01961
1993	8.87664
1993	8.79689
1993	7.84725
1993	7.6809
1993	7.5408
1993	7.32672
1993	7.0504
1993	6.51821
1993	6.03544
1993	6.03458
1993	5.87481
1993	5.48669
1993	4.76282
1993	4.67417
1993	4.60115
1993	3.93714
1993	3.66459
1993	3.35255
1993	3.23927
1993	3.19664
1993	2.58145
1993	2.5509
1993	2.01
1993	1.61988
1993	1.43834
1993	1.41147
1993	1.19008
1993	0.90446
1993	0.82212
1993	0.6843
1993	0.67926
1993	0.65499
1993	0.57585
1993	0.54865
1993	0.47603
1993	0.44001
1993	0.42628
1993	0.39304
1993	0.38628
1993	0.35718
1993	0.29072
1993	0.23622
1993	0.23353
1993	0.22896
1993	0.18744
1993	0.18717
1993	0.17265
1993	0.15349
1993	0.1507
1993	0.14591
1993	0.14253
1993	0.1231
1993	0.11514
1993	0.109
1993	0.10628
1993	0.1037
1993	0.09818
1993	0.09564
1993	0.09475
1993	0.0595
1993	0.04819
1993	0.04463
1993	0.04165
1993	0.03685
1993	0.01785
1993	0.0119
1993	0.01023
1993	0.00893
1993	0.00767
1993	0.00671
1993	0.00669
1993	0.00657
1993	0.00657
1993	0.00309
1993	0.00309
1993	0.00298
1993	0.00228
1993	0.00183
1994	2352.57105
1994	1893
1994	499.39934
1994	417.58507
1994	345.83403
1994	283.14776
1994	259.9658
1994	258.85763
1994	184.17007
1994	155.51276
1994	138.90264
1994	114.97986
1994	101.42354
1994	92.54859
1994	79.91445
1994	75.48468
1994	71.98384
1994	60.47237
1994	57.68533
1994	50.18993
1994	38.5239
1994	38.06912
1994	37.59611
1994	34.11083
1994	33.04421
1994	32.66835
1994	31.14377
1994	30.35194
1994	26.12723
1994	22.26018
1994	20.81905
1994	20.31156
1994	19.92573
1994	18.21454
1994	17.16005
1994	16.53188
1994	16.40253
1994	11.98442
1994	11.90712
1994	11.86355
1994	11.37658
1994	10.77112
1994	9.34427
1994	9.07541
1994	8.28644
1994	8.0165
1994	7.71163
1994	7.43854
1994	7.18787
1994	6.39155
1994	6.21475
1994	6.15393
1994	6.10703
1994	5.7099
1994	5.30687
1994	4.68887
1994	4.65402
1994	4.12563
1994	3.91781
1994	3.85228
1994	3.61331
1994	3.07805
1994	2.2631
1994	2.20678
1994	2.03523
1994	1.52918
1994	1.29584
1994	1.20791
1994	1.19008
1994	1.18673
1994	1.02984
1994	0.72893
1994	0.70385
1994	0.69004
1994	0.48198
1994	0.45849
1994	0.44001
1994	0.41386
1994	0.36924
1994	0.35929
1994	0.35857
1994	0.34668
1994	0.34337
1994	0.29418
1994	0.294
1994	0.29334
1994	0.26236
1994	0.20796
1994	0.18506
1994	0.16384
1994	0.15569
1994	0.1507
1994	0.14862
1994	0.14092
1994	0.13899
1994	0.13248
1994	0.11629
1994	0.11395
1994	0.11306
1994	0.11161
1994	0.10783
1994	0.09209
1994	0.08926
1994	0.08493
1994	0.0595
1994	0.05058
1994	0.04165
1994	0.03087
1994	0.01785
1994	0.01488
1994	0.01333
1994	0.00893
1994	0.00887
1994	0.00657
1994	0.00657
1994	0.00309
1994	0.00309
1994	0.00298
1994	0.00256
1994	0.00228
1994	0.00183
1995	2350.16103
1995	1913
1995	609.84201
1995	398.28494
1995	341.13076
1995	282.50454
1995	268.38629
1995	243.99898
1995	183.62912
1995	163.55336
1995	141.26804
1995	118.99797
1995	103.38266
1995	77.46723
1995	73.46135
1995	72.64541
1995	67.13789
1995	66.68142
1995	59.20901
1995	52.98483
1995	44.92531
1995	39.81377
1995	37.60112
1995	35.51521
1995	34.52878
1995	31.81582
1995	28.04141
1995	26.70209
1995	24.60965
1995	24.21567
1995	22.39123
1995	19.38401
1995	18.8166
1995	18.14035
1995	17.81739
1995	15.29316
1995	14.18379
1995	13.77363
1995	13.61939
1995	11.99791
1995	11.25654
1995	9.85634
1995	9.57828
1995	9.26981
1995	8.67231
1995	8.44065
1995	8.41536
1995	7.71791
1995	7.13895
1995	7.06969
1995	6.73779
1995	6.44341
1995	6.17518
1995	4.7658
1995	4.59382
1995	4.11416
1995	4.02274
1995	3.59073
1995	2.78796
1995	2.76851
1995	2.48277
1995	2.334
1995	2.15406
1995	2.12706
1995	2.02698
1995	1.33983
1995	1.33563
1995	1.17337
1995	0.78521
1995	0.66257
1995	0.64167
1995	0.63955
1995	0.62245
1995	0.59504
1995	0.49091
1995	0.4746
1995	0.44257
1995	0.42361
1995	0.34668
1995	0.31568
1995	0.30513
1995	0.27938
1995	0.25657
1995	0.25638
1995	0.25582
1995	0.24841
1995	0.21055
1995	0.20414
1995	0.14999
1995	0.14874
1995	0.14582
1995	0.14326
1995	0.14326
1995	0.13303
1995	0.12697
1995	0.1125
1995	0.08079
1995	0.07653
1995	0.07212
1995	0.07094
1995	0.06651
1995	0.05511
1995	0.05116
1995	0.04349
1995	0.03468
1995	0.03327
1995	0.01753
1995	0.01535
1995	0.01279
1995	0.01023
1995	0.00933
1995	0.00767
1995	0.00565
1995	0.00565
1995	0.00538
1995	0.00309
1995	0.00309
1995	0.00298
1995	0.00256
1995	0.00183
1995	0.00127
1995	0.00076
1996	2371.99393
1996	1995
1996	556.37073
1996	425.55906
1996	328.55185
1996	286.24924
1996	272.50266
1996	272.46751
1996	157.53426
1996	153.16481
1996	144.32155
1996	120.32263
1996	104.65377
1996	76.52362
1996	75.39035
1996	73.73198
1996	68.44833
1996	64.31603
1996	57.10035
1996	53.05127
1996	41.08596
1996	38.77079
1996	37.85731
1996	37.43703
1996	36.3592
1996	36.319
1996	36.17381
1996	32.40949
1996	30.79478
1996	28.31147
1996	24.71934
1996	23.47051
1996	20.87192
1996	18.0536
1996	16.77543
1996	16.7184
1996	16.18705
1996	16.02594
1996	14.23204
1996	12.50673
1996	12.12772
1996	11.46946
1996	10.78047
1996	10.26967
1996	10.17066
1996	9.35454
1996	8.72893
1996	8.43338
1996	8.34083
1996	7.32941
1996	6.46425
1996	6.35733
1996	4.79061
1996	4.5077
1996	4.42147
1996	3.98454
1996	3.48629
1996	3.30414
1996	2.97044
1996	2.39917
1996	2.22239
1996	2.21513
1996	2.0013
1996	1.92793
1996	1.67537
1996	1.53787
1996	1.41036
1996	0.88781
1996	0.75452
1996	0.69375
1996	0.67504
1996	0.61932
1996	0.54153
1996	0.5404
1996	0.51217
1996	0.51152
1996	0.42857
1996	0.42114
1996	0.41619
1996	0.39752
1996	0.34545
1996	0.33354
1996	0.30603
1996	0.26755
1996	0.25789
1996	0.25582
1996	0.25012
1996	0.22121
1996	0.21305
1996	0.19943
1996	0.17877
1996	0.14616
1996	0.13829
1996	0.1345
1996	0.11276
1996	0.10186
1996	0.09414
1996	0.08593
1996	0.0545
1996	0.0423
1996	0.04211
1996	0.04211
1996	0.04187
1996	0.03795
1996	0.03242
1996	0.02911
1996	0.02477
1996	0.01618
1996	0.01535
1996	0.01239
1996	0.0089
1996	0.00743
1996	0.00743
1996	0.00643
1996	0.00321
1996	0.00317
1996	0.00309
1996	0.00248
1996	0.00183
1996	0.00149
1997	2499.6218
1997	2040
1997	585.36451
1997	365.79465
1997	331.38331
1997	319.58037
1997	300.00104
1997	261.36931
1997	180.68148
1997	148.93543
1997	134.13705
1997	131.7437
1997	116.84527
1997	85.10663
1997	81.66717
1997	62.88254
1997	60.13705
1997	58.33014
1997	58.17422
1997	51.87847
1997	46.49752
1997	38.97963
1997	38.78158
1997	36.92235
1997	35.92897
1997	34.68701
1997	34.0402
1997	33.58009
1997	31.61845
1997	30.54207
1997	29.7822
1997	24.77441
1997	21.15611
1997	19.15162
1997	18.41761
1997	17.72936
1997	16.30607
1997	15.40616
1997	13.9559
1997	13.63112
1997	13.47965
1997	12.57082
1997	12.05796
1997	10.25332
1997	9.61138
1997	9.26848
1997	8.96289
1997	8.38275
1997	7.77895
1997	7.18866
1997	6.70615
1997	6.63397
1997	6.3251
1997	5.03334
1997	4.39239
1997	4.30362
1997	4.26332
1997	3.95627
1997	3.59526
1997	2.57927
1997	1.92167
1997	1.88051
1997	1.83967
1997	1.61477
1997	1.41811
1997	1.3527
1997	1.3168
1997	1.23884
1997	1.2221
1997	0.71775
1997	0.65491
1997	0.64082
1997	0.59465
1997	0.53568
1997	0.48418
1997	0.41059
1997	0.40951
1997	0.40823
1997	0.35909
1997	0.32906
1997	0.31079
1997	0.28675
1997	0.26665
1997	0.24942
1997	0.23007
1997	0.21779
1997	0.17028
1997	0.15012
1997	0.14632
1997	0.14158
1997	0.1345
1997	0.13206
1997	0.10577
1997	0.09595
1997	0.09366
1997	0.08574
1997	0.06607
1997	0.06607
1997	0.06135
1997	0.05191
1997	0.04502
1997	0.04211
1997	0.03691
1997	0.02832
1997	0.02769
1997	0.02288
1997	0.02162
1997	0.01535
1997	0.01224
1997	0.0118
1997	0.00848
1997	0.00708
1997	0.00472
1997	0.00315
1997	0.00306
1997	0.00306
1997	0.00306
1997	0.00247
1997	0.00236
1997	0.00236
1997	0.00089
1998	2386.45191
1998	2064
1998	602.71672
1998	344.36592
1998	322.42572
1998	297.56757
1998	283.06484
1998	237.35969
1998	180.90171
1998	143.61682
1998	139.84761
1998	135.64749
1998	134.08314
1998	92.15629
1998	84.62479
1998	61.6935
1998	59.1159
1998	58.80405
1998	54.26207
1998	53.59623
1998	43.81377
1998	41.14351
1998	39.78563
1998	38.18102
1998	37.77527
1998	36.01707
1998	33.25148
1998	29.04074
1998	28.62149
1998	28.26517
1998	25.19326
1998	23.15512
1998	18.71838
1998	17.78878
1998	16.79865
1998	16.75832
1998	14.98467
1998	14.43533
1998	12.83796
1998	12.55153
1998	12.16205
1998	11.71484
1998	11.28964
1998	9.60786
1998	9.47835
1998	9.12462
1998	9.11589
1998	8.45623
1998	8.19782
1998	7.87773
1998	7.41143
1998	6.68401
1998	6.36825
1998	4.98049
1998	4.47447
1998	4.445
1998	4.24557
1998	4.13458
1998	3.71775
1998	3.53288
1998	2.5858
1998	2.40951
1998	1.92897
1998	1.92719
1998	1.91025
1998	1.7484
1998	1.14217
1998	0.99813
1998	0.76892
1998	0.66184
1998	0.59937
1998	0.58115
1998	0.51126
1998	0.47657
1998	0.46888
1998	0.46389
1998	0.41295
1998	0.41059
1998	0.40813
1998	0.3567
1998	0.35306
1998	0.31649
1998	0.28317
1998	0.26991
1998	0.2662
1998	0.24882
1998	0.20434
1998	0.20294
1998	0.17532
1998	0.15857
1998	0.13836
1998	0.13686
1998	0.1331
1998	0.10894
1998	0.10619
1998	0.10583
1998	0.06078
1998	0.0542
1998	0.04974
1998	0.04955
1998	0.04719
1998	0.04638
1998	0.04211
1998	0.03535
1998	0.02832
1998	0.0153
1998	0.00848
1998	0.00315
1998	0.00306
1998	0.00306
1998	0.00306
1998	0.00256
1998	0.00245
1998	0.0024
1998	0.00236
1998	0.00236
1998	0.00236
1998	0.00121
1999	2265.43198
1999	2062
1999	648.69377
1999	420.80972
1999	310.34402
1999	306.14129
1999	304.92034
1999	248.43932
1999	193.5478
1999	139.31144
1999	133.98709
1999	131.631
1999	127.58538
1999	99.5716
1999	78.7991
1999	77.5332
1999	74.49142
1999	60.99235
1999	55.15313
1999	46.01011
1999	44.83633
1999	42.85543
1999	39.62902
1999	38.99127
1999	34.77866
1999	30.18363
1999	29.03799
1999	29.03276
1999	27.29522
1999	26.47809
1999	24.93337
1999	23.0612
1999	16.6055
1999	16.46589
1999	16.44002
1999	16.10988
1999	15.37568
1999	15.08583
1999	14.2258
1999	14.06593
1999	11.99604
1999	10.86904
1999	10.36075
1999	9.93041
1999	9.91581
1999	9.2531
1999	8.93714
1999	8.29431
1999	7.81146
1999	6.93398
1999	6.72233
1999	6.04898
1999	5.97835
1999	5.27238
1999	5.03394
1999	4.38642
1999	4.19671
1999	4.10386
1999	2.4494
1999	2.37508
1999	2.29408
1999	2.07781
1999	1.97227
1999	1.73657
1999	1.58749
1999	0.96461
1999	0.66185
1999	0.65668
1999	0.64152
1999	0.60173
1999	0.55123
1999	0.52207
1999	0.50725
1999	0.41295
1999	0.41082
1999	0.40898
1999	0.38228
1999	0.37942
1999	0.37756
1999	0.32874
1999	0.30441
1999	0.28283
1999	0.26193
1999	0.24344
1999	0.23851
1999	0.23521
1999	0.22682
1999	0.18642
1999	0.17873
1999	0.17698
1999	0.17643
1999	0.1699
1999	0.1699
1999	0.15574
1999	0.15083
1999	0.14158
1999	0.14072
1999	0.12078
1999	0.11264
1999	0.06135
1999	0.05305
1999	0.04768
1999	0.04544
1999	0.04248
1999	0.0385
1999	0.01888
1999	0.01248
1999	0.01224
1999	0.00721
1999	0.00575
1999	0.00478
1999	0.00306
1999	0.00283
1999	0.00236
1999	0.00112
2000	2156.6058
2000	2155
2000	673.41164
2000	427.98838
2000	360.19931
2000	328.4259
2000	316.17907
2000	215.5405
2000	192.94207
2000	149.49047
2000	144.45223
2000	132.22644
2000	130.6869
2000	118.28229
2000	90.26122
2000	81.88617
2000	76.02444
2000	65.30855
2000	54.85502
2000	53.4592
2000	48.12679
2000	48.0829
2000	45.7671
2000	41.10513
2000	36.56043
2000	33.10592
2000	32.64174
2000	30.9895
2000	29.28928
2000	27.80428
2000	25.01818
2000	23.8279
2000	19.37774
2000	16.93016
2000	16.03105
2000	14.89585
2000	14.80816
2000	14.2979
2000	14.29152
2000	13.55159
2000	13.3499
2000	12.01698
2000	11.618
2000	10.80681
2000	10.26522
2000	9.96697
2000	9.17025
2000	8.85534
2000	8.79258
2000	7.6688
2000	6.91971
2000	6.65008
2000	5.5565
2000	5.43236
2000	5.40774
2000	4.92818
2000	4.45674
2000	4.37158
2000	2.83137
2000	2.46695
2000	2.45973
2000	2.45412
2000	2.12536
2000	1.89105
2000	1.63959
2000	1.58404
2000	1.26569
2000	0.98994
2000	0.73247
2000	0.66729
2000	0.61425
2000	0.60645
2000	0.59937
2000	0.57034
2000	0.5248
2000	0.50805
2000	0.50725
2000	0.50563
2000	0.46504
2000	0.40058
2000	0.37756
2000	0.37284
2000	0.358
2000	0.34352
2000	0.31816
2000	0.31072
2000	0.28982
2000	0.22147
2000	0.22129
2000	0.21861
2000	0.20058
2000	0.19069
2000	0.18642
2000	0.15574
2000	0.15574
2000	0.14158
2000	0.13718
2000	0.12507
2000	0.12054
2000	0.11799
2000	0.0691
2000	0.05526
2000	0.04598
2000	0.04248
2000	0.0236
2000	0.02238
2000	0.01224
2000	0.01145
2000	0.00721
2000	0.00624
2000	0.00575
2000	0.00326
2000	0.00236
2000	0.00184
2000	0.0018
2000	0.00122
2000	0.00002
2001	2257.66483
2001	2088
2001	696.5391
2001	390.15777
2001	368.60039
2001	336.29676
2001	322.10712
2001	204.28297
2001	199.89142
2001	163.21025
2001	145.79097
2001	127.86753
2001	125.58176
2001	123.29333
2001	81.68851
2001	75.6424
2001	75.37373
2001	67.44222
2001	63.89925
2001	53.51081
2001	52.94958
2001	48.71943
2001	44.52764
2001	40.69439
2001	37.66319
2001	35.24513
2001	32.05103
2001	31.9596
2001	30.59461
2001	29.98341
2001	28.04187
2001	27.43725
2001	20.20989
2001	19.49848
2001	18.95725
2001	16.21546
2001	16.00284
2001	15.89887
2001	14.29556
2001	14.00416
2001	12.92824
2001	11.42054
2001	11.2736
2001	11.17056
2001	10.77416
2001	9.68353
2001	9.33949
2001	8.65269
2001	8.40093
2001	8.13327
2001	7.38023
2001	6.86399
2001	6.31804
2001	5.79389
2001	5.05587
2001	4.62789
2001	4.30567
2001	3.90994
2001	2.39255
2001	2.25494
2001	2.25119
2001	1.91076
2001	1.79661
2001	1.72545
2001	1.3424
2001	1.24773
2001	1.13267
2001	0.82001
2001	0.79672
2001	0.66717
2001	0.65538
2001	0.61117
2001	0.60119
2001	0.51606
2001	0.50764
2001	0.50725
2001	0.47806
2001	0.47195
2001	0.38464
2001	0.37788
2001	0.36576
2001	0.3274
2001	0.30917
2001	0.30114
2001	0.29051
2001	0.28967
2001	0.23851
2001	0.23794
2001	0.19822
2001	0.1889
2001	0.18406
2001	0.16274
2001	0.15574
2001	0.15338
2001	0.14866
2001	0.13922
2001	0.12554
2001	0.08045
2001	0.0679
2001	0.06135
2001	0.06048
2001	0.05867
2001	0.0354
2001	0.0236
2001	0.01224
2001	0.00961
2001	0.00832
2001	0.00708
2001	0.00383
2001	0.00315
2001	0.00306
2001	0.00306
2001	0.00167
2001	0.00126
2002	2713.31294
2002	2095
2002	663.22342
2002	411.16345
2002	383.64086
2002	327.09878
2002	306.21097
2002	204.62454
2002	199.35011
2002	172.20476
2002	134.48335
2002	131.53922
2002	129.79295
2002	126.72233
2002	84.924
2002	83.88797
2002	76.63561
2002	68.78862
2002	64.35878
2002	51.34048
2002	50.51691
2002	48.58435
2002	45.33946
2002	40.10668
2002	36.38631
2002	36.14438
2002	34.12406
2002	33.68483
2002	32.62372
2002	30.62589
2002	25.42544
2002	23.4742
2002	21.47759
2002	20.57193
2002	18.94557
2002	15.42762
2002	15.22325
2002	14.96925
2002	14.6004
2002	14.40138
2002	14.10623
2002	13.34533
2002	12.89497
2002	12.52895
2002	10.52412
2002	9.61895
2002	9.46592
2002	9.2325
2002	8.79075
2002	8.14275
2002	7.60224
2002	7.02744
2002	5.82934
2002	5.21943
2002	5.04883
2002	4.87065
2002	4.57725
2002	3.34994
2002	3.0126
2002	2.6859
2002	2.63029
2002	2.44917
2002	2.30782
2002	2.27284
2002	2.01549
2002	1.3424
2002	1.08056
2002	1.03828
2002	0.91994
2002	0.90334
2002	0.73624
2002	0.70554
2002	0.65129
2002	0.61962
2002	0.55621
2002	0.55081
2002	0.5249
2002	0.50725
2002	0.42947
2002	0.41838
2002	0.39842
2002	0.39587
2002	0.32964
2002	0.31019
2002	0.30931
2002	0.27844
2002	0.27078
2002	0.23361
2002	0.21002
2002	0.20766
2002	0.20434
2002	0.18642
2002	0.18098
2002	0.17698
2002	0.15574
2002	0.14812
2002	0.11187
2002	0.10619
2002	0.10147
2002	0.08683
2002	0.08519
2002	0.0791
2002	0.07289
2002	0.06885
2002	0.05823
2002	0.04955
2002	0.0354
2002	0.03186
2002	0.0236
2002	0.00961
2002	0.00918
2002	0.0062
2002	0.00306
2002	0.00293
2003	3288.92904
2003	2136
2003	679.99798
2003	413.67505
2003	396.79664
2003	336.43215
2003	327.71096
2003	204.31659
2003	204.08076
2003	175.86119
2003	145.6332
2003	142.61443
2003	138.54177
2003	128.40782
2003	91.21136
2003	81.40147
2003	78.25003
2003	72.35418
2003	65.95359
2003	55.53477
2003	51.69702
2003	50.58591
2003	46.59331
2003	41.14401
2003	38.97691
2003	38.19458
2003	36.26827
2003	36.02841
2003	34.69776
2003	29.54058
2003	28.5184
2003	25.41097
2003	25.19383
2003	22.70627
2003	22.10132
2003	21.83987
2003	20.48787
2003	19.2585
2003	16.52219
2003	15.03202
2003	14.85393
2003	12.62758
2003	12.55378
2003	12.49716
2003	12.49239
2003	12.38343
2003	9.43014
2003	9.42916
2003	9.38945
2003	9.28537
2003	8.21707
2003	7.37162
2003	6.57097
2003	5.65287
2003	5.1883
2003	4.03293
2003	3.88631
2003	3.25643
2003	3.23836
2003	2.97813
2003	2.72547
2003	2.64207
2003	2.62667
2003	2.49471
2003	2.38816
2003	2.00341
2003	1.77539
2003	1.3424
2003	0.87691
2003	0.87074
2003	0.77744
2003	0.7386
2003	0.73614
2003	0.72526
2003	0.68291
2003	0.66993
2003	0.65648
2003	0.56348
2003	0.50725
2003	0.44363
2003	0.39804
2003	0.37744
2003	0.32831
2003	0.31979
2003	0.31179
2003	0.30098
2003	0.25822
2003	0.23733
2003	0.23577
2003	0.2171
2003	0.20058
2003	0.18731
2003	0.16139
2003	0.1581
2003	0.13215
2003	0.12979
2003	0.12494
2003	0.12035
2003	0.11321
2003	0.09997
2003	0.09955
2003	0.08519
2003	0.08259
2003	0.07956
2003	0.05427
2003	0.04031
2003	0.03304
2003	0.0236
2003	0.01664
2003	0.01224
2003	0.00496
2003	0.0042
2003	0.00306
2004	4164.74376
2004	2160
2004	756.3053
2004	436.97894
2004	400.38337
2004	364.58407
2004	331.73859
2004	209.37978
2004	207.0526
2004	185.8136
2004	152.79166
2004	141.57852
2004	133.01912
2004	129.14012
2004	106.26912
2004	85.39172
2004	83.6481
2004	83.55034
2004	67.64634
2004	61.92727
2004	48.63576
2004	47.7797
2004	45.51869
2004	43.41081
2004	42.27386
2004	37.69226
2004	36.19133
2004	35.59858
2004	32.45727
2004	30.75683
2004	29.9274
2004	27.67682
2004	25.22913
2004	23.54452
2004	21.3422
2004	20.98104
2004	20.80709
2004	17.39778
2004	16.51849
2004	16.16558
2004	15.73568
2004	14.04761
2004	13.96757
2004	12.75401
2004	12.4641
2004	12.31817
2004	11.78808
2004	9.19416
2004	8.96222
2004	7.88434
2004	7.64492
2004	7.31155
2004	7.30174
2004	5.41191
2004	4.99641
2004	4.58061
2004	3.83109
2004	3.14626
2004	3.09798
2004	3.06766
2004	3.03606
2004	2.92678
2004	2.87258
2004	2.30917
2004	2.23065
2004	2.19927
2004	1.8338
2004	1.3424
2004	1.08873
2004	0.95384
2004	0.83232
2004	0.78296
2004	0.76082
2004	0.6987
2004	0.66309
2004	0.6553
2004	0.59166
2004	0.52211
2004	0.50725
2004	0.47195
2004	0.42329
2004	0.40998
2004	0.38434
2004	0.36244
2004	0.34473
2004	0.29969
2004	0.25485
2004	0.24566
2004	0.24453
2004	0.21946
2004	0.2152
2004	0.18679
2004	0.17616
2004	0.17028
2004	0.1699
2004	0.15338
2004	0.14005
2004	0.11799
2004	0.09927
2004	0.09283
2004	0.08519
2004	0.08023
2004	0.07021
2004	0.03148
2004	0.03068
2004	0.02384
2004	0.0236
2004	0.01224
2004	0.00708
2004	0.00575
2004	0.00545
2004	0.00479
2004	0.00306
2004	0.00208
2005	4532.39157
2005	2182
2005	795.3881
2005	421.05684
2005	397.72683
2005	351.23894
2005	316.66802
2005	215.01165
2005	200.6967
2005	191.30176
2005	151.60322
2005	143.55757
2005	134.0253
2005	133.34174
2005	109.9532
2005	97.0842
2005	95.88495
2005	82.41216
2005	71.63145
2005	61.04944
2005	48.95296
2005	48.53424
2005	45.32232
2005	44.19989
2005	40.94225
2005	37.111
2005	35.40636
2005	34.92854
2005	32.70464
2005	31.42992
2005	30.83228
2005	26.86252
2005	25.54433
2005	21.69797
2005	21.68491
2005	19.08922
2005	16.49512
2005	16.25504
2005	15.51331
2005	13.81543
2005	13.76325
2005	13.64404
2005	13.18314
2005	12.70073
2005	12.50038
2005	12.36728
2005	11.91695
2005	11.15545
2005	10.31393
2005	8.86812
2005	8.46051
2005	7.82972
2005	7.11996
2005	6.04219
2005	5.48297
2005	4.41081
2005	4.40688
2005	4.02349
2005	3.18817
2005	3.13845
2005	2.75948
2005	2.54729
2005	2.36445
2005	2.35286
2005	2.15016
2005	1.94915
2005	1.42295
2005	1.41348
2005	1.12215
2005	0.9508
2005	0.89434
2005	0.78441
2005	0.74324
2005	0.73806
2005	0.61353
2005	0.54564
2005	0.50725
2005	0.45725
2005	0.43183
2005	0.42947
2005	0.39973
2005	0.35868
2005	0.35076
2005	0.34544
2005	0.33079
2005	0.31699
2005	0.2956
2005	0.25285
2005	0.21002
2005	0.19531
2005	0.18468
2005	0.17698
2005	0.17698
2005	0.14947
2005	0.14253
2005	0.14055
2005	0.13623
2005	0.1345
2005	0.09039
2005	0.08525
2005	0.08024
2005	0.07787
2005	0.07288
2005	0.04159
2005	0.03065
2005	0.02832
2005	0.0236
2005	0.01888
2005	0.01224
2005	0.00918
2005	0.00754
2005	0.00545
2005	0.00374
2005	0.00306
2005	0.00071
2006	4778.70101
2006	2147
2006	854.30505
2006	425.06057
2006	411.5456
2006	357.66029
2006	318.86329
2006	215.88933
2006	210.25679
2006	194.86991
2006	157.79429
2006	156.55964
2006	144.62253
2006	131.89293
2006	121.55229
2006	117.74016
2006	105.65348
2006	73.39666
2006	71.53851
2006	61.46913
2006	51.8955
2006	51.19642
2006	49.09558
2006	46.98813
2006	40.74456
2006	37.644
2006	36.65855
2006	35.92049
2006	34.99265
2006	32.09466
2006	30.64919
2006	27.42679
2006	26.90937
2006	23.02765
2006	22.35657
2006	19.85594
2006	17.93683
2006	17.37754
2006	16.97087
2006	15.95085
2006	15.61585
2006	15.44121
2006	15.17703
2006	13.55898
2006	12.69234
2006	12.46742
2006	11.39742
2006	9.63968
2006	9.42582
2006	8.36111
2006	8.03534
2006	7.07637
2006	6.83194
2006	5.69079
2006	5.19087
2006	5.11106
2006	4.73843
2006	3.5396
2006	3.09196
2006	2.98634
2006	2.75088
2006	2.66104
2006	2.63129
2006	2.62847
2006	2.31018
2006	2.0056
2006	1.98521
2006	1.81416
2006	1.15627
2006	1.14447
2006	1.09456
2006	0.99035
2006	0.79702
2006	0.7801
2006	0.71567
2006	0.7
2006	0.6678
2006	0.59626
2006	0.52289
2006	0.5177
2006	0.50725
2006	0.47034
2006	0.43183
2006	0.39792
2006	0.39739
2006	0.39408
2006	0.37255
2006	0.36422
2006	0.36026
2006	0.35561
2006	0.30014
2006	0.28317
2006	0.19446
2006	0.19107
2006	0.18878
2006	0.18511
2006	0.14947
2006	0.14158
2006	0.1331
2006	0.13132
2006	0.12271
2006	0.11926
2006	0.09639
2006	0.07787
2006	0.07551
2006	0.07288
2006	0.02832
2006	0.02725
2006	0.0236
2006	0.02142
2006	0.01888
2006	0.01224
2006	0.00853
2006	0.00368
2006	0.00306
2006	0.00047
2007	5086.85888
2007	2172
2007	930.47858
2007	445.83482
2007	393.20737
2007	371.29019
2007	336.98223
2007	218.92638
2007	213.44144
2007	203.98064
2007	165.15147
2007	146.502
2007	146.45003
2007	141.45193
2007	128.20682
2007	124.79464
2007	122.82663
2007	79.73794
2007	61.73686
2007	60.2174
2007	59.46753
2007	55.32151
2007	52.68774
2007	45.61053
2007	43.22767
2007	39.42394
2007	36.35523
2007	36.24363
2007	35.37924
2007	33.50109
2007	32.41254
2007	30.91931
2007	28.93374
2007	24.80544
2007	22.60107
2007	22.17195
2007	18.57836
2007	17.9375
2007	17.34185
2007	15.81605
2007	15.67275
2007	15.52412
2007	14.71843
2007	13.7922
2007	13.06776
2007	12.71011
2007	11.21612
2007	9.13161
2007	8.80526
2007	7.89412
2007	7.56453
2007	7.02642
2007	6.49204
2007	5.9685
2007	5.41834
2007	5.11579
2007	5.02255
2007	4.04245
2007	4.01387
2007	3.5396
2007	3.34728
2007	2.72347
2007	2.66536
2007	2.65256
2007	2.04199
2007	1.98926
2007	1.72019
2007	1.6353
2007	1.59315
2007	1.22283
2007	1.15627
2007	0.91359
2007	0.8277
2007	0.79702
2007	0.75512
2007	0.74854
2007	0.70792
2007	0.68399
2007	0.6464
2007	0.52951
2007	0.50734
2007	0.50725
2007	0.45672
2007	0.42475
2007	0.40198
2007	0.38831
2007	0.36797
2007	0.36498
2007	0.34945
2007	0.3249
2007	0.32466
2007	0.30822
2007	0.25957
2007	0.20069
2007	0.20058
2007	0.1935
2007	0.1857
2007	0.17028
2007	0.16013
2007	0.15338
2007	0.10576
2007	0.08495
2007	0.08259
2007	0.08174
2007	0.07868
2007	0.07288
2007	0.03672
2007	0.0317
2007	0.02832
2007	0.0236
2007	0.02062
2007	0.01888
2007	0.01224
2007	0.01044
2007	0.00408
2007	0.00078
2008	5575.12003
2008	2139
2008	1014.19613
2008	436.43994
2008	424.04383
2008	397.70472
2008	316.60346
2008	240.30675
2008	218.50181
2008	200.94206
2008	161.2246
2008	153.04698
2008	147.45889
2008	135.69239
2008	133.54892
2008	127.61714
2008	117.23387
2008	66.90884
2008	60.6314
2008	59.64443
2008	54.9345
2008	54.07155
2008	51.32308
2008	48.25933
2008	46.45579
2008	44.1258
2008	37.18478
2008	36.58241
2008	32.80171
2008	30.6922
2008	30.16666
2008	29.77846
2008	26.7711
2008	25.92884
2008	25.898
2008	20.66168
2008	20.34795
2008	18.10737
2008	17.41117
2008	17.31259
2008	14.84832
2008	14.84795
2008	14.58107
2008	13.05058
2008	12.80626
2008	11.29956
2008	10.7623
2008	9.58932
2008	8.9833
2008	7.82173
2008	7.10314
2008	7.0216
2008	6.6083
2008	6.13762
2008	5.95223
2008	5.06735
2008	5.0154
2008	4.66585
2008	3.61693
2008	3.5628
2008	3.5396
2008	3.01989
2008	2.71805
2008	2.59489
2008	2.41057
2008	2.1568
2008	2.12375
2008	1.70137
2008	1.56021
2008	1.26559
2008	1.15627
2008	0.93564
2008	0.87761
2008	0.85889
2008	0.79702
2008	0.71137
2008	0.70792
2008	0.64716
2008	0.54133
2008	0.50734
2008	0.50725
2008	0.46729
2008	0.46067
2008	0.42475
2008	0.41121
2008	0.37813
2008	0.37156
2008	0.35531
2008	0.35079
2008	0.34318
2008	0.32749
2008	0.30879
2008	0.25721
2008	0.21238
2008	0.20264
2008	0.19644
2008	0.1935
2008	0.18484
2008	0.18177
2008	0.15338
2008	0.10217
2008	0.09755
2008	0.09577
2008	0.09276
2008	0.09147
2008	0.08259
2008	0.02832
2008	0.0236
2008	0.02291
2008	0.02129
2008	0.01836
2008	0.01224
2008	0.00588
2008	0.00226
2008	0.00068
2009	5971.86383
2009	1876
2009	1124.49927
2009	388.72576
2009	375.03892
2009	344.98137
2009	281.02485
2009	248.42194
2009	219.45711
2009	211.58851
2009	152.05422
2009	147.01664
2009	128.28622
2009	121.54255
2009	116.99768
2009	111.57411
2009	106.38885
2009	64.45757
2009	60.14391
2009	49.51037
2009	49.10543
2009	46.13742
2009	45.6947
2009	40.75867
2009	39.4274
2009	38.21469
2009	35.94661
2009	34.6676
2009	32.09713
2009	30.81193
2009	29.59176
2009	29.33198
2009	29.0988
2009	24.99066
2009	21.493
2009	17.73286
2009	17.71482
2009	17.2391
2009	15.33904
2009	14.83145
2009	14.26051
2009	11.86637
2009	11.54619
2009	11.47762
2009	11.09361
2009	10.92699
2009	10.83407
2009	10.3803
2009	7.50826
2009	7.00561
2009	6.45659
2009	5.54498
2009	5.40823
2009	5.32382
2009	5.30334
2009	4.73637
2009	4.70679
2009	4.2722
2009	4.23868
2009	3.5396
2009	2.67594
2009	2.54348
2009	2.41057
2009	2.32763
2009	2.08628
2009	1.76103
2009	1.75092
2009	1.53095
2009	1.39139
2009	1.26559
2009	1.15627
2009	0.90141
2009	0.79702
2009	0.75537
2009	0.74591
2009	0.70792
2009	0.59937
2009	0.54133
2009	0.5398
2009	0.52793
2009	0.52493
2009	0.51188
2009	0.50725
2009	0.45418
2009	0.42475
2009	0.40137
2009	0.36212
2009	0.34791
2009	0.32055
2009	0.31662
2009	0.27925
2009	0.23159
2009	0.23038
2009	0.22417
2009	0.22417
2009	0.20743
2009	0.2045
2009	0.1935
2009	0.19161
2009	0.15338
2009	0.10217
2009	0.08259
2009	0.07813
2009	0.07559
2009	0.07271
2009	0.06216
2009	0.03881
2009	0.02832
2009	0.0236
2009	0.01888
2009	0.01836
2009	0.01224
2009	0.00708
2009	0.00574
2009	0.00226
2009	0.00081
2009	0.00068
2010	6946.30541
2010	1985
2010	1161.56815
2010	441.98098
2010	441.9799
2010	377.38025
2010	299.83535
2010	272.67079
2010	210.16896
2010	206.10388
2010	162.46742
2010	133.13897
2010	132.50085
2010	129.2347
2010	116.96546
2010	114.86275
2010	103.61328
2010	62.41748
2010	61.0864
2010	50.43033
2010	50.12166
2010	47.95427
2010	47.38236
2010	45.06739
2010	43.69963
2010	39.78109
2010	35.18423
2010	34.74613
2010	34.44482
2010	34.25123
2010	28.40722
2010	27.95669
2010	27.49351
2010	26.46787
2010	24.3619
2010	23.78595
2010	20.20257
2010	15.69739
2010	15.24555
2010	14.49365
2010	12.73411
2010	12.61307
2010	12.1679
2010	11.06309
2010	10.45967
2010	8.88875
2010	8.06926
2010	7.92894
2010	6.93375
2010	6.85163
2010	6.69836
2010	6.49127
2010	6.48229
2010	5.23326
2010	5.06331
2010	4.57482
2010	4.50729
2010	4.39331
2010	4.06628
2010	3.5396
2010	3.48132
2010	3.45189
2010	2.93058
2010	2.67594
2010	2.16635
2010	1.77018
2010	1.74856
2010	1.26559
2010	1.15627
2010	1.07623
2010	0.99584
2010	0.90141
2010	0.79702
2010	0.77123
2010	0.76041
2010	0.75537
2010	0.74312
2010	0.7386
2010	0.70792
2010	0.54133
2010	0.51338
2010	0.51188
2010	0.42475
2010	0.39676
2010	0.39167
2010	0.34339
2010	0.31968
2010	0.31542
2010	0.30334
2010	0.29739
2010	0.27388
2010	0.27246
2010	0.24305
2010	0.22698
2010	0.22417
2010	0.20934
2010	0.19889
2010	0.1935
2010	0.18359
2010	0.15338
2010	0.13059
2010	0.10217
2010	0.08771
2010	0.08259
2010	0.07559
2010	0.04719
2010	0.0413
2010	0.02832
2010	0.02832
2010	0.0236
2010	0.01968
2010	0.01888
2010	0.01836
2010	0.01224
2010	0.00576
2010	0.00472
2010	0.00236
2010	0.00226
2010	0.00068
