1961	110001000
1961	59377400
1961	55885900
1961	19168000
1961	17787100
1961	17460000
1961	13399200
1961	12415990
1961	11640000
1961	10931200
1961	9755810
1961	9730300
1961	9650000
1961	8513000
1961	8100000
1961	7811200
1961	5614100
1961	4942980
1961	4438090
1961	4186000
1961	4018280
1961	3618830
1961	2850000
1961	2519030
1961	2517950
1961	2410370
1961	2000000
1961	1914000
1961	1533000
1961	1528180
1961	1447300
1961	1415900
1961	1400120
1961	1307530
1961	1211000
1961	1166000
1961	1140220
1961	1069720
1961	895900
1961	838000
1961	812219
1961	804300
1961	679463
1961	650000
1961	646700
1961	642437
1961	617327
1961	552000
1961	525000
1961	480000
1961	419595
1961	387370
1961	335384
1961	318000
1961	247367
1961	230000
1961	190000
1961	183820
1961	179000
1961	172000
1961	140000
1961	140000
1961	138782
1961	117000
1961	116792
1961	105102
1961	104000
1961	66700
1961	50000
1961	45000
1961	34395
1961	32280
1961	32000
1961	30000
1961	25000
1961	20000
1961	15000
1961	11700
1961	10400
1961	10000
1961	10000
1961	8500
1961	7800
1961	6400
1961	5000
1961	4500
1961	3500
1961	3100
1961	2800
1961	1150
1961	15
1961	10
1961	10
1962	103967000
1962	62534500
1962	36721100
1962	21115600
1962	19360000
1962	18178100
1962	14558900
1962	14356700
1962	12940300
1962	10211100
1962	9829310
1962	9778000
1962	9751000
1962	8766320
1962	8086940
1962	7950000
1962	5474000
1962	4808000
1962	4624500
1962	4488690
1962	4171890
1962	3670000
1962	2836000
1962	2632480
1962	2136200
1962	1980000
1962	1975800
1962	1973400
1962	1895000
1962	1853000
1962	1702620
1962	1668810
1962	1480000
1962	1458030
1962	1310000
1962	1300000
1962	1089170
1962	1085840
1962	1071890
1962	1030000
1962	850000
1962	781500
1962	694000
1962	672000
1962	650000
1962	646011
1962	605724
1962	584014
1962	570700
1962	570000
1962	533000
1962	503340
1962	395628
1962	337000
1962	250000
1962	230000
1962	216916
1962	202000
1962	197705
1962	185000
1962	153982
1962	151733
1962	140000
1962	137000
1962	128842
1962	112000
1962	93000
1962	51609
1962	50000
1962	45000
1962	44500
1962	40000
1962	36079
1962	36000
1962	33000
1962	21000
1962	20000
1962	11400
1962	10000
1962	10000
1962	10000
1962	9000
1962	7800
1962	6400
1962	5000
1962	4500
1962	3750
1962	3000
1962	2100
1962	1150
1962	15
1962	10
1962	10
1963	91913000
1963	63722900
1963	31418900
1963	22327000
1963	21851300
1963	20610000
1963	18438000
1963	14556530
1963	14437000
1963	12312600
1963	11950000
1963	9939000
1963	9182950
1963	8959500
1963	8285310
1963	7402300
1963	6386460
1963	5746670
1963	5153000
1963	4824980
1963	4602690
1963	3468920
1963	2872000
1963	2813220
1963	2417150
1963	2374400
1963	2020300
1963	1920450
1963	1746000
1963	1709000
1963	1695000
1963	1642600
1963	1600000
1963	1520000
1963	1501200
1963	1292050
1963	1258120
1963	1209600
1963	1200000
1963	1015000
1963	987700
1963	820363
1963	815000
1963	791800
1963	776415
1963	703075
1963	700000
1963	663000
1963	648000
1963	631092
1963	592500
1963	545000
1963	356286
1963	345000
1963	310000
1963	270000
1963	265000
1963	259448
1963	213736
1963	194000
1963	186641
1963	177137
1963	161420
1963	146000
1963	129000
1963	128000
1963	117338
1963	112666
1963	51819
1963	45000
1963	45000
1963	37000
1963	33000
1963	30700
1963	25000
1963	22000
1963	13000
1963	12200
1963	11200
1963	10000
1963	9000
1963	7900
1963	7315
1963	5200
1963	5000
1963	4500
1963	4000
1963	2000
1963	1150
1963	15
1963	10
1963	10
1964	104225000
1964	66399000
1964	37202800
1964	26989600
1964	22727700
1964	21984000
1964	19165650
1964	16139000
1964	15312400
1964	14115300
1964	11827000
1964	10959400
1964	10661000
1964	8892380
1964	8100000
1964	7783600
1964	7776300
1964	5448810
1964	4890000
1964	4719540
1964	4375010
1964	3227410
1964	3077100
1964	3038190
1964	2810000
1964	2387000
1964	2356410
1964	2294830
1964	2156800
1964	1841300
1964	1769480
1964	1730000
1964	1550000
1964	1500000
1964	1400000
1964	1334170
1964	1330360
1964	1298630
1964	1170590
1964	1085000
1964	1018900
1964	1015430
1964	964100
1964	920793
1964	861821
1964	826488
1964	796900
1964	770322
1964	690900
1964	689000
1964	647000
1964	425000
1964	383554
1964	350000
1964	348000
1964	342000
1964	300000
1964	292000
1964	290000
1964	259448
1964	238000
1964	209000
1964	199830
1964	155000
1964	153471
1964	140000
1964	90595
1964	61776
1964	45000
1964	45000
1964	43087
1964	39000
1964	38508
1964	25000
1964	23000
1964	15000
1964	11400
1964	10000
1964	9500
1964	9500
1964	9000
1964	7900
1964	7315
1964	6600
1964	5000
1964	4250
1964	2350
1964	2000
1964	1300
1964	15
1964	12
1964	11
1965	122077000
1965	75852900
1965	50695300
1965	30955700
1965	23118700
1965	21466700
1965	21150000
1965	18667000
1965	14382200
1965	13950000
1965	12720500
1965	11224800
1965	8406000
1965	8086730
1965	8000000
1965	7989510
1965	6330700
1965	5984490
1965	5544080
1965	4775420
1965	4739000
1965	3913000
1965	3704420
1965	3459690
1965	2738000
1965	2694200
1965	2544070
1965	2244000
1965	2205650
1965	2115900
1965	1880000
1965	1845400
1965	1760000
1965	1525420
1965	1480000
1965	1408980
1965	1400000
1965	1397150
1965	1366000
1965	1084290
1965	1013590
1965	1010470
1965	991600
1965	950640
1965	908351
1965	889000
1965	843520
1965	807900
1965	728000
1965	679290
1965	607700
1965	470000
1965	452000
1965	435000
1965	430000
1965	392000
1965	347663
1965	331015
1965	299000
1965	241167
1965	204731
1965	195000
1965	150000
1965	150000
1965	149708
1965	135000
1965	126000
1965	100386
1965	51000
1965	45000
1965	44314
1965	41105
1965	41000
1965	25000
1965	24000
1965	17000
1965	16500
1965	10000
1965	9500
1965	9000
1965	8500
1965	8000
1965	6500
1965	6400
1965	5000
1965	4500
1965	1430
1965	1300
1965	841
1965	15
1965	12
1965	11
1966	123990000
1966	75787500
1966	37800000
1966	32228600
1966	22309400
1966	22239500
1966	20577970
1966	19215000
1966	16952700
1966	14102800
1966	13000000
1966	11960000
1966	9549900
1966	9004200
1966	9002010
1966	8586460
1966	7671200
1966	6638330
1966	5189000
1966	4963390
1966	4842920
1966	4034350
1966	3388800
1966	3045000
1966	2681200
1966	2595600
1966	2532300
1966	2321460
1966	2227540
1966	2002270
1966	1900000
1966	1884000
1966	1664440
1966	1600000
1966	1584000
1966	1568700
1966	1499700
1966	1487500
1966	1447750
1966	1301260
1966	1291750
1966	1036120
1966	988000
1966	907000
1966	898300
1966	890940
1966	838559
1966	826000
1966	816749
1966	712512
1966	654600
1966	591365
1966	470000
1966	441000
1966	431000
1966	417955
1966	382000
1966	353926
1966	306000
1966	276000
1966	250677
1966	238683
1966	192000
1966	184123
1966	132000
1966	119665
1966	80000
1966	51000
1966	49962
1966	47000
1966	40000
1966	34000
1966	25000
1966	24871
1966	19000
1966	17316
1966	12450
1966	10000
1966	10000
1966	8912
1966	8300
1966	8000
1966	5500
1966	5000
1966	4745
1966	4500
1966	1300
1966	852
1966	838
1966	550
1966	15
1966	14
1966	12
1967	92827000
1967	77086500
1967	51200000
1967	32106900
1967	24177200
1967	21982200
1967	21280000
1967	19641930
1967	17025200
1967	16913500
1967	13000000
1967	10211700
1967	8576000
1967	8433150
1967	8200000
1967	7528250
1967	7402770
1967	7055660
1967	5814470
1967	5261000
1967	4562950
1967	4185940
1967	3830610
1967	2830100
1967	2683400
1967	2650000
1967	2535000
1967	2197340
1967	2185100
1967	2168480
1967	1862400
1967	1855300
1967	1652000
1967	1650000
1967	1645190
1967	1583690
1967	1570460
1967	1560800
1967	1422000
1967	1355960
1967	1300000
1967	1067580
1967	1065800
1967	988000
1967	986500
1967	980280
1967	933520
1967	928158
1967	896400
1967	855000
1967	722282
1967	695000
1967	668947
1967	569956
1967	550000
1967	534000
1967	495000
1967	433000
1967	424000
1967	333040
1967	326882
1967	240704
1967	171800
1967	160000
1967	147000
1967	136485
1967	80000
1967	79893
1967	57000
1967	53331
1967	50000
1967	48000
1967	33002
1967	30000
1967	21300
1967	21000
1967	20000
1967	19293
1967	10000
1967	9919
1967	8100
1967	8000
1967	5000
1967	4980
1967	4750
1967	4600
1967	1500
1967	925
1967	540
1967	195
1967	18
1967	14
1967	12
1968	95500000
1968	76610500
1968	45700000
1968	31683200
1968	22520800
1968	21860000
1968	18888400
1968	18708300
1968	18659000
1968	13719700
1968	13300000
1968	9528500
1968	9500000
1968	8858300
1968	7737180
1968	7710800
1968	6073950
1968	5978590
1968	5687700
1968	5152490
1968	4519380
1968	3727570
1968	3557700
1968	2871500
1968	2717800
1968	2636200
1968	2469490
1968	2379000
1968	2290600
1968	2272640
1968	2231890
1968	1726710
1968	1672000
1968	1645570
1968	1508700
1968	1445650
1968	1440000
1968	1391000
1968	1363000
1968	1326300
1968	1271100
1968	1148540
1968	1137180
1968	1099700
1968	1029840
1968	1000000
1968	967000
1968	948975
1968	858000
1968	821186
1968	702000
1968	684648
1968	652827
1968	554700
1968	545000
1968	509346
1968	452000
1968	445000
1968	406870
1968	326136
1968	276790
1968	230000
1968	212200
1968	181204
1968	169400
1968	152000
1968	135000
1968	105550
1968	100000
1968	57000
1968	54000
1968	49677
1968	46287
1968	35000
1968	24670
1968	22000
1968	19074
1968	14500
1968	12000
1968	12000
1968	11223
1968	8200
1968	7500
1968	7100
1968	5080
1968	5000
1968	4750
1968	1500
1968	1500
1968	835
1968	455
1968	226
1968	18
1968	16
1968	13
1969	124676000
1969	75247100
1969	43800000
1969	32445800
1969	21980000
1969	21971000
1969	20515900
1969	17738420
1969	15784400
1969	14787900
1969	13300000
1969	10680000
1969	9990100
1969	8328980
1969	7414100
1969	7000000
1969	6898210
1969	6867000
1969	5824240
1969	5349640
1969	4399000
1969	4251700
1969	4178420
1969	4068250
1969	2658600
1969	2652900
1969	2608300
1969	2571000
1969	2484100
1969	2436980
1969	2376920
1969	1792220
1969	1790210
1969	1750390
1969	1665000
1969	1650000
1969	1540660
1969	1469000
1969	1428810
1969	1411970
1969	1307910
1969	1284300
1969	1240200
1969	1189460
1969	1141180
1969	1112910
1969	938725
1969	886300
1969	861500
1969	821300
1969	770000
1969	683078
1969	600000
1969	574000
1969	550000
1969	537206
1969	531241
1969	458000
1969	402000
1969	393391
1969	312070
1969	256701
1969	246888
1969	220000
1969	189400
1969	150000
1969	145000
1969	126225
1969	100000
1969	60000
1969	58000
1969	55174
1969	49023
1969	40000
1969	40000
1969	24860
1969	23600
1969	16600
1969	14377
1969	12000
1969	8500
1969	8300
1969	8000
1969	5000
1969	4670
1969	4500
1969	4325
1969	3696
1969	1500
1969	610
1969	500
1969	262
1969	18
1969	16
1969	13
1970	135024000
1970	82900000
1970	79752900
1970	34651400
1970	26369500
1970	26140000
1970	21768700
1970	19702960
1970	17644800
1970	12700000
1970	12143900
1970	9747900
1970	9700000
1970	8654780
1970	8067980
1970	7518800
1970	6934000
1970	6500000
1970	5343980
1970	5120000
1970	5102000
1970	4908740
1970	4121090
1970	3754450
1970	2885980
1970	2730000
1970	2705000
1970	2663000
1970	2632500
1970	2610170
1970	2134790
1970	1936830
1970	1861710
1970	1832060
1970	1760000
1970	1750000
1970	1735840
1970	1731200
1970	1587000
1970	1467730
1970	1456000
1970	1415000
1970	1363400
1970	1312100
1970	1185370
1970	1155000
1970	1129500
1970	1089630
1970	1052100
1970	826000
1970	763989
1970	687029
1970	667214
1970	623200
1970	607000
1970	539000
1970	525000
1970	484882
1970	450400
1970	410000
1970	331216
1970	321586
1970	288483
1970	225000
1970	215700
1970	174300
1970	160662
1970	160000
1970	120000
1970	89764
1970	71000
1970	60504
1970	55000
1970	52237
1970	45000
1970	41000
1970	36800
1970	27000
1970	22500
1970	13530
1970	13000
1970	8500
1970	8082
1970	7000
1970	5000
1970	4500
1970	4500
1970	4315
1970	4300
1970	4190
1970	1700
1970	1375
1970	500
1970	260
1970	18
1970	18
1970	14
1971	126368000
1971	80380400
1971	54700000
1971	32715200
1971	27640000
1971	23167000
1971	21928400
1971	21302120
1971	19390500
1971	16751100
1971	13500000
1971	11226900
1971	10260000
1971	9973730
1971	8777760
1971	7719900
1971	7486000
1971	6586000
1971	6000000
1971	5255570
1971	5152110
1971	4310610
1971	4156720
1971	4105850
1971	3000000
1971	2792400
1971	2785450
1971	2545210
1971	2349220
1971	2097980
1971	1991000
1971	1984790
1971	1906100
1971	1733320
1971	1720000
1971	1705220
1971	1663000
1971	1625000
1971	1480710
1971	1436230
1971	1407400
1971	1407110
1971	1350000
1971	1284300
1971	1233500
1971	1190700
1971	1189690
1971	1101600
1971	1100000
1971	880128
1971	710000
1971	642783
1971	638000
1971	635200
1971	578328
1971	578000
1971	514375
1971	463000
1971	443000
1971	330737
1971	288483
1971	276352
1971	263000
1971	235611
1971	230148
1971	200000
1971	195000
1971	178540
1971	152000
1971	144122
1971	134100
1971	103000
1971	53800
1971	52323
1971	50000
1971	50000
1971	46026
1971	21000
1971	14000
1971	10535
1971	9076
1971	8700
1971	7500
1971	5714
1971	5000
1971	5000
1971	4500
1971	4000
1971	4000
1971	2000
1971	1700
1971	1500
1971	1090
1971	280
1971	18
1971	18
1971	14
1972	113570000
1972	85106200
1972	46800000
1972	32252000
1972	25702200
1972	24800000
1972	23785390
1972	19963400
1972	18928300
1972	16804600
1972	15000000
1972	12870000
1972	11649600
1972	9831440
1972	9098410
1972	7701000
1972	6314760
1972	5926000
1972	5776860
1972	5736440
1972	5576300
1972	4133280
1972	3975280
1972	3622900
1972	3272660
1972	3150000
1972	2807700
1972	2576380
1972	2312000
1972	2301430
1972	2238360
1972	2174880
1972	2058400
1972	1932500
1972	1795000
1972	1631900
1972	1579700
1972	1550000
1972	1515290
1972	1484810
1972	1352300
1972	1330000
1972	1260000
1972	1183600
1972	1106510
1972	1059700
1972	1044500
1972	1043200
1972	1020360
1972	877000
1972	850000
1972	831000
1972	699900
1972	678370
1972	666000
1972	466738
1972	407500
1972	397363
1972	342500
1972	318420
1972	295195
1972	250000
1972	248932
1972	244820
1972	244164
1972	235000
1972	227480
1972	223000
1972	210000
1972	200000
1972	110296
1972	55000
1972	53516
1972	47503
1972	47219
1972	38000
1972	35000
1972	18000
1972	15000
1972	9472
1972	8900
1972	7800
1972	7047
1972	5719
1972	5000
1972	5000
1972	4200
1972	4000
1972	3740
1972	3000
1972	1700
1972	1380
1972	310
1972	200
1972	20
1972	18
1972	15
1973	124867000
1973	91994000
1973	50270000
1973	32861200
1973	27965000
1973	24728770
1973	23429700
1973	19947100
1973	19278000
1973	16870000
1973	15600000
1973	15453700
1973	10847800
1973	10092000
1973	9513000
1973	9261450
1973	7349000
1973	6242630
1973	5477000
1973	5403680
1973	5240680
1973	4008630
1973	3647620
1973	3303730
1973	3284910
1973	3000000
1973	2860000
1973	2495420
1973	2440000
1973	2341290
1973	2166570
1973	2082550
1973	2045600
1973	2032410
1973	2006200
1973	1910060
1973	1806000
1973	1753290
1973	1548600
1973	1440000
1973	1352970
1973	1301150
1973	1300000
1973	1223200
1973	1191260
1973	1155400
1973	1133000
1973	1100800
1973	1097000
1973	1050000
1973	1040000
1973	967433
1973	771200
1973	729758
1973	618000
1973	525200
1973	487693
1973	444500
1973	411872
1973	407000
1973	341827
1973	332300
1973	327132
1973	284593
1973	250000
1973	245635
1973	220000
1973	214376
1973	160000
1973	159700
1973	77890
1973	75258
1973	61533
1973	60000
1973	58000
1973	35000
1973	30527
1973	20000
1973	17000
1973	15000
1973	9742
1973	9360
1973	9000
1973	8000
1973	6700
1973	5500
1973	5000
1973	4872
1973	4000
1973	2600
1973	2000
1973	1900
1973	420
1973	393
1973	20
1973	18
1973	15
1974	140805000
1974	95623700
1974	52914000
1974	34875000
1974	33499200
1974	25578400
1974	23910500
1974	22806500
1974	20417800
1974	16895300
1974	16800000
1974	16536000
1974	13426500
1974	13338800
1974	10130600
1974	9668520
1974	7018000
1974	6647140
1974	6443480
1974	5963660
1974	5856500
1974	4422760
1974	4094520
1974	3846770
1974	3252460
1974	2953000
1974	2860000
1974	2800000
1974	2314000
1974	2192580
1974	2153620
1974	2150980
1974	2124080
1974	2049720
1974	2021290
1974	1974550
1974	1823000
1974	1751400
1974	1687420
1974	1571530
1974	1450000
1974	1432440
1974	1415970
1974	1203000
1974	1157000
1974	1153000
1974	1117900
1974	1100000
1974	1075700
1974	956100
1974	837300
1974	816400
1974	720000
1974	670000
1974	575000
1974	570243
1974	550000
1974	505000
1974	410174
1974	400000
1974	378851
1974	377124
1974	321000
1974	266755
1974	239931
1974	220472
1974	210000
1974	190000
1974	190000
1974	146417
1974	97842
1974	75200
1974	70000
1974	67300
1974	52735
1974	52000
1974	51600
1974	42316
1974	38000
1974	20000
1974	18000
1974	10500
1974	10000
1974	9352
1974	9100
1974	8000
1974	7000
1974	5000
1974	4600
1974	4000
1974	3860
1974	2060
1974	2000
1974	1000
1974	565
1974	377
1974	20
1974	18
1974	15
1975	144289000
1975	91524600
1975	52389000
1975	35868000
1975	35840600
1975	25713100
1975	24565420
1975	21959000
1975	21242000
1975	20500000
1975	16813500
1975	15600000
1975	14592300
1975	13079200
1975	9439620
1975	9337020
1975	7902000
1975	7723420
1975	6741280
1975	5486160
1975	5093000
1975	4316030
1975	3631670
1975	3579540
1975	3204900
1975	3166000
1975	2802000
1975	2628000
1975	2400000
1975	2366500
1975	2323870
1975	2277600
1975	2160120
1975	2079580
1975	1982490
1975	1973000
1975	1956100
1975	1892300
1975	1737230
1975	1721920
1975	1505950
1975	1377550
1975	1291000
1975	1204120
1975	1177000
1975	1101400
1975	1100000
1975	1038200
1975	965953
1975	845400
1975	813000
1975	801000
1975	795687
1975	768153
1975	700000
1975	700000
1975	551482
1975	470000
1975	464760
1975	385000
1975	375651
1975	365210
1975	348485
1975	273000
1975	265000
1975	251425
1975	230000
1975	219456
1975	210000
1975	178639
1975	176000
1975	159543
1975	134680
1975	114613
1975	104169
1975	82000
1975	62800
1975	60000
1975	59835
1975	46000
1975	30335
1975	21000
1975	20000
1975	13894
1975	10000
1975	9300
1975	8590
1975	7500
1975	7000
1975	5000
1975	5000
1975	4000
1975	2100
1975	1820
1975	500
1975	345
1975	250
1975	20
1975	18
1975	15
1976	140604000
1976	103173000
1976	53486000
1976	38714000
1976	31386500
1976	25610650
1976	25546600
1976	25509900
1976	23343600
1976	21100000
1976	19909700
1976	19220600
1976	16100000
1976	14034500
1976	10932200
1976	9227140
1976	8445760
1976	6845000
1976	6402280
1976	6000600
1976	5980660
1976	5761320
1976	4039350
1976	3628320
1976	3293120
1976	3177000
1976	2986400
1976	2980050
1976	2779000
1976	2358190
1976	2321380
1976	2291590
1976	2283000
1976	2203380
1976	2200000
1976	2112000
1976	2087600
1976	1981000
1976	1929260
1976	1923880
1976	1631140
1976	1541780
1976	1406000
1976	1287180
1976	1280000
1976	1081320
1976	1076900
1976	1073150
1976	950000
1976	918500
1976	870000
1976	814400
1976	800000
1976	779611
1976	735000
1976	616765
1976	586636
1976	563316
1976	530000
1976	333300
1976	331769
1976	326224
1976	326136
1976	322327
1976	280000
1976	260000
1976	257246
1976	253027
1976	213000
1976	211441
1976	210000
1976	200000
1976	146700
1976	145000
1976	145000
1976	130000
1976	128125
1976	106900
1976	92000
1976	77600
1976	68100
1976	60000
1976	28408
1976	17796
1976	16965
1976	12000
1976	11670
1976	10350
1976	9500
1976	7000
1976	5000
1976	5000
1976	4000
1976	2520
1976	2200
1976	500
1976	300
1976	200
1976	20
1976	18
1976	15
1977	153007000
1977	120082000
1977	60353000
1977	34820000
1977	29523000
1977	29397300
1977	29053900
1977	26094400
1977	24339600
1977	23493200
1977	20500000
1977	19009000
1977	16000000
1977	14516300
1977	11091200
1977	9293310
1977	8378670
1977	7518030
1977	6600000
1977	6503800
1977	6022290
1977	5356460
1977	3550000
1977	3290890
1977	3252380
1977	3167500
1977	3087000
1977	2881810
1977	2816800
1977	2801000
1977	2674000
1977	2666470
1977	2519420
1977	2395550
1977	2328000
1977	2327140
1977	2233950
1977	2200000
1977	1992270
1977	1891000
1977	1844740
1977	1625690
1977	1584000
1977	1340000
1977	1280720
1977	1159800
1977	1122000
1977	1045000
1977	1001100
1977	1000000
1977	1000000
1977	960000
1977	950642
1977	817000
1977	765000
1977	728973
1977	691369
1977	634120
1977	621879
1977	500000
1977	366645
1977	352000
1977	350246
1977	320000
1977	311379
1977	310000
1977	305000
1977	304000
1977	300000
1977	270000
1977	257040
1977	195000
1977	177440
1977	170000
1977	153350
1977	150000
1977	145000
1977	142300
1977	135325
1977	131500
1977	64000
1977	52150
1977	49000
1977	35391
1977	30076
1977	17840
1977	14067
1977	13000
1977	9600
1977	7500
1977	5200
1977	5000
1977	4000
1977	2370
1977	2300
1977	500
1977	400
1977	200
1977	20
1977	18
1977	15
1978	176965000
1978	129145000
1978	69653000
1978	35474800
1978	30562000
1978	30076600
1978	29394380
1978	23584000
1978	22950000
1978	21457000
1978	19334000
1978	18941200
1978	18931800
1978	13600000
1978	11093600
1978	8422860
1978	8296320
1978	6927700
1978	6777070
1978	6260480
1978	5360000
1978	4828400
1978	4285700
1978	3640600
1978	3596000
1978	3430690
1978	2853000
1978	2844000
1978	2819210
1978	2756950
1978	2733960
1978	2732100
1978	2635000
1978	2578740
1978	2572340
1978	2544000
1978	2381030
1978	2242380
1978	2164480
1978	2000000
1978	1791190
1978	1551000
1978	1550000
1978	1374930
1978	1347000
1978	1295000
1978	1260000
1978	1141130
1978	1047340
1978	980000
1978	963000
1978	898000
1978	895000
1978	774811
1978	770000
1978	765000
1978	652200
1978	475399
1978	450000
1978	430000
1978	387100
1978	362891
1978	362000
1978	337500
1978	321080
1978	315000
1978	311500
1978	310000
1978	287000
1978	250000
1978	200654
1978	172300
1978	169895
1978	165000
1978	165000
1978	165000
1978	150000
1978	150000
1978	140000
1978	119760
1978	76120
1978	64000
1978	38000
1978	28346
1978	25532
1978	19589
1978	15978
1978	14000
1978	9800
1978	7500
1978	5300
1978	5000
1978	4100
1978	2400
1978	1900
1978	500
1978	500
1978	160
1978	20
1978	20
1978	15
1979	151655000
1979	138899000
1979	77311400
1979	34587400
1979	31888000
1979	31186370
1979	27325500
1979	24700000
1979	24069300
1979	21151100
1979	20560500
1979	19083000
1979	18412000
1979	14120000
1979	10304000
1979	8790520
1979	7505970
1979	6937490
1979	6599440
1979	6313100
1979	4830000
1979	4769350
1979	4063000
1979	3934150
1979	3677600
1979	3490900
1979	3321000
1979	3119970
1979	2988200
1979	2860000
1979	2741660
1979	2624060
1979	2615130
1979	2555450
1979	2555000
1979	2405920
1979	2311000
1979	2200000
1979	2195890
1979	2075940
1979	1840740
1979	1765000
1979	1682550
1979	1444320
1979	1406000
1979	1399000
1979	1287000
1979	1162990
1979	1100000
1979	1100000
1979	1052000
1979	1005200
1979	1005000
1979	916000
1979	887515
1979	815000
1979	700000
1979	687101
1979	420000
1979	384000
1979	369930
1979	367000
1979	360000
1979	350000
1979	335000
1979	322640
1979	317000
1979	293440
1979	291075
1979	265000
1979	230800
1979	220000
1979	215000
1979	213195
1979	189085
1979	182000
1979	164060
1979	160000
1979	140000
1979	115000
1979	94030
1979	64000
1979	40000
1979	26953
1979	26108
1979	24389
1979	15000
1979	14650
1979	10000
1979	10000
1979	7500
1979	5300
1979	5000
1979	4400
1979	2500
1979	1800
1979	500
1979	45
1979	20
1979	20
1979	15
1980	148651000
1980	128833000
1980	63977400
1980	35278600
1980	31977580
1980	30900000
1980	27497700
1980	26100000
1980	24460300
1980	23975600
1980	17200000
1980	17133300
1980	14062200
1980	12826700
1980	9055700
1980	8618000
1980	6676010
1980	6615200
1980	6054520
1980	5700000
1980	4986520
1980	4564400
1980	4532300
1980	4359800
1980	3830510
1980	3360000
1980	3080140
1980	3000000
1980	2905730
1980	2810390
1980	2782340
1980	2564000
1980	2528000
1980	2516460
1980	2386180
1980	2175070
1980	2139100
1980	2095000
1980	2028220
1980	2000000
1980	1709550
1980	1480000
1980	1475000
1980	1461340
1980	1404400
1980	1394990
1980	1372900
1980	1317770
1980	1307000
1980	1283000
1980	1205000
1980	1029770
1980	1004550
1980	1003630
1980	919717
1980	885400
1980	870000
1980	720000
1980	473000
1980	447981
1980	419500
1980	385070
1980	375160
1980	356000
1980	352000
1980	350000
1980	350000
1980	340000
1980	300000
1980	266086
1980	220000
1980	215000
1980	200000
1980	190000
1980	171200
1980	160000
1980	150000
1980	146339
1980	130000
1980	113100
1980	70000
1980	40000
1980	37000
1980	24437
1980	24083
1980	21793
1980	15000
1980	11250
1980	11250
1980	10200
1980	9520
1980	5300
1980	5000
1980	4600
1980	3215
1980	2600
1980	1870
1980	500
1980	100
1980	20
1980	20
1980	15
1980	7
1981	155924000
1981	154248000
1981	66678500
1981	38379600
1981	33197400
1981	32359400
1981	31600000
1981	25093800
1981	24864100
1981	23200000
1981	22301800
1981	19853700
1981	19532100
1981	15500000
1981	9629000
1981	8805000
1981	6598840
1981	6300000
1981	6278380
1981	5653760
1981	5302560
1981	4531370
1981	4381900
1981	4192220
1981	3964400
1981	3931000
1981	3551000
1981	3249700
1981	3103070
1981	3000000
1981	2920360
1981	2521870
1981	2492370
1981	2424320
1981	2400080
1981	2356280
1981	2263000
1981	2237000
1981	2154700
1981	2047810
1981	2035340
1981	2000000
1981	1848830
1981	1700000
1981	1677000
1981	1652260
1981	1420380
1981	1370000
1981	1347000
1981	1296380
1981	1289520
1981	985670
1981	966000
1981	926000
1981	911000
1981	893178
1981	834045
1981	680000
1981	621500
1981	600000
1981	479780
1981	420222
1981	378200
1981	360000
1981	350000
1981	337500
1981	320000
1981	320000
1981	244148
1981	237000
1981	220000
1981	194497
1981	190000
1981	189000
1981	160000
1981	155000
1981	146327
1981	130000
1981	122400
1981	104000
1981	84600
1981	70000
1981	56000
1981	52000
1981	50000
1981	30000
1981	26437
1981	24100
1981	21674
1981	11250
1981	10500
1981	9300
1981	6000
1981	5300
1981	4600
1981	2801
1981	2700
1981	1570
1981	525
1981	100
1981	20
1981	19
1981	15
1981	10
1982	186647000
1982	186358000
1982	73100000
1982	45486380
1982	36579700
1982	35800000
1982	35511000
1982	30200000
1982	27006800
1982	24817100
1982	23500000
1982	21794100
1982	19339500
1982	15046000
1982	11805000
1982	8740000
1982	7420000
1982	7135960
1982	7115270
1982	6581860
1982	5420880
1982	5371620
1982	4576900
1982	4075000
1982	3906700
1982	3627700
1982	3587000
1982	3479060
1982	3095570
1982	3000630
1982	3000000
1982	2826670
1982	2736000
1982	2669950
1982	2590580
1982	2549270
1982	2491120
1982	2446200
1982	2372000
1982	2319400
1982	2256000
1982	1830000
1982	1810200
1982	1784890
1982	1450000
1982	1432690
1982	1408570
1982	1380000
1982	1372000
1982	1220010
1982	1113080
1982	1087350
1982	1010470
1982	985000
1982	938080
1982	900000
1982	868357
1982	804300
1982	600000
1982	590000
1982	509950
1982	483200
1982	479730
1982	380000
1982	350000
1982	350000
1982	349600
1982	340000
1982	274000
1982	256000
1982	250000
1982	240000
1982	220000
1982	207666
1982	199058
1982	155000
1982	151600
1982	150000
1982	146000
1982	125391
1982	80000
1982	70000
1982	63000
1982	58500
1982	55000
1982	30035
1982	25650
1982	24590
1982	14940
1982	11250
1982	8611
1982	8500
1982	8000
1982	6000
1982	5365
1982	5300
1982	4800
1982	2750
1982	1460
1982	600
1982	189
1982	20
1982	18
1982	15
1982	12
1983	216037000
1983	189506000
1983	69700000
1983	38624130
1983	34232000
1983	32533500
1983	28700000
1983	25547100
1983	24450500
1983	24407400
1983	24200000
1983	24191200
1983	15070000
1983	13422900
1983	11520000
1983	8396000
1983	7358380
1983	7062810
1983	6500000
1983	5689500
1983	5620050
1983	5254670
1983	4815890
1983	3845600
1983	3718200
1983	3680290
1983	3562320
1983	3481130
1983	3438000
1983	3150280
1983	3016000
1983	2800000
1983	2747970
1983	2714530
1983	2543490
1983	2526000
1983	2406700
1983	2350120
1983	2203000
1983	2093930
1983	2052760
1983	2046800
1983	1820360
1983	1800000
1983	1621200
1983	1610200
1983	1370000
1983	1286950
1983	1150150
1983	1086170
1983	1039120
1983	1025000
1983	1005900
1983	964500
1983	840000
1983	810000
1983	770000
1983	734920
1983	705000
1983	643600
1983	616090
1983	551045
1983	449700
1983	380000
1983	375000
1983	330000
1983	324000
1983	300000
1983	276200
1983	250000
1983	250000
1983	239000
1983	227328
1983	220000
1983	214494
1983	170000
1983	155000
1983	152600
1983	128823
1983	85900
1983	82000
1983	80000
1983	75000
1983	62000
1983	33610
1983	33000
1983	30348
1983	27840
1983	11250
1983	9000
1983	9000
1983	8974
1983	7459
1983	6000
1983	5300
1983	5000
1983	2500
1983	1000
1983	960
1983	100
1983	20
1983	17
1983	15
1983	15
1984	222318000
1984	174076000
1984	77400000
1984	46470030
1984	34969700
1984	34300000
1984	34287300
1984	25450300
1984	24802300
1984	23869500
1984	23500000
1984	22957100
1984	22356000
1984	15440000
1984	10271400
1984	9142000
1984	7721560
1984	7169220
1984	6566600
1984	6560000
1984	5698230
1984	5008770
1984	4757380
1984	4545100
1984	4290000
1984	4171200
1984	3662600
1984	3586360
1984	3459000
1984	3402000
1984	3213380
1984	3054320
1984	2935810
1984	2867970
1984	2842080
1984	2556600
1984	2553000
1984	2500000
1984	2449700
1984	2185000
1984	2134620
1984	2126460
1984	1660000
1984	1650000
1984	1638600
1984	1544000
1984	1410000
1984	1261250
1984	1191900
1984	1178520
1984	1100000
1984	1097280
1984	1038610
1984	879200
1984	847000
1984	821000
1984	812800
1984	775030
1984	578240
1984	551755
1984	509070
1984	499860
1984	450000
1984	380000
1984	350000
1984	342300
1984	324000
1984	320000
1984	298315
1984	241000
1984	240000
1984	225701
1984	220000
1984	207717
1984	190000
1984	185000
1984	160000
1984	155000
1984	146388
1984	130625
1984	90000
1984	85500
1984	70000
1984	60000
1984	54525
1984	50000
1984	35260
1984	24390
1984	10855
1984	8500
1984	7550
1984	7249
1984	6710
1984	6000
1984	5300
1984	5000
1984	2500
1984	1250
1984	700
1984	200
1984	20
1984	18
1984	16
1984	15
1985	247199000
1985	170319000
1985	67400000
1985	58711310
1985	34430800
1985	32139600
1985	25594300
1985	25364400
1985	25055000
1985	24401600
1985	22842000
1985	22621200
1985	18803000
1985	14105000
1985	9684000
1985	8419500
1985	8063000
1985	6878040
1985	6580000
1985	5673170
1985	5583370
1985	5559700
1985	4994800
1985	4800000
1985	4023000
1985	3767100
1985	3480000
1985	3455000
1985	3386060
1985	3270290
1985	3157860
1985	3043000
1985	2988890
1985	2949550
1985	2726500
1985	2638000
1985	2412660
1985	2343700
1985	2300000
1985	2296270
1985	2076600
1985	1820490
1985	1744150
1985	1600000
1985	1590000
1985	1500000
1985	1210000
1985	1207260
1985	1152790
1985	1138760
1985	1080000
1985	1029800
1985	1025300
1985	977030
1985	862000
1985	793500
1985	754100
1985	720000
1985	680000
1985	622574
1985	586149
1985	480000
1985	443500
1985	408260
1985	380000
1985	340000
1985	300000
1985	270000
1985	265000
1985	263098
1985	263000
1985	239004
1985	229760
1985	200000
1985	184353
1985	175000
1985	173892
1985	169000
1985	118225
1985	110000
1985	107700
1985	84300
1985	73000
1985	70000
1985	58000
1985	35870
1985	35000
1985	30000
1985	13200
1985	11000
1985	9520
1985	7550
1985	7000
1985	6851
1985	6500
1985	5300
1985	5000
1985	2600
1985	1700
1985	370
1985	150
1985	20
1985	20
1985	15
1985	15
1986	238443000
1986	171681000
1986	68500000
1986	56483300
1986	44271200
1986	27856300
1986	27498000
1986	24850100
1986	24742000
1986	24608400
1986	24093200
1986	20991000
1986	18252000
1986	14465000
1986	10832000
1986	7695020
1986	7361060
1986	7010300
1986	7000000
1986	6640480
1986	6024960
1986	5397700
1986	4966400
1986	4500000
1986	4135000
1986	4111600
1986	4109000
1986	4084300
1986	3852700
1986	3647000
1986	3364830
1986	2988610
1986	2919900
1986	2801810
1986	2758000
1986	2529760
1986	2361920
1986	2240000
1986	2239370
1986	2112840
1986	2000000
1986	1950000
1986	1770000
1986	1600000
1986	1600000
1986	1596560
1986	1285410
1986	1219000
1986	1210000
1986	1173660
1986	1165300
1986	1046140
1986	1037300
1986	908200
1986	897000
1986	867305
1986	792240
1986	744149
1986	740000
1986	737393
1986	637115
1986	558340
1986	380000
1986	375000
1986	350000
1986	320000
1986	300000
1986	260370
1986	250000
1986	239023
1986	231615
1986	224000
1986	210465
1986	200000
1986	195000
1986	185951
1986	154000
1986	151000
1986	118500
1986	110967
1986	110000
1986	73328
1986	70000
1986	60000
1986	38000
1986	34061
1986	30000
1986	27000
1986	11500
1986	10000
1986	8080
1986	7000
1986	6500
1986	5750
1986	5400
1986	4900
1986	2600
1986	2500
1986	2050
1986	245
1986	185
1986	26
1986	20
1986	15
1986	14
1987	268504000
1987	186090000
1987	70801800
1987	52811500
1987	45874200
1987	43608000
1987	26506000
1987	26130700
1987	24964900
1987	24831700
1987	24449900
1987	21021000
1987	17211000
1987	14479000
1987	8525380
1987	8424000
1987	8035970
1987	6895910
1987	6870580
1987	6811000
1987	6230700
1987	5612370
1987	5467400
1987	4750000
1987	4248000
1987	3869660
1987	3433000
1987	3405000
1987	3338740
1987	3150000
1987	2960360
1987	2674640
1987	2658950
1987	2551480
1987	2413850
1987	2377670
1987	2374000
1987	2203040
1987	2013810
1987	1980600
1987	1800000
1987	1650000
1987	1600000
1987	1600000
1987	1574530
1987	1506150
1987	1346400
1987	1296200
1987	1260000
1987	1241330
1987	1207000
1987	1104370
1987	1096910
1987	882000
1987	848080
1987	801560
1987	760000
1987	746225
1987	689000
1987	659696
1987	616580
1987	599729
1987	390000
1987	380000
1987	340000
1987	320000
1987	300000
1987	258660
1987	245626
1987	239500
1987	230000
1987	221870
1987	215000
1987	214921
1987	211469
1987	210000
1987	175000
1987	164000
1987	120000
1987	112853
1987	110000
1987	70000
1987	60000
1987	60000
1987	48786
1987	46967
1987	30000
1987	25000
1987	15000
1987	11800
1987	10660
1987	7100
1987	6500
1987	5525
1987	5500
1987	4800
1987	2600
1987	2500
1987	2155
1987	170
1987	60
1987	33
1987	20
1987	15
1987	13
1988	258294000
1988	196737000
1988	73744600
1988	56062400
1988	42735200
1988	33028800
1988	27965400
1988	27191200
1988	27146000
1988	27128000
1988	25784000
1988	19811000
1988	19300000
1988	13939000
1988	10795000
1988	8374960
1988	8332540
1988	7567230
1988	7207350
1988	6700000
1988	5699600
1988	5516870
1988	5127070
1988	4395200
1988	3689520
1988	3566100
1988	3518000
1988	3198790
1988	3185360
1988	2970000
1988	2736000
1988	2707120
1988	2680460
1988	2603120
1988	2509140
1988	2261000
1988	2228300
1988	2123300
1988	2025370
1988	1985000
1988	1700000
1988	1700000
1988	1500000
1988	1500000
1988	1372990
1988	1321840
1988	1318800
1988	1315800
1988	1300000
1988	1299130
1988	1261220
1988	1244430
1988	1140000
1988	1094320
1988	902224
1988	888000
1988	839000
1988	814400
1988	789470
1988	770000
1988	699000
1988	494714
1988	450000
1988	400000
1988	360000
1988	340000
1988	320000
1988	291000
1988	270830
1988	261304
1988	259922
1988	225000
1988	220631
1988	209775
1988	207500
1988	192927
1988	175000
1988	138000
1988	110000
1988	110000
1988	107091
1988	70000
1988	62000
1988	51617
1988	50000
1988	44942
1988	44000
1988	42000
1988	30000
1988	25000
1988	23606
1988	15700
1988	12000
1988	6500
1988	5500
1988	4700
1988	4160
1988	2700
1988	2500
1988	2279
1988	68
1988	35
1988	30
1988	20
1988	15
1988	12
1989	252290000
1989	203037000
1989	81002900
1989	55645250
1989	43910500
1989	36975700
1989	36668000
1989	26940300
1989	26812300
1989	26695000
1989	26491600
1989	25263000
1989	18587000
1989	13700000
1989	11212800
1989	7855720
1989	7808760
1989	7615300
1989	7085000
1989	6707210
1989	5663520
1989	5436120
1989	5344600
1989	4825000
1989	4099000
1989	3797320
1989	3670520
1989	3664000
1989	2896620
1989	2724730
1989	2684000
1989	2582000
1989	2541000
1989	2370000
1989	2346400
1989	2293220
1989	2248380
1989	2225000
1989	1990000
1989	1756300
1989	1700000
1989	1680000
1989	1600000
1989	1465580
1989	1351200
1989	1335180
1989	1320000
1989	1300000
1989	1261320
1989	1224400
1989	1216000
1989	1136960
1989	1103520
1989	984780
1989	940860
1989	903010
1989	900000
1989	863408
1989	793400
1989	738845
1989	598834
1989	560000
1989	510000
1989	450000
1989	390000
1989	380000
1989	293940
1989	270000
1989	265000
1989	257592
1989	255415
1989	252300
1989	244000
1989	225000
1989	221900
1989	220000
1989	206771
1989	176961
1989	126047
1989	110000
1989	100000
1989	76154
1989	70000
1989	69600
1989	65000
1989	60000
1989	55000
1989	51617
1989	50000
1989	25000
1989	24853
1989	18150
1989	12200
1989	6500
1989	5500
1989	4400
1989	3908
1989	2700
1989	2500
1989	2408
1989	47
1989	40
1989	35
1989	20
1989	15
1989	10
1990	262674000
1990	225569000
1990	81800000
1990	63451020
1990	39919400
1990	35493600
1990	33561000
1990	27979600
1990	27790700
1990	25524000
1990	25482000
1990	24369900
1990	18083500
1990	15700000
1990	11095300
1990	9603100
1990	7423350
1990	6700000
1990	6618910
1990	6511580
1990	5720900
1990	5548290
1990	5405600
1990	4750000
1990	4222000
1990	4016000
1990	3880190
1990	3841800
1990	3092890
1990	2956500
1990	2897860
1990	2700000
1990	2630000
1990	2491000
1990	2449330
1990	2391600
1990	2000000
1990	1983000
1990	1930700
1990	1790150
1990	1790000
1990	1691100
1990	1658990
1990	1650000
1990	1500000
1990	1478410
1990	1450000
1990	1362310
1990	1320000
1990	1300000
1990	1297810
1990	1126540
1990	1089210
1990	1019080
1990	988300
1990	920000
1990	820000
1990	782840
1990	706806
1990	682800
1990	610000
1990	606000
1990	380000
1990	373530
1990	331569
1990	308882
1990	301142
1990	270000
1990	265000
1990	258000
1990	250000
1990	240000
1990	225000
1990	218745
1990	210000
1990	205801
1990	171100
1990	170000
1990	110000
1990	97100
1990	96360
1990	87092
1990	71300
1990	70000
1990	65000
1990	60000
1990	60000
1990	55000
1990	35841
1990	27173
1990	24000
1990	18700
1990	12300
1990	6500
1990	5500
1990	5000
1990	4500
1990	3646
1990	2700
1990	2475
1990	50
1990	40
1990	38
1990	20
1990	14
1990	10
1991	260888000
1991	241046000
1991	79700000
1991	72694720
1991	40661000
1991	38434000
1991	35988700
1991	28133000
1991	27790000
1991	27444000
1991	24835000
1991	21366000
1991	20078000
1991	18200000
1991	11623600
1991	10798800
1991	7681940
1991	6930460
1991	6911280
1991	6900000
1991	6500000
1991	6162500
1991	5621110
1991	4600000
1991	4498000
1991	4038000
1991	3941200
1991	3408110
1991	3380320
1991	3236410
1991	2935000
1991	2830000
1991	2817090
1991	2746500
1991	2732000
1991	2730140
1991	2105200
1991	2009560
1991	1950000
1991	1900000
1991	1894000
1991	1699200
1991	1530000
1991	1500000
1991	1420000
1991	1400830
1991	1374200
1991	1300900
1991	1300000
1991	1271770
1991	1220000
1991	1150000
1991	1131880
1991	1105960
1991	1025770
1991	888000
1991	850824
1991	845000
1991	843061
1991	807527
1991	654000
1991	587000
1991	465100
1991	400000
1991	400000
1991	335000
1991	312237
1991	310000
1991	290000
1991	282601
1991	252769
1991	225000
1991	225000
1991	206797
1991	200000
1991	189708
1991	165087
1991	145000
1991	132079
1991	110000
1991	80491
1991	78900
1991	70000
1991	70000
1991	70000
1991	45000
1991	40000
1991	38000
1991	38000
1991	25500
1991	23000
1991	18000
1991	12300
1991	6500
1991	5500
1991	4400
1991	4000
1991	3989
1991	2800
1991	2620
1991	42
1991	40
1991	20
1991	13
1991	10
1992	271475000
1992	254000000
1992	78868550
1992	66300000
1992	47480000
1992	41696600
1992	38864900
1992	32000000
1992	28930000
1992	28856000
1992	27545000
1992	20641000
1992	16800000
1992	12955400
1992	11707600
1992	11307600
1992	7445620
1992	7343520
1992	6915790
1992	6900000
1992	6437000
1992	5780720
1992	5500000
1992	4474000
1992	4464000
1992	4180000
1992	3884600
1992	3533000
1992	3081000
1992	3040000
1992	2954240
1992	2838780
1992	2788210
1992	2563100
1992	2525000
1992	2430800
1992	1972700
1992	1900000
1992	1900000
1992	1855590
1992	1779000
1992	1707340
1992	1671430
1992	1600000
1992	1429280
1992	1410000
1992	1361030
1992	1350000
1992	1320000
1992	1300000
1992	1292300
1992	1291340
1992	1121720
1992	993745
1992	960000
1992	896000
1992	836602
1992	731763
1992	731108
1992	527900
1992	517100
1992	516012
1992	400000
1992	400000
1992	350000
1992	293713
1992	280000
1992	280000
1992	274655
1992	270000
1992	225000
1992	212229
1992	200000
1992	171108
1992	167418
1992	159358
1992	150771
1992	142000
1992	125000
1992	110000
1992	97400
1992	94416
1992	80000
1992	70000
1992	49000
1992	38000
1992	37974
1992	35000
1992	28230
1992	22000
1992	21000
1992	18000
1992	12300
1992	6500
1992	5500
1992	4400
1992	4000
1992	4000
1992	3328
1992	2800
1992	46
1992	45
1992	20
1992	12
1992	10
1993	244531000
1993	228030000
1993	68997310
1993	43700000
1993	42931000
1993	39827000
1993	38058900
1993	33000000
1993	30500000
1993	29748000
1993	28214000
1993	27959000
1993	14250000
1993	12411800
1993	11741100
1993	11244400
1993	7506530
1993	7368410
1993	7200650
1993	7000000
1993	6082700
1993	5402400
1993	5000000
1993	4370000
1993	4126000
1993	3762980
1993	3704000
1993	3647200
1993	3368300
1993	3180000
1993	3056000
1993	2918790
1993	2811460
1993	2719000
1993	2661000
1993	2243640
1993	1950000
1993	1867770
1993	1715520
1993	1703600
1993	1700000
1993	1648980
1993	1640000
1993	1547340
1993	1400000
1993	1371000
1993	1365870
1993	1350000
1993	1274170
1993	1220040
1993	1210760
1993	1159310
1993	1100000
1993	950000
1993	943600
1993	905000
1993	850000
1993	840130
1993	809733
1993	785560
1993	538000
1993	441000
1993	400000
1993	346935
1993	340000
1993	310000
1993	284444
1993	279900
1993	230000
1993	229988
1993	220000
1993	220000
1993	218000
1993	189703
1993	184502
1993	180000
1993	150870
1993	146174
1993	145378
1993	110000
1993	89555
1993	71856
1993	70000
1993	65000
1993	60900
1993	50000
1993	50000
1993	38000
1993	34063
1993	24500
1993	21000
1993	18860
1993	12600
1993	6500
1993	5500
1993	4500
1993	4000
1993	3350
1993	2800
1993	1250
1993	49
1993	45
1993	20
1993	13
1993	10
1994	292102000
1994	229670000
1994	66430370
1994	44427000
1994	43200000
1994	40586800
1994	37823000
1994	32834000
1994	31312000
1994	31200000
1994	28058000
1994	26694000
1994	15683300
1994	15200000
1994	13822000
1994	11862400
1994	7550100
1994	7110740
1994	6800000
1994	6521850
1994	6257750
1994	6100000
1994	4813450
1994	4282000
1994	4064320
1994	3898760
1994	3800000
1994	3786160
1994	3564310
1994	3419750
1994	3200000
1994	3148900
1994	3077810
1994	2799320
1994	2593360
1994	2450000
1994	2255000
1994	2166000
1994	1900000
1994	1857240
1994	1711090
1994	1698340
1994	1655850
1994	1602000
1994	1540950
1994	1528840
1994	1467000
1994	1431000
1994	1397780
1994	1350000
1994	1311000
1994	1300000
1994	1218240
1994	1200350
1994	1200000
1994	950000
1994	925440
1994	855700
1994	633000
1994	627309
1994	570026
1994	463700
1994	400000
1994	325302
1994	320000
1994	300000
1994	262333
1994	240000
1994	235000
1994	220000
1994	219000
1994	216200
1994	201660
1994	200000
1994	200000
1994	180494
1994	170592
1994	138507
1994	120632
1994	110000
1994	90000
1994	72253
1994	67000
1994	65141
1994	56800
1994	56000
1994	55000
1994	38000
1994	34555
1994	20000
1994	15500
1994	12800
1994	10000
1994	6500
1994	5500
1994	4600
1994	4000
1994	3865
1994	3050
1994	2800
1994	52
1994	45
1994	20
1994	12
1994	10
1995	303699000
1995	275540000
1995	70278810
1995	50597000
1995	47168400
1995	44453000
1995	34943000
1995	33600000
1995	32000000
1995	28998800
1995	27938000
1995	24400000
1995	17700000
1995	16713700
1995	15443800
1995	14104800
1995	10711100
1995	7445650
1995	7000000
1995	6750000
1995	6146910
1995	5199370
1995	5159240
1995	4662000
1995	4550000
1995	4263630
1995	4110240
1995	3773000
1995	3640000
1995	3515320
1995	3439750
1995	3209250
1995	3199200
1995	3198090
1995	3059120
1995	2576000
1995	2372000
1995	2100000
1995	1900000
1995	1858550
1995	1816550
1995	1706670
1995	1622000
1995	1601400
1995	1500000
1995	1375320
1995	1350000
1995	1326000
1995	1310000
1995	1284000
1995	1272970
1995	1200000
1995	1200000
1995	1172180
1995	1150000
1995	1041450
1995	1031320
1995	882900
1995	589000
1995	504248
1995	447047
1995	410177
1995	400000
1995	400000
1995	357200
1995	330000
1995	329873
1995	313239
1995	293238
1995	240000
1995	220000
1995	211875
1995	202490
1995	201800
1995	200000
1995	199336
1995	183170
1995	132920
1995	120000
1995	110000
1995	104300
1995	100863
1995	74433
1995	68000
1995	62327
1995	38000
1995	35000
1995	21000
1995	20000
1995	16140
1995	14000
1995	12800
1995	10000
1995	6500
1995	5500
1995	4600
1995	4000
1995	3740
1995	2800
1995	1888
1995	52
1995	50
1995	20
1995	12
1995	10
1996	317106000
1996	281100000
1996	71260150
1996	57974000
1996	45229700
1996	45080600
1996	41300000
1996	37436000
1996	35000000
1996	29486300
1996	26727000
1996	26592000
1996	20950900
1996	17600000
1996	15582900
1996	13958400
1996	11371800
1996	7165090
1996	6700000
1996	6700000
1996	6423820
1996	6075900
1996	5260140
1996	5076000
1996	4908510
1996	4650000
1996	4044000
1996	3927830
1996	3845550
1996	3729000
1996	3649910
1996	3580200
1996	3350000
1996	3221890
1996	2825870
1996	2736000
1996	2623920
1996	2150000
1996	1860000
1996	1833240
1996	1807000
1996	1702260
1996	1616000
1996	1600000
1996	1589670
1996	1582180
1996	1568700
1996	1450000
1996	1448300
1996	1404080
1996	1400000
1996	1369000
1996	1350000
1996	1251780
1996	1236020
1996	1200000
1996	899116
1996	885000
1996	615000
1996	602678
1996	534900
1996	450256
1996	420000
1996	404553
1996	400000
1996	353787
1996	315850
1996	290000
1996	284638
1996	245000
1996	230000
1996	215800
1996	210000
1996	207000
1996	190200
1996	185027
1996	171305
1996	159406
1996	139900
1996	139000
1996	90000
1996	87060
1996	78690
1996	65000
1996	58000
1996	51125
1996	45000
1996	38000
1996	29594
1996	20000
1996	15000
1996	12800
1996	12500
1996	6500
1996	5500
1996	4912
1996	4600
1996	4385
1996	4000
1996	2800
1996	50
1996	50
1996	20
1996	12
1996	10
1997	331613000
1997	277560000
1997	83012390
1997	56394000
1997	45219500
1997	41998400
1997	39938000
1997	38900000
1997	36000000
1997	28751000
1997	27763800
1997	27000000
1997	22154800
1997	19450000
1997	17687000
1997	13725500
1997	11920900
1997	7520540
1997	7500000
1997	6428960
1997	6294360
1997	5787070
1997	5746150
1997	5169880
1997	5055900
1997	5000000
1997	4651000
1997	4450000
1997	3880000
1997	3750810
1997	3693970
1997	3637130
1997	3445580
1997	3384000
1997	3073520
1997	2795000
1997	2413380
1997	2160000
1997	2058960
1997	1909600
1997	1750000
1997	1735360
1997	1726160
1997	1629300
1997	1600000
1997	1600000
1997	1500000
1997	1489890
1997	1437000
1997	1417860
1997	1382220
1997	1350000
1997	1298000
1997	1270170
1997	1152190
1997	1100000
1997	886000
1997	742740
1997	675000
1997	659080
1997	570872
1997	419528
1997	400000
1997	395000
1997	310064
1997	310000
1997	307358
1997	302982
1997	293524
1997	278939
1997	250000
1997	240000
1997	208240
1997	188827
1997	187542
1997	181969
1997	180000
1997	175000
1997	173600
1997	139500
1997	120000
1997	95000
1997	78506
1997	74650
1997	69000
1997	65000
1997	40931
1997	38000
1997	35000
1997	20000
1997	20000
1997	12800
1997	12500
1997	6600
1997	5500
1997	4612
1997	4600
1997	4400
1997	4000
1997	2800
1997	55
1997	50
1997	20
1997	12
1997	10
1998	345255000
1998	279542000
1998	87203720
1998	53104200
1998	48895300
1998	46873000
1998	41064000
1998	34000000
1998	32800000
1998	31486000
1998	27954000
1998	26287000
1998	22930300
1998	19400000
1998	18189400
1998	14352800
1998	13843500
1998	8111020
1998	7378710
1998	7000000
1998	6300000
1998	5781100
1998	5741700
1998	5561050
1998	5343900
1998	5028100
1998	4811000
1998	4661360
1998	3886710
1998	3870000
1998	3778550
1998	3502100
1998	3459190
1998	2966000
1998	2800000
1998	2263000
1998	2260000
1998	2180000
1998	1969760
1998	1956800
1998	1900000
1998	1731210
1998	1717550
1998	1675910
1998	1664000
1998	1650000
1998	1600000
1998	1550000
1998	1550000
1998	1350000
1998	1256070
1998	1178270
1998	1081130
1998	1056860
1998	1000100
1998	983900
1998	946247
1998	887000
1998	675000
1998	498804
1998	454433
1998	448700
1998	400000
1998	400000
1998	368675
1998	340000
1998	318556
1998	295289
1998	250000
1998	244400
1998	244398
1998	240000
1998	191841
1998	191371
1998	190476
1998	190000
1998	170200
1998	167228
1998	146700
1998	139000
1998	133053
1998	110505
1998	90700
1998	70000
1998	69000
1998	65000
1998	49965
1998	45000
1998	38000
1998	30000
1998	20000
1998	12800
1998	12500
1998	6600
1998	6243
1998	5500
1998	4729
1998	4300
1998	4000
1998	3000
1998	52
1998	39
1998	20
1998	12
1999	333848000
1999	310333000
1999	78108190
1999	55191100
1999	50332000
1999	46880000
1999	39699000
1999	34000000
1999	32950000
1999	32022700
1999	23780100
1999	23500000
1999	21223100
1999	17760300
1999	17012800
1999	16700000
1999	15253600
1999	8501110
1999	6950930
1999	6678570
1999	5562310
1999	5363200
1999	5320690
1999	5306630
1999	4657000
1999	4452370
1999	4415780
1999	4323000
1999	3882600
1999	3755770
1999	3747000
1999	3700000
1999	3695810
1999	3687120
1999	3244600
1999	2872270
1999	2313000
1999	2235930
1999	2180000
1999	2086340
1999	2000000
1999	1971650
1999	1937850
1999	1831970
1999	1700000
1999	1650000
1999	1600000
1999	1571000
1999	1453900
1999	1420150
1999	1372400
1999	1350000
1999	1268900
1999	1254930
1999	1181240
1999	1021350
1999	1000000
1999	889000
1999	798072
1999	682000
1999	522000
1999	495800
1999	430000
1999	408990
1999	400000
1999	340000
1999	291327
1999	276966
1999	270000
1999	250000
1999	210000
1999	207293
1999	196784
1999	175000
1999	173600
1999	159859
1999	152050
1999	140000
1999	137800
1999	124000
1999	91000
1999	90000
1999	89695
1999	81000
1999	70000
1999	65000
1999	50000
1999	43500
1999	40000
1999	38000
1999	18500
1999	12800
1999	12500
1999	6600
1999	5500
1999	5348
1999	4750
1999	4400
1999	4000
1999	3000
1999	52
1999	25
1999	20
1999	12
2000	327705000
2000	299324000
2000	69298730
2000	54052100
2000	46332600
2000	44100000
2000	38164700
2000	36400000
2000	36114000
2000	35000000
2000	24491000
2000	23900000
2000	23876200
2000	18400000
2000	16552400
2000	15705800
2000	15044300
2000	8831520
2000	7535150
2000	6910000
2000	5800500
2000	5402380
2000	5140320
2000	5109500
2000	4981780
2000	4510700
2000	4227500
2000	3974000
2000	3941520
2000	3884600
2000	3800000
2000	3601750
2000	3598000
2000	3524360
2000	2709700
2000	2367020
2000	2244900
2000	2188630
2000	2176570
2000	2103430
2000	2100000
2000	2025000
2000	1844970
2000	1788510
2000	1672050
2000	1669000
2000	1600000
2000	1600000
2000	1476220
2000	1435930
2000	1395000
2000	1373350
2000	1355000
2000	1350000
2000	1106610
2000	1065520
2000	850000
2000	800000
2000	800000
2000	695000
2000	546000
2000	450256
2000	400000
2000	397276
2000	383000
2000	350000
2000	330000
2000	312992
2000	296960
2000	270000
2000	250000
2000	236475
2000	220000
2000	200047
2000	200000
2000	191387
2000	185000
2000	164176
2000	149500
2000	140000
2000	120000
2000	106178
2000	90000
2000	81000
2000	65000
2000	64000
2000	62500
2000	52083
2000	40000
2000	38000
2000	18500
2000	14000
2000	12800
2000	6700
2000	6200
2000	5500
2000	4700
2000	4400
2000	4000
2000	3200
2000	52
2000	25
2000	20
2000	12
2001	345942000
2001	295956000
2001	77965690
2001	49562900
2001	47250000
2001	43606300
2001	35500000
2001	34587000
2001	32100000
2001	28116000
2001	27000000
2001	25185000
2001	21156500
2001	18720000
2001	16934900
2001	15571500
2001	14656900
2001	8862620
2001	7795950
2001	7003800
2001	6742000
2001	5792300
2001	5653940
2001	5503290
2001	4877240
2001	4830730
2001	4117000
2001	4100000
2001	4000000
2001	4000000
2001	3859310
2001	3550790
2001	3195430
2001	3144590
2001	3141000
2001	3077000
2001	2396180
2001	2232120
2001	2231000
2001	2211780
2001	2208450
2001	2200000
2001	2000000
2001	1835470
2001	1652810
2001	1600000
2001	1560000
2001	1542600
2001	1529420
2001	1500000
2001	1499000
2001	1350000
2001	1114010
2001	1029340
2001	1027440
2001	1008100
2001	1005850
2001	840109
2001	800000
2001	705000
2001	675623
2001	454433
2001	450000
2001	420000
2001	420000
2001	360000
2001	350000
2001	285235
2001	270000
2001	255000
2001	235000
2001	211354
2001	208850
2001	207000
2001	200000
2001	200000
2001	191400
2001	176500
2001	169302
2001	140000
2001	120000
2001	90000
2001	85845
2001	75000
2001	73389
2001	69000
2001	65000
2001	40000
2001	38000
2001	17730
2001	17000
2001	15000
2001	12800
2001	6750
2001	5500
2001	5300
2001	4400
2001	4000
2001	3000
2001	52
2001	25
2001	20
2001	12
2002	364391000
2002	297208000
2002	92202630
2002	60013000
2002	48041600
2002	45635300
2002	38000000
2002	35553000
2002	34700000
2002	31424000
2002	27500000
2002	25530000
2002	23012600
2002	19250000
2002	17489900
2002	17120000
2002	16016800
2002	8869810
2002	8525820
2002	6502000
2002	6327300
2002	6000000
2002	5272650
2002	5153500
2002	4873900
2002	4735100
2002	4600000
2002	4528170
2002	4501360
2002	4200000
2002	3800000
2002	3712000
2002	3708000
2002	3660000
2002	3216000
2002	3209830
2002	3119360
2002	2600000
2002	2300000
2002	2247990
2002	2232230
2002	2223400
2002	1965500
2002	1850000
2002	1829590
2002	1750000
2002	1603690
2002	1601280
2002	1600000
2002	1586260
2002	1544170
2002	1400000
2002	1338930
2002	1328000
2002	1150660
2002	963050
2002	949080
2002	819713
2002	800000
2002	750000
2002	595000
2002	458649
2002	450000
2002	425000
2002	417847
2002	360000
2002	355000
2002	333286
2002	270000
2002	255000
2002	241700
2002	235000
2002	222036
2002	220000
2002	210000
2002	208819
2002	193000
2002	187700
2002	176000
2002	140000
2002	120000
2002	90000
2002	78604
2002	70000
2002	69000
2002	65368
2002	55000
2002	45000
2002	40000
2002	38000
2002	18180
2002	14000
2002	12800
2002	6750
2002	5500
2002	5350
2002	4400
2002	4000
2002	3000
2002	52
2002	25
2002	20
2002	12
2003	396012000
2003	287383000
2003	92039300
2003	74258500
2003	52055800
2003	47484000
2003	39000000
2003	36995000
2003	33858000
2003	31000000
2003	24500000
2003	22100000
2003	22050000
2003	20418900
2003	17400000
2003	16854700
2003	16245500
2003	9950080
2003	9363960
2003	6838400
2003	6804300
2003	6500000
2003	5834830
2003	5362750
2003	5199380
2003	5196000
2003	5019220
2003	4916540
2003	4600000
2003	4533000
2003	4531530
2003	4400000
2003	4204060
2003	4100500
2003	3382500
2003	3260480
2003	2817000
2003	2400000
2003	2343050
2003	2300000
2003	2236000
2003	2150000
2003	2100000
2003	2000000
2003	1940800
2003	1916790
2003	1775700
2003	1579350
2003	1572050
2003	1400000
2003	1389000
2003	1264390
2003	1093000
2003	1015480
2003	1000000
2003	898620
2003	873855
2003	829604
2003	798000
2003	636418
2003	601735
2003	600000
2003	450000
2003	445000
2003	366000
2003	364555
2003	360000
2003	336000
2003	308417
2003	280000
2003	255000
2003	230000
2003	230000
2003	220000
2003	193000
2003	190000
2003	184374
2003	173105
2003	140000
2003	116200
2003	90000
2003	83349
2003	75405
2003	70000
2003	69000
2003	60000
2003	50000
2003	50000
2003	18000
2003	17780
2003	12800
2003	6800
2003	6100
2003	5500
2003	4400
2003	4000
2003	3100
2003	1470
2003	52
2003	27
2003	20
2003	12
2004	415206000
2004	233862000
2004	91044450
2004	64995700
2004	53820000
2004	48662200
2004	40000000
2004	36993500
2004	33500000
2004	29013000
2004	26750000
2004	23800000
2004	20900000
2004	20000000
2004	19094800
2004	16230400
2004	15649300
2004	8814250
2004	7496870
2004	7194900
2004	6984000
2004	6483640
2004	6118710
2004	5911000
2004	5547150
2004	5496110
2004	5465850
2004	5280400
2004	5280370
2004	4800000
2004	4661000
2004	4200000
2004	4121000
2004	4027000
2004	3744200
2004	3637000
2004	2971000
2004	2454280
2004	2350000
2004	2350000
2004	2305330
2004	2224000
2004	2100000
2004	2000000
2004	1993100
2004	1968890
2004	1873260
2004	1749490
2004	1550550
2004	1456320
2004	1450000
2004	1191000
2004	1187000
2004	1050000
2004	990430
2004	950000
2004	903903
2004	872180
2004	854000
2004	828533
2004	616776
2004	535000
2004	450000
2004	442000
2004	361237
2004	347939
2004	345000
2004	334000
2004	280000
2004	260000
2004	255000
2004	227152
2004	223300
2004	220000
2004	200000
2004	190000
2004	180000
2004	154200
2004	140000
2004	130363
2004	90000
2004	70000
2004	70000
2004	68549
2004	66810
2004	60000
2004	60000
2004	50000
2004	22000
2004	19000
2004	12800
2004	6800
2004	5500
2004	5350
2004	4400
2004	4000
2004	3000
2004	1710
2004	52
2004	27
2004	20
2004	12
2005	422957000
2005	237088000
2005	87578212
2005	51645500
2005	49586400
2005	47244100
2005	39849200
2005	37822200
2005	31400000
2005	29300000
2005	26606000
2005	24400000
2005	23454000
2005	21265000
2005	16317300
2005	14948700
2005	11600000
2005	9654390
2005	7186000
2005	7073000
2005	6834080
2005	6804130
2005	6423380
2005	5625450
2005	5530430
2005	5200000
2005	5112220
2005	4984060
2005	4950870
2005	4800820
2005	4404850
2005	4000000
2005	3820020
2005	3816570
2005	3290000
2005	3005800
2005	2826000
2005	2650000
2005	2446260
2005	2400000
2005	2376100
2005	2350000
2005	2300000
2005	2300000
2005	2246990
2005	1816950
2005	1766090
2005	1522280
2005	1456280
2005	1450000
2005	1368700
2005	1214000
2005	1050000
2005	991550
2005	950000
2005	929392
2005	914000
2005	902223
2005	829000
2005	782290
2005	617000
2005	450000
2005	442400
2005	420000
2005	389000
2005	368000
2005	345000
2005	344312
2005	280000
2005	255000
2005	220000
2005	213144
2005	210000
2005	196100
2005	180000
2005	172200
2005	150000
2005	140000
2005	118164
2005	100000
2005	90000
2005	70000
2005	70000
2005	64328
2005	58665
2005	50000
2005	43405
2005	38000
2005	22800
2005	20000
2005	12800
2005	6800
2005	5500
2005	5350
2005	4400
2005	4000
2005	3000
2005	626
2005	52
2005	27
2005	20
2005	12
2006	477411000
2006	281172000
2006	93306257
2006	50675800
2006	47658100
2006	44665500
2006	38450000
2006	37128000
2006	31550000
2006	29564000
2006	29200000
2006	26450000
2006	20275400
2006	18721400
2006	16719500
2006	16656300
2006	11060000
2006	9322940
2006	8038900
2006	7251260
2006	7000000
2006	6995610
2006	6201130
2006	5570000
2006	5510930
2006	5000000
2006	4959390
2006	4932840
2006	4878040
2006	4748970
2006	4713120
2006	4600000
2006	4505040
2006	3200000
2006	3192000
2006	3100000
2006	2975000
2006	2750000
2006	2690890
2006	2462570
2006	2450000
2006	2450000
2006	2450000
2006	2450000
2006	2060320
2006	1882260
2006	1771500
2006	1745300
2006	1494520
2006	1448010
2006	1310000
2006	1173470
2006	1137510
2006	1136600
2006	1075000
2006	1000000
2006	997000
2006	987000
2006	860000
2006	829500
2006	787286
2006	550000
2006	450000
2006	389000
2006	360000
2006	348300
2006	320000
2006	319529
2006	281000
2006	255000
2006	240000
2006	218430
2006	215000
2006	200000
2006	177521
2006	165101
2006	144519
2006	141704
2006	140000
2006	120000
2006	93000
2006	70000
2006	70000
2006	58011
2006	57500
2006	37766
2006	28190
2006	20000
2006	16425
2006	13000
2006	7200
2006	6966.7
2006	5500
2006	5000
2006	4400
2006	3000
2006	519
2006	52
2006	28
2006	20
2006	12
2007	549707000
2007	355520000
2007	113731917
2007	64365500
2007	54741600
2007	52089400
2007	38500000
2007	36397000
2007	32000000
2007	27750600
2007	25200000
2007	23960000
2007	19724000
2007	18337400
2007	17396700
2007	17014300
2007	11900000
2007	9690790
2007	9677300
2007	8360000
2007	8228620
2007	7467000
2007	6402530
2007	6080910
2007	5769950
2007	5314830
2007	5204210
2007	5000000
2007	4956480
2007	4832910
2007	4480870
2007	4235850
2007	4100000
2007	4087570
2007	3099200
2007	3000000
2007	2600000
2007	2599790
2007	2513000
2007	2500000
2007	2430000
2007	2370000
2007	2350000
2007	2200000
2007	2060670
2007	1968000
2007	1724660
2007	1694400
2007	1636330
2007	1592860
2007	1506000
2007	1500000
2007	1450000
2007	1200050
2007	1100000
2007	950000
2007	933850
2007	836000
2007	810000
2007	788904
2007	782510
2007	540000
2007	455000
2007	390000
2007	360000
2007	353500
2007	341845
2007	323875
2007	320000
2007	293200
2007	286811
2007	283000
2007	265000
2007	240000
2007	226191
2007	220000
2007	200000
2007	177520
2007	145000
2007	120000
2007	97010
2007	95000
2007	74000
2007	70000
2007	57500
2007	40375
2007	28500
2007	20000
2007	13300
2007	7200
2007	5500
2007	5100
2007	4800
2007	3449.7
2007	3000
2007	952
2007	522
2007	52
2007	28
2007	20
2007	12
2008	645300000
2008	348188000
2008	124917502
2008	73501600
2008	63920000
2008	51106900
2008	38500000
2008	34000000
2008	32621100
2008	26960000
2008	25600000
2008	25041000
2008	19808600
2008	19255400
2008	16470200
2008	16145500
2008	15700000
2008	9900590
2008	9395960
2008	9341100
2008	9253810
2008	7453400
2008	7009200
2008	6080910
2008	5249940
2008	5112000
2008	5079610
2008	5000000
2008	4983660
2008	4741760
2008	4533000
2008	4304860
2008	3596720
2008	3100000
2008	3097480
2008	2766500
2008	2750000
2008	2500000
2008	2500000
2008	2485440
2008	2451170
2008	2450000
2008	2370000
2008	2321000
2008	2050000
2008	1793410
2008	1787660
2008	1774930
2008	1660080
2008	1652000
2008	1598000
2008	1450000
2008	1412070
2008	1110000
2008	980114
2008	912600
2008	850000
2008	836000
2008	799450
2008	691741
2008	565000
2008	455000
2008	416730
2008	405000
2008	400000
2008	385238
2008	360000
2008	334100
2008	330000
2008	310700
2008	283000
2008	265000
2008	220000
2008	207156
2008	200000
2008	189172
2008	187752
2008	145000
2008	120000
2008	95000
2008	70000
2008	63000
2008	62960
2008	57500
2008	40920
2008	28500
2008	23000
2008	13300
2008	7200
2008	6000
2008	5100
2008	4800
2008	4000
2008	3720
2008	3000
2008	1130
2008	52
2008	28
2008	20
2008	12
2009	691606000
2009	285029000
2009	116251272
2009	66816400
2009	50045400
2009	49492700
2009	38500000
2009	32500000
2009	30284000
2009	27607500
2009	26400000
2009	25580000
2009	20690700
2009	18655100
2009	15608300
2009	15482200
2009	14900000
2009	9936950
2009	9715430
2009	8907670
2009	8473140
2009	7803800
2009	7526700
2009	6895340
2009	5736060
2009	5610700
2009	5232650
2009	5115540
2009	5000000
2009	4800000
2009	4716170
2009	4667240
2009	3635410
2009	3300000
2009	3200000
2009	3100000
2009	3000000
2009	2823050
2009	2766000
2009	2500000
2009	2450000
2009	2370000
2009	2354410
2009	2207000
2009	2089000
2009	1913850
2009	1907640
2009	1827140
2009	1578640
2009	1515000
2009	1450000
2009	1401680
2009	1334600
2009	1110000
2009	919530
2009	917728
2009	850000
2009	836000
2009	813040
2009	699152
2009	600000
2009	455000
2009	445000
2009	433500
2009	377000
2009	360000
2009	356700
2009	350155
2009	330000
2009	296500
2009	283000
2009	265000
2009	240000
2009	230000
2009	211864
2009	207156
2009	145000
2009	132769
2009	123200
2009	120000
2009	100663
2009	95000
2009	70000
2009	57500
2009	48500
2009	28500
2009	23000
2009	13300
2009	7200
2009	6276
2009	6000
2009	5150
2009	4800
2009	4000
2009	3000
2009	1150
2009	52
2009	28
2009	20
2009	12
2010	717462000
2010	292300000
2010	111454359
2010	68807800
2010	50421600
2010	49372900
2010	38500000
2010	34000000
2010	31457000
2010	25000000
2010	24820600
2010	24450000
2010	22216700
2010	16015600
2010	15946800
2010	15708900
2010	11300000
2010	9700000
2010	9660900
2010	8907670
2010	8347180
2010	7818920
2010	6728000
2010	5826230
2010	5709590
2010	5685090
2010	5304000
2010	5130940
2010	5126690
2010	5000000
2010	4893930
2010	4577120
2010	4365830
2010	3734730
2010	3500000
2010	3100000
2010	3000000
2010	2800000
2010	2762300
2010	2592500
2010	2500000
2010	2400000
2010	2400000
2010	2400000
2010	2095010
2010	1950000
2010	1930000
2010	1751000
2010	1650000
2010	1468040
2010	1450000
2010	1413710
2010	1334600
2010	1110000
2010	917728
2010	914850
2010	870000
2010	850000
2010	818675
2010	800000
2010	650000
2010	632280
2010	455000
2010	380000
2010	365555
2010	360000
2010	359000
2010	335000
2010	313300
2010	283000
2010	265000
2010	258800
2010	240000
2010	230000
2010	223393
2010	222457
2010	145000
2010	131730
2010	120000
2010	115304
2010	95000
2010	92400
2010	76000
2010	57500
2010	48000
2010	28500
2010	18000
2010	13300
2010	12500
2010	7200
2010	6300
2010	5100
2010	4800
2010	4000
2010	3000
2010	1150
2010	52
2010	28
2010	20
2010	12
