1961	3112339
1961	2010000
1961	860675
1961	856117
1961	742485
1961	628060
1961	341705
1961	319480
1961	288524
1961	233877
1961	214470
1961	197107
1961	140000
1961	128387
1961	90450
1961	73546
1961	50700
1961	46063
1961	32673
1961	30771
1961	27000
1961	25050
1961	24228
1961	23838
1961	16647
1961	16600
1961	12501
1961	12000
1961	11285
1961	10910
1961	10452
1961	10169
1961	10150
1961	10000
1961	8520
1961	8105
1961	6872
1961	6474
1961	6400
1961	6211
1961	6062
1961	4736
1961	3737
1961	3733
1961	3699
1961	3386
1961	3104
1961	2500
1961	2440
1961	2181
1961	2015
1961	1927
1961	1900
1961	1812
1961	1687
1961	1550
1961	1375
1961	1362
1961	1336
1961	1256
1961	1217
1961	1199
1961	1180
1961	1138
1961	1095
1961	1082
1961	1075
1961	1051
1961	935
1961	892
1961	810
1961	751
1961	716
1961	693
1961	672
1961	598
1961	540
1961	503
1961	500
1961	462
1961	439
1961	374
1961	351
1961	325
1961	291
1961	282
1961	250
1961	216
1961	196
1961	194
1961	163
1961	160
1961	150
1961	150
1961	147
1961	125
1961	105
1961	97
1961	94
1961	92
1961	91
1961	90
1961	84
1961	76
1961	75
1961	56
1961	54
1961	54
1961	51
1961	39
1961	39
1961	36
1961	24
1961	18
1961	15
1961	12
1961	12
1961	8
1962	3634447
1962	2010000
1962	947112
1962	914066
1962	825242
1962	648964
1962	383235
1962	325974
1962	266090
1962	233909
1962	208645
1962	183510
1962	136129
1962	122000
1962	117320
1962	94855
1962	49290
1962	47192
1962	36087
1962	34877
1962	33761
1962	26484
1962	25502
1962	24503
1962	18522
1962	18500
1962	17020
1962	14449
1962	13000
1962	12394
1962	12068
1962	11799
1962	11787
1962	11243
1962	10852
1962	10450
1962	7889
1962	7682
1962	6928
1962	6900
1962	6497
1962	5850
1962	4082
1962	3708
1962	3582
1962	3339
1962	2959
1962	2500
1962	2065
1962	2052
1962	2045
1962	1967
1962	1962
1962	1779
1962	1677
1962	1610
1962	1538
1962	1501
1962	1390
1962	1367
1962	1319
1962	1236
1962	1214
1962	1191
1962	1171
1962	1123
1962	924
1962	884
1962	869
1962	840
1962	813
1962	810
1962	740
1962	686
1962	673
1962	615
1962	600
1962	540
1962	520
1962	500
1962	472
1962	459
1962	415
1962	366
1962	304
1962	289
1962	232
1962	217
1962	200
1962	180
1962	173
1962	165
1962	141
1962	138
1962	138
1962	137
1962	114
1962	105
1962	94
1962	92
1962	90
1962	88
1962	81
1962	80
1962	63
1962	60
1962	60
1962	57
1962	46
1962	44
1962	42
1962	40
1962	36
1962	33
1962	27
1962	15
1962	15
1962	13
1962	8
1963	4253946
1963	2010000
1963	953580
1963	894571
1963	822729
1963	670972
1963	389145
1963	325974
1963	318699
1963	241669
1963	235980
1963	209744
1963	152000
1963	133548
1963	127632
1963	103625
1963	53640
1963	50789
1963	38866
1963	35769
1963	34545
1963	26853
1963	26000
1963	18800
1963	18516
1963	17220
1963	15707
1963	14829
1963	12969
1963	12394
1963	11397
1963	11350
1963	10760
1963	10648
1963	10550
1963	10000
1963	9066
1963	7634
1963	6100
1963	5500
1963	5296
1963	4829
1963	4377
1963	4355
1963	3748
1963	3535
1963	2747
1963	2500
1963	2308
1963	2293
1963	2090
1963	2070
1963	2027
1963	1991
1963	1863
1963	1753
1963	1716
1963	1669
1963	1559
1963	1540
1963	1401
1963	1400
1963	1269
1963	1208
1963	1097
1963	1015
1963	1012
1963	975
1963	918
1963	912
1963	800
1963	795
1963	724
1963	709
1963	700
1963	637
1963	600
1963	487
1963	460
1963	427
1963	420
1963	419
1963	400
1963	262
1963	259
1963	248
1963	233
1963	215
1963	201
1963	184
1963	183
1963	151
1963	141
1963	138
1963	134
1963	125
1963	118
1963	107
1963	93
1963	93
1963	87
1963	82
1963	75
1963	70
1963	63
1963	60
1963	45
1963	45
1963	40
1963	40
1963	36
1963	36
1963	34
1963	33
1963	13
1963	13
1963	13
1963	8
1964	4789077
1964	2010000
1964	958375
1964	889538
1964	860872
1964	741681
1964	425385
1964	318182
1964	315072
1964	250869
1964	248400
1964	222261
1964	160000
1964	133548
1964	119677
1964	108805
1964	60750
1964	52933
1964	42820
1964	37923
1964	36750
1964	33294
1964	22563
1964	20895
1964	20057
1964	19300
1964	18460
1964	18140
1964	13722
1964	13000
1964	12169
1964	12000
1964	11769
1964	11040
1964	10917
1964	9176
1964	8354
1964	8000
1964	7965
1964	6500
1964	6000
1964	4631
1964	4604
1964	4292
1964	3901
1964	3594
1964	3206
1964	2750
1964	2401
1964	2341
1964	2295
1964	2250
1964	2224
1964	2042
1964	1898
1964	1837
1964	1829
1964	1818
1964	1750
1964	1679
1964	1460
1964	1336
1964	1229
1964	1124
1964	1036
1964	1000
1964	984
1964	970
1964	960
1964	943
1964	932
1964	899
1964	861
1964	686
1964	669
1964	660
1964	600
1964	592
1964	509
1964	503
1964	481
1964	381
1964	380
1964	300
1964	270
1964	264
1964	253
1964	221
1964	189
1964	189
1964	175
1964	163
1964	154
1964	144
1964	142
1964	134
1964	132
1964	118
1964	115
1964	105
1964	104
1964	90
1964	70
1964	67
1964	64
1964	60
1964	59
1964	50
1964	49
1964	45
1964	42
1964	38
1964	36
1964	34
1964	33
1964	13
1964	13
1964	8
1964	3
1965	5066681
1965	2010000
1965	920160
1965	884643
1965	883635
1965	854078
1965	402755
1965	315011
1965	297403
1965	259162
1965	225000
1965	220284
1965	146000
1965	139032
1965	105037
1965	103925
1965	95250
1965	65930
1965	59250
1965	46558
1965	38423
1965	37668
1965	37000
1965	24333
1965	22003
1965	20440
1965	19256
1965	18877
1965	17173
1965	15185
1965	13986
1965	13800
1965	13504
1965	13277
1965	12541
1965	11000
1965	10203
1965	8700
1965	8027
1965	6720
1965	6414
1965	5132
1965	5023
1965	4973
1965	4903
1965	4321
1965	4067
1965	3136
1965	2740
1965	2562
1965	2538
1965	2384
1965	2350
1965	2345
1965	2226
1965	2013
1965	2000
1965	1919
1965	1893
1965	1801
1965	1774
1965	1601
1965	1580
1965	1470
1965	1342
1965	1239
1965	1153
1965	1095
1965	1080
1965	1038
1965	1005
1965	941
1965	881
1965	752
1965	720
1965	717
1965	716
1965	708
1965	630
1965	600
1965	512
1965	499
1965	325
1965	296
1965	291
1965	286
1965	282
1965	274
1965	246
1965	238
1965	204
1965	204
1965	178
1965	163
1965	157
1965	153
1965	138
1965	124
1965	117
1965	109
1965	106
1965	93
1965	90
1965	84
1965	84
1965	79
1965	78
1965	78
1965	67
1965	63
1965	54
1965	51
1965	45
1965	43
1965	42
1965	40
1965	13
1965	12
1965	8
1966	5508919
1966	2010000
1966	994003
1966	914185
1966	883203
1966	693021
1966	331820
1966	290909
1966	287260
1966	223807
1966	216672
1966	213840
1966	163000
1966	141774
1966	106415
1966	101806
1966	75890
1966	61410
1966	57610
1966	51078
1966	42305
1966	37700
1966	36800
1966	23768
1966	23318
1966	21960
1966	18783
1966	18611
1966	17700
1966	14297
1966	13910
1966	13578
1966	12000
1966	11847
1966	11566
1966	10226
1966	9960
1966	9172
1966	9157
1966	8900
1966	7908
1966	6804
1966	6019
1966	5337
1966	5176
1966	5093
1966	3430
1966	2749
1966	2688
1966	2441
1966	2404
1966	2400
1966	2317
1966	2163
1966	2109
1966	2099
1966	2087
1966	2030
1966	2020
1966	1911
1966	1870
1966	1800
1966	1736
1966	1675
1966	1451
1966	1231
1966	1191
1966	1179
1966	1129
1966	1016
1966	1010
1966	983
1966	978
1966	948
1966	780
1966	719
1966	716
1966	680
1966	571
1966	505
1966	500
1966	384
1966	353
1966	349
1966	334
1966	333
1966	332
1966	330
1966	325
1966	310
1966	230
1966	210
1966	197
1966	153
1966	141
1966	138
1966	129
1966	118
1966	116
1966	106
1966	105
1966	99
1966	98
1966	82
1966	81
1966	75
1966	64
1966	61
1966	60
1966	58
1966	52
1966	45
1966	45
1966	40
1966	39
1966	30
1966	27
1966	16
1966	12
1966	8
1967	5421989
1967	2010000
1967	973646
1967	930911
1967	857375
1967	794175
1967	388472
1967	335140
1967	296104
1967	235020
1967	231128
1967	221130
1967	150000
1967	141613
1967	130978
1967	98840
1967	67440
1967	59466
1967	54842
1967	52575
1967	40550
1967	36692
1967	36154
1967	30218
1967	27165
1967	20894
1967	20800
1967	19200
1967	16687
1967	14207
1967	12644
1967	12478
1967	12120
1967	12000
1967	11999
1967	10561
1967	10026
1967	8600
1967	8479
1967	7517
1967	6615
1967	5489
1967	5246
1967	5024
1967	4164
1967	3698
1967	2890
1967	2850
1967	2804
1967	2803
1967	2418
1967	2312
1967	2250
1967	2210
1967	2209
1967	2190
1967	1994
1967	1962
1967	1925
1967	1882
1967	1872
1967	1749
1967	1714
1967	1673
1967	1566
1967	1560
1967	1275
1967	1262
1967	1246
1967	1214
1967	1053
1967	1022
1967	969
1967	908
1967	737
1967	728
1967	720
1967	650
1967	600
1967	535
1967	459
1967	392
1967	391
1967	390
1967	380
1967	360
1967	360
1967	319
1967	273
1967	225
1967	202
1967	191
1967	173
1967	171
1967	156
1967	136
1967	120
1967	117
1967	115
1967	110
1967	109
1967	93
1967	78
1967	72
1967	70
1967	63
1967	60
1967	60
1967	60
1967	48
1967	48
1967	48
1967	40
1967	33
1967	25
1967	13
1967	10
1967	8
1967	4
1967	1
1968	5429159
1968	2010000
1968	1185820
1968	909446
1968	893583
1968	779142
1968	401145
1968	340310
1968	293506
1968	292590
1968	244154
1968	233211
1968	159516
1968	148990
1968	133000
1968	114795
1968	95650
1968	91440
1968	62261
1968	55598
1968	55248
1968	43020
1968	38550
1968	33551
1968	32718
1968	29923
1968	24500
1968	19600
1968	17362
1968	16668
1968	16653
1968	16595
1968	15342
1968	11878
1968	10800
1968	10694
1968	10012
1968	10000
1968	9622
1968	7865
1968	7336
1968	6982
1968	6771
1968	5442
1968	5244
1968	4423
1968	4071
1968	3405
1968	3228
1968	3087
1968	2870
1968	2865
1968	2708
1968	2620
1968	2342
1968	2285
1968	2280
1968	2250
1968	2205
1968	2089
1968	2049
1968	2036
1968	1906
1968	1860
1968	1807
1968	1768
1968	1712
1968	1599
1968	1533
1968	1326
1968	1040
1968	969
1968	900
1968	880
1968	793
1968	772
1968	756
1968	661
1968	660
1968	647
1968	633
1968	597
1968	490
1968	475
1968	375
1968	367
1968	337
1968	300
1968	273
1968	256
1968	250
1968	230
1968	228
1968	210
1968	196
1968	190
1968	181
1968	180
1968	143
1968	129
1968	113
1968	113
1968	108
1968	93
1968	91
1968	84
1968	79
1968	69
1968	69
1968	60
1968	60
1968	60
1968	51
1968	49
1968	49
1968	40
1968	15
1968	15
1968	10
1968	8
1969	5489658
1969	2010000
1969	1250391
1969	984497
1969	925679
1969	751784
1969	399235
1969	360146
1969	288312
1969	262585
1969	250574
1969	225270
1969	162258
1969	151541
1969	133000
1969	117170
1969	108030
1969	105880
1969	64531
1969	58626
1969	53642
1969	47720
1969	44775
1969	34882
1969	30876
1969	29684
1969	25465
1969	24800
1969	20400
1969	19960
1969	19747
1969	16144
1969	15818
1969	13717
1969	12864
1969	11057
1969	11000
1969	10100
1969	10064
1969	7642
1969	7434
1969	6947
1969	5850
1969	5659
1969	5407
1969	4044
1969	3850
1969	3570
1969	3254
1969	3047
1969	2878
1969	2817
1969	2690
1969	2670
1969	2546
1969	2274
1969	2231
1969	2130
1969	2022
1969	1965
1969	1919
1969	1827
1969	1750
1969	1745
1969	1617
1969	1585
1969	1490
1969	1461
1969	1452
1969	1375
1969	1358
1969	1045
1969	1000
1969	1000
1969	894
1969	864
1969	862
1969	846
1969	823
1969	715
1969	633
1969	616
1969	600
1969	516
1969	454
1969	426
1969	403
1969	383
1969	352
1969	350
1969	294
1969	286
1969	279
1969	273
1969	254
1969	238
1969	217
1969	183
1969	172
1969	157
1969	153
1969	144
1969	124
1969	119
1969	115
1969	88
1969	75
1969	73
1969	70
1969	66
1969	60
1969	58
1969	54
1969	52
1969	51
1969	40
1969	36
1969	21
1969	15
1969	12
1969	8
1970	6339639
1970	2010000
1970	1354460
1970	1068473
1970	1017729
1970	882805
1970	408095
1970	343260
1970	334298
1970	287013
1970	268882
1970	263964
1970	191936
1970	171000
1970	150941
1970	116375
1970	98952
1970	74368
1970	67972
1970	60657
1970	50444
1970	48355
1970	45389
1970	39532
1970	37672
1970	32569
1970	29100
1970	26595
1970	23520
1970	21120
1970	20509
1970	20269
1970	19093
1970	13000
1970	11574
1970	10957
1970	10528
1970	9663
1970	9182
1970	8000
1970	7725
1970	7528
1970	6488
1970	6300
1970	6100
1970	5452
1970	4309
1970	3864
1970	2913
1970	2892
1970	2800
1970	2800
1970	2772
1970	2739
1970	2517
1970	2393
1970	2388
1970	2281
1970	2261
1970	2236
1970	2039
1970	1990
1970	1877
1970	1790
1970	1750
1970	1750
1970	1730
1970	1573
1970	1512
1970	1507
1970	1488
1970	1437
1970	1235
1970	1100
1970	1050
1970	1046
1970	1020
1970	886
1970	885
1970	701
1970	666
1970	653
1970	600
1970	572
1970	570
1970	515
1970	500
1970	400
1970	377
1970	367
1970	325
1970	303
1970	298
1970	252
1970	246
1970	242
1970	235
1970	229
1970	208
1970	192
1970	158
1970	151
1970	130
1970	115
1970	105
1970	85
1970	82
1970	81
1970	78
1970	75
1970	61
1970	60
1970	57
1970	52
1970	51
1970	40
1970	36
1970	33
1970	23
1970	21
1970	16
1970	8
1971	6673026
1971	2010000
1971	1401138
1971	1050765
1971	1010293
1971	779772
1971	408750
1971	297934
1971	285715
1971	280537
1971	260555
1971	245880
1971	195806
1971	175000
1971	145839
1971	120360
1971	109685
1971	101778
1971	70550
1971	58923
1971	54711
1971	54510
1971	43749
1971	40573
1971	39753
1971	36939
1971	25100
1971	20920
1971	20137
1971	19202
1971	19011
1971	18458
1971	16898
1971	15000
1971	11575
1971	11213
1971	11090
1971	10242
1971	9883
1971	9150
1971	9044
1971	8400
1971	6552
1971	6360
1971	5514
1971	5082
1971	4850
1971	3990
1971	3716
1971	3371
1971	3362
1971	3010
1971	2881
1971	2779
1971	2616
1971	2487
1971	2443
1971	2379
1971	2360
1971	2189
1971	2151
1971	2100
1971	2040
1971	1824
1971	1802
1971	1746
1971	1706
1971	1523
1971	1460
1971	1350
1971	1234
1971	1183
1971	1100
1971	1098
1971	1082
1971	1080
1971	1000
1971	941
1971	924
1971	867
1971	845
1971	803
1971	600
1971	495
1971	480
1971	403
1971	375
1971	361
1971	354
1971	316
1971	300
1971	289
1971	223
1971	222
1971	215
1971	214
1971	213
1971	189
1971	180
1971	180
1971	178
1971	169
1971	134
1971	114
1971	114
1971	109
1971	106
1971	94
1971	78
1971	78
1971	70
1971	60
1971	54
1971	40
1971	30
1971	30
1971	24
1971	15
1971	13
1971	13
1971	9
1971	8
1972	6531755
1972	2010000
1972	1409103
1972	1094145
1972	1021018
1972	793644
1972	367840
1972	302674
1972	288312
1972	262621
1972	231814
1972	185161
1972	177000
1972	173430
1972	149160
1972	144290
1972	115575
1972	104856
1972	73738
1972	56755
1972	56451
1972	55120
1972	48895
1972	42585
1972	40842
1972	35821
1972	24000
1972	23600
1972	20912
1972	20160
1972	19873
1972	17241
1972	17134
1972	13278
1972	10979
1972	10584
1972	10464
1972	10433
1972	10000
1972	9571
1972	7899
1972	7000
1972	6972
1972	6420
1972	6284
1972	5955
1972	4368
1972	3974
1972	3332
1972	3230
1972	2880
1972	2736
1972	2708
1972	2704
1972	2609
1972	2560
1972	2507
1972	2341
1972	2220
1972	2203
1972	2180
1972	1951
1972	1940
1972	1931
1972	1816
1972	1809
1972	1623
1972	1600
1972	1410
1972	1265
1972	1251
1972	1241
1972	1145
1972	1142
1972	1005
1972	1001
1972	1000
1972	973
1972	898
1972	867
1972	794
1972	785
1972	713
1972	699
1972	540
1972	484
1972	461
1972	440
1972	422
1972	391
1972	350
1972	325
1972	310
1972	240
1972	239
1972	217
1972	214
1972	210
1972	178
1972	173
1972	170
1972	141
1972	135
1972	133
1972	126
1972	125
1972	123
1972	99
1972	90
1972	80
1972	76
1972	60
1972	60
1972	57
1972	45
1972	36
1972	26
1972	15
1972	15
1972	12
1972	8
1972	1
1973	6992703
1973	2010000
1973	1543795
1973	1127822
1973	1095150
1973	838126
1973	430096
1973	357254
1973	289610
1973	280067
1973	263258
1973	172000
1973	171700
1973	130983
1973	129925
1973	110460
1973	94500
1973	77071
1973	59398
1973	58122
1973	56931
1973	50095
1973	46427
1973	45057
1973	44540
1973	35873
1973	34698
1973	26680
1973	23600
1973	23142
1973	22529
1973	22415
1973	17796
1973	14842
1973	12000
1973	11967
1973	11759
1973	11730
1973	10538
1973	9569
1973	9419
1973	8169
1973	7700
1973	6777
1973	6288
1973	5212
1973	4211
1973	3958
1973	3526
1973	3238
1973	3176
1973	3120
1973	3090
1973	2738
1973	2621
1973	2534
1973	2464
1973	2444
1973	2148
1973	2081
1973	2040
1973	2026
1973	1987
1973	1954
1973	1899
1973	1581
1973	1508
1973	1489
1973	1484
1973	1411
1973	1400
1973	1290
1973	1195
1973	1169
1973	1090
1973	1017
1973	869
1973	813
1973	788
1973	745
1973	731
1973	723
1973	644
1973	600
1973	585
1973	517
1973	435
1973	402
1973	378
1973	373
1973	363
1973	320
1973	303
1973	271
1973	270
1973	240
1973	220
1973	219
1973	175
1973	148
1973	147
1973	144
1973	143
1973	136
1973	93
1973	88
1973	82
1973	81
1973	78
1973	78
1973	60
1973	60
1973	29
1973	27
1973	25
1973	15
1973	15
1973	8
1973	6
1973	4
1973	4
1974	7118598
1974	2010000
1974	1577289
1974	1122724
1974	994018
1974	795979
1974	429169
1974	338591
1974	291381
1974	289610
1974	277968
1974	188792
1974	186000
1974	160443
1974	135500
1974	128989
1974	80650
1974	69403
1974	63286
1974	62864
1974	60955
1974	57150
1974	54854
1974	50199
1974	45997
1974	45456
1974	35507
1974	28800
1974	26260
1974	24580
1974	24510
1974	23147
1974	18040
1974	17827
1974	15699
1974	13902
1974	13442
1974	13316
1974	12987
1974	9610
1974	9297
1974	9157
1974	8161
1974	8000
1974	7783
1974	6398
1974	5257
1974	4202
1974	4090
1974	3803
1974	3308
1974	3159
1974	3150
1974	3127
1974	2908
1974	2817
1974	2729
1974	2635
1974	2534
1974	2492
1974	2150
1974	1961
1974	1938
1974	1830
1974	1772
1974	1756
1974	1750
1974	1739
1974	1498
1974	1392
1974	1381
1974	1285
1974	1140
1974	1102
1974	1049
1974	944
1974	864
1974	858
1974	750
1974	693
1974	690
1974	664
1974	660
1974	642
1974	630
1974	593
1974	580
1974	510
1974	510
1974	397
1974	330
1974	311
1974	309
1974	265
1974	250
1974	240
1974	183
1974	175
1974	170
1974	157
1974	151
1974	116
1974	108
1974	105
1974	104
1974	103
1974	90
1974	87
1974	72
1974	70
1974	70
1974	60
1974	60
1974	45
1974	38
1974	27
1974	16
1974	13
1974	13
1974	8
1974	4
1975	7207029
1975	2010000
1975	1598694
1975	1123514
1975	1086885
1975	908459
1975	460385
1975	382852
1975	314321
1975	288312
1975	271603
1975	207687
1975	197000
1975	140685
1975	139537
1975	97200
1975	84363
1975	82044
1975	78524
1975	75049
1975	66262
1975	59922
1975	58809
1975	45585
1975	45563
1975	43997
1975	43276
1975	35832
1975	28600
1975	24750
1975	22577
1975	20800
1975	19488
1975	18723
1975	18184
1975	16429
1975	16222
1975	12637
1975	11278
1975	10195
1975	9500
1975	8737
1975	8609
1975	7527
1975	7120
1975	6558
1975	5880
1975	5021
1975	4548
1975	3870
1975	3867
1975	3842
1975	3795
1975	3711
1975	3350
1975	3288
1975	3066
1975	2940
1975	2793
1975	2332
1975	2322
1975	2310
1975	2274
1975	2163
1975	2118
1975	2044
1975	2031
1975	1890
1975	1819
1975	1801
1975	1766
1975	1707
1975	1591
1975	1513
1975	1239
1975	1172
1975	1146
1975	1123
1975	1054
1975	1052
1975	855
1975	800
1975	750
1975	720
1975	642
1975	634
1975	558
1975	457
1975	406
1975	375
1975	374
1975	358
1975	337
1975	270
1975	249
1975	230
1975	210
1975	195
1975	163
1975	157
1975	150
1975	139
1975	133
1975	125
1975	117
1975	105
1975	96
1975	87
1975	85
1975	79
1975	76
1975	75
1975	67
1975	60
1975	48
1975	48
1975	30
1975	18
1975	18
1975	18
1975	8
1975	6
1975	4
1976	7238096
1976	2010000
1976	1655819
1976	1163935
1976	1142588
1976	1118528
1976	465965
1976	352566
1976	284416
1976	281246
1976	260165
1976	224715
1976	220000
1976	142680
1976	141794
1976	132347
1976	99000
1976	87561
1976	82124
1976	81172
1976	67458
1976	59851
1976	59149
1976	42692
1976	33047
1976	31561
1976	31326
1976	24698
1976	24695
1976	24239
1976	23173
1976	22500
1976	20169
1976	17776
1976	17197
1976	16565
1976	14807
1976	13630
1976	11652
1976	11208
1976	9500
1976	9498
1976	9367
1976	8800
1976	8147
1976	5346
1976	4870
1976	4531
1976	4491
1976	4417
1976	4355
1976	4330
1976	4000
1976	3933
1976	3172
1976	3153
1976	3011
1976	2973
1976	2837
1976	2774
1976	2700
1976	2473
1976	2378
1976	2161
1976	2070
1976	2062
1976	2033
1976	1830
1976	1712
1976	1651
1976	1626
1976	1545
1976	1525
1976	1475
1976	1471
1976	1450
1976	1422
1976	1260
1976	1257
1976	1014
1976	900
1976	889
1976	808
1976	720
1976	720
1976	714
1976	600
1976	518
1976	375
1976	335
1976	316
1976	315
1976	312
1976	298
1976	280
1976	273
1976	264
1976	234
1976	231
1976	219
1976	171
1976	163
1976	152
1976	121
1976	103
1976	91
1976	87
1976	84
1976	82
1976	77
1976	68
1976	61
1976	60
1976	60
1976	57
1976	50
1976	36
1976	34
1976	30
1976	16
1976	16
1976	8
1976	6
1976	4
1977	7392380
1977	2010000
1977	1676038
1977	1149984
1977	1054348
1977	1053561
1977	473100
1977	389510
1977	284665
1977	277922
1977	252060
1977	251781
1977	250000
1977	153045
1977	144176
1977	131746
1977	91872
1977	90000
1977	88488
1977	76688
1977	69889
1977	67123
1977	59579
1977	58000
1977	56940
1977	51204
1977	41431
1977	34635
1977	28671
1977	28367
1977	27995
1977	25608
1977	21528
1977	18367
1977	16381
1977	14875
1977	14088
1977	14055
1977	13854
1977	12376
1977	11885
1977	11000
1977	10967
1977	9341
1977	7491
1977	6389
1977	6103
1977	5548
1977	5300
1977	5059
1977	4747
1977	4566
1977	4020
1977	3454
1977	3434
1977	3427
1977	3215
1977	3000
1977	2821
1977	2799
1977	2774
1977	2676
1977	2550
1977	2258
1977	2178
1977	2157
1977	2122
1977	2063
1977	2029
1977	1847
1977	1794
1977	1667
1977	1595
1977	1552
1977	1433
1977	1368
1977	1205
1977	1199
1977	1197
1977	1050
1977	967
1977	900
1977	900
1977	898
1977	828
1977	817
1977	780
1977	780
1977	686
1977	656
1977	454
1977	433
1977	395
1977	375
1977	367
1977	365
1977	320
1977	310
1977	288
1977	276
1977	225
1977	214
1977	198
1977	165
1977	160
1977	150
1977	123
1977	93
1977	85
1977	84
1977	81
1977	78
1977	73
1977	67
1977	60
1977	60
1977	55
1977	30
1977	27
1977	25
1977	24
1977	18
1977	8
1977	4
1978	7870614
1978	2010000
1978	1834365
1978	1283908
1978	947730
1978	877731
1978	526415
1978	391643
1978	270803
1978	265000
1978	258543
1978	255000
1978	241222
1978	147860
1978	133695
1978	123483
1978	98160
1978	96324
1978	90000
1978	77244
1978	72529
1978	65858
1978	65400
1978	63492
1978	60294
1978	44947
1978	42790
1978	36190
1978	31982
1978	30546
1978	25492
1978	24523
1978	20092
1978	19433
1978	18780
1978	14831
1978	14814
1978	13366
1978	13001
1978	12700
1978	11934
1978	11264
1978	11132
1978	10531
1978	8632
1978	6863
1978	6095
1978	5935
1978	5297
1978	4513
1978	4333
1978	3971
1978	3733
1978	3517
1978	3397
1978	3366
1978	2968
1978	2850
1978	2760
1978	2565
1978	2508
1978	2428
1978	2345
1978	2345
1978	2296
1978	2239
1978	2224
1978	2141
1978	2000
1978	1842
1978	1825
1978	1804
1978	1700
1978	1653
1978	1540
1978	1538
1978	1461
1978	1389
1978	1285
1978	1265
1978	1265
1978	1016
1978	851
1978	840
1978	837
1978	780
1978	678
1978	621
1978	533
1978	494
1978	488
1978	402
1978	397
1978	344
1978	315
1978	300
1978	296
1978	283
1978	280
1978	270
1978	230
1978	186
1978	181
1978	175
1978	150
1978	146
1978	144
1978	117
1978	112
1978	106
1978	103
1978	100
1978	100
1978	84
1978	55
1978	38
1978	30
1978	27
1978	19
1978	17
1978	16
1978	15
1978	8
1978	3
1979	8249732
1979	2243705
1979	2010000
1979	1215442
1979	1103539
1979	906902
1979	522395
1979	382189
1979	350044
1979	284496
1979	261250
1979	259668
1979	236000
1979	227070
1979	153005
1979	142958
1979	101153
1979	96474
1979	88339
1979	82399
1979	75168
1979	74657
1979	73706
1979	66300
1979	62850
1979	48420
1979	43347
1979	41235
1979	39855
1979	34359
1979	25209
1979	24963
1979	24690
1979	18298
1979	16622
1979	16523
1979	16443
1979	16126
1979	15949
1979	14300
1979	14222
1979	11820
1979	11436
1979	11302
1979	9168
1979	8867
1979	6935
1979	6922
1979	6587
1979	5343
1979	4959
1979	4277
1979	3993
1979	3746
1979	3731
1979	3595
1979	3247
1979	3166
1979	2845
1979	2737
1979	2627
1979	2605
1979	2552
1979	2510
1979	2479
1979	2471
1979	2303
1979	2214
1979	2172
1979	2000
1979	1948
1979	1654
1979	1646
1979	1558
1979	1422
1979	1330
1979	1320
1979	1260
1979	1201
1979	1165
1979	956
1979	870
1979	840
1979	780
1979	750
1979	749
1979	672
1979	667
1979	635
1979	554
1979	450
1979	427
1979	406
1979	400
1979	394
1979	375
1979	357
1979	355
1979	310
1979	273
1979	246
1979	214
1979	175
1979	169
1979	150
1979	148
1979	104
1979	94
1979	93
1979	91
1979	76
1979	72
1979	70
1979	68
1979	60
1979	60
1979	60
1979	31
1979	30
1979	16
1979	10
1979	9
1979	8
1979	3
1980	9449930
1980	2017855
1980	2010000
1980	1275401
1980	1156548
1980	1150798
1980	665870
1980	416420
1980	387759
1980	290712
1980	273969
1980	260000
1980	258517
1980	195000
1980	154530
1980	135655
1980	132320
1980	117378
1980	106436
1980	93696
1980	86526
1980	73941
1980	73800
1980	70127
1980	61385
1980	61338
1980	52655
1980	47086
1980	36482
1980	35142
1980	26213
1980	24856
1980	24029
1980	22588
1980	19046
1980	17847
1980	16758
1980	16625
1980	15805
1980	15095
1980	12426
1980	11931
1980	11186
1980	10000
1980	8997
1980	8655
1980	7632
1980	7127
1980	6919
1980	5751
1980	4521
1980	4002
1980	3844
1980	3842
1980	3715
1980	3548
1980	3169
1980	3056
1980	2984
1980	2883
1980	2803
1980	2757
1980	2405
1980	2404
1980	2244
1980	2157
1980	2126
1980	2100
1980	2043
1980	2040
1980	2022
1980	2012
1980	1672
1980	1470
1980	1425
1980	1399
1980	1214
1980	1140
1980	1083
1980	1076
1980	900
1980	892
1980	850
1980	812
1980	780
1980	768
1980	723
1980	700
1980	680
1980	663
1980	500
1980	470
1980	375
1980	330
1980	315
1980	306
1980	300
1980	262
1980	260
1980	256
1980	226
1980	220
1980	198
1980	174
1980	163
1980	159
1980	150
1980	127
1980	126
1980	120
1980	111
1980	104
1980	93
1980	85
1980	72
1980	69
1980	60
1980	48
1980	33
1980	22
1980	19
1980	15
1980	8
1980	3
1981	9701365
1981	2693498
1981	2010000
1981	1305588
1981	1223298
1981	979580
1981	707330
1981	451271
1981	408917
1981	283950
1981	281895
1981	267902
1981	258750
1981	223000
1981	152245
1981	138098
1981	134100
1981	129444
1981	110599
1981	102891
1981	87211
1981	79077
1981	77100
1981	61688
1981	61368
1981	60597
1981	57733
1981	44356
1981	39820
1981	35964
1981	34256
1981	32473
1981	27593
1981	21720
1981	18778
1981	17926
1981	16995
1981	15518
1981	14048
1981	13300
1981	13106
1981	13106
1981	12810
1981	12014
1981	11571
1981	8387
1981	7600
1981	6674
1981	6606
1981	6509
1981	4135
1981	4047
1981	4039
1981	4000
1981	3964
1981	3941
1981	3397
1981	3368
1981	3357
1981	3210
1981	3091
1981	2615
1981	2580
1981	2445
1981	2404
1981	2225
1981	2206
1981	2206
1981	2170
1981	2060
1981	1832
1981	1827
1981	1784
1981	1658
1981	1471
1981	1326
1981	1080
1981	1026
1981	1003
1981	960
1981	952
1981	940
1981	856
1981	849
1981	839
1981	798
1981	780
1981	750
1981	750
1981	744
1981	500
1981	424
1981	420
1981	360
1981	360
1981	311
1981	309
1981	278
1981	262
1981	230
1981	224
1981	223
1981	220
1981	205
1981	161
1981	134
1981	133
1981	117
1981	93
1981	90
1981	87
1981	72
1981	69
1981	61
1981	61
1981	60
1981	60
1981	51
1981	48
1981	24
1981	18
1981	15
1981	8
1981	3
1982	10888277
1982	2767026
1982	2010000
1982	1388750
1982	1283056
1982	1144546
1982	718670
1982	426493
1982	353789
1982	289883
1982	285653
1982	255000
1982	205150
1982	175410
1982	141000
1982	138920
1982	135392
1982	114943
1982	103341
1982	100500
1982	80435
1982	79865
1982	74600
1982	70872
1982	63188
1982	56508
1982	54618
1982	48983
1982	43116
1982	32103
1982	28916
1982	27778
1982	25789
1982	20233
1982	19533
1982	19218
1982	18985
1982	18370
1982	17650
1982	14117
1982	14000
1982	13490
1982	13407
1982	11646
1982	8750
1982	8570
1982	8480
1982	8378
1982	7437
1982	6484
1982	5158
1982	4630
1982	4561
1982	4387
1982	3942
1982	3922
1982	3629
1982	3492
1982	3190
1982	3155
1982	3109
1982	3052
1982	2895
1982	2859
1982	2613
1982	2410
1982	2247
1982	2072
1982	2063
1982	1630
1982	1584
1982	1490
1982	1373
1982	1324
1982	1315
1982	1110
1982	1075
1982	1015
1982	990
1982	950
1982	936
1982	824
1982	780
1982	750
1982	749
1982	708
1982	677
1982	628
1982	507
1982	507
1982	500
1982	450
1982	450
1982	430
1982	372
1982	357
1982	306
1982	300
1982	264
1982	255
1982	238
1982	228
1982	195
1982	162
1982	150
1982	130
1982	125
1982	124
1982	88
1982	72
1982	71
1982	63
1982	60
1982	60
1982	56
1982	48
1982	40
1982	39
1982	25
1982	24
1982	21
1982	13
1982	8
1982	3
1983	11368923
1983	2928400
1983	2010000
1983	1438415
1983	1425780
1983	942464
1983	714405
1983	435220
1983	358895
1983	321359
1983	307623
1983	255000
1983	248826
1983	190000
1983	183510
1983	139727
1983	138369
1983	121122
1983	103200
1983	100185
1983	85900
1983	80412
1983	63638
1983	62313
1983	59628
1983	55029
1983	52030
1983	49061
1983	39472
1983	29213
1983	24469
1983	24312
1983	21422
1983	21054
1983	18135
1983	17848
1983	17568
1983	16444
1983	15016
1983	14516
1983	13680
1983	13675
1983	12858
1983	12600
1983	8900
1983	8298
1983	8195
1983	7434
1983	6700
1983	6462
1983	5963
1983	4528
1983	4299
1983	4250
1983	4243
1983	3851
1983	3828
1983	3632
1983	3626
1983	3363
1983	2921
1983	2910
1983	2837
1983	2777
1983	2716
1983	2686
1983	2661
1983	2540
1983	2079
1983	1773
1983	1700
1983	1647
1983	1622
1983	1513
1983	1127
1983	1100
1983	1080
1983	1057
1983	1000
1983	991
1983	893
1983	865
1983	808
1983	780
1983	778
1983	736
1983	625
1983	504
1983	500
1983	482
1983	450
1983	423
1983	407
1983	360
1983	349
1983	341
1983	299
1983	279
1983	260
1983	250
1983	234
1983	228
1983	217
1983	181
1983	165
1983	146
1983	120
1983	120
1983	97
1983	75
1983	72
1983	70
1983	61
1983	60
1983	48
1983	37
1983	31
1983	30
1983	21
1983	18
1983	10
1983	8
1983	3
1984	11986141
1984	3125318
1984	2010000
1984	1504461
1984	1464609
1984	1066827
1984	712775
1984	438809
1984	348810
1984	319990
1984	301606
1984	267345
1984	255000
1984	200000
1984	134891
1984	131118
1984	124941
1984	113400
1984	109650
1984	99456
1984	83700
1984	81045
1984	80393
1984	66055
1984	60391
1984	57317
1984	50875
1984	47150
1984	42820
1984	30343
1984	29995
1984	26722
1984	25005
1984	24357
1984	22000
1984	20286
1984	19450
1984	17147
1984	15221
1984	15073
1984	13911
1984	12460
1984	11700
1984	11040
1984	9643
1984	8740
1984	6985
1984	6795
1984	6682
1984	6572
1984	6485
1984	6340
1984	5250
1984	4773
1984	4438
1984	4391
1984	4202
1984	4198
1984	3994
1984	3985
1984	3971
1984	3848
1984	3350
1984	3156
1984	2916
1984	2851
1984	2651
1984	2487
1984	2334
1984	2195
1984	1904
1984	1776
1984	1733
1984	1685
1984	1267
1984	1260
1984	1200
1984	1112
1984	1104
1984	1065
1984	1047
1984	1009
1984	1000
1984	973
1984	900
1984	850
1984	792
1984	715
1984	556
1984	466
1984	464
1984	395
1984	375
1984	362
1984	324
1984	318
1984	309
1984	270
1984	256
1984	252
1984	252
1984	227
1984	195
1984	193
1984	191
1984	168
1984	165
1984	157
1984	144
1984	112
1984	102
1984	91
1984	77
1984	72
1984	71
1984	60
1984	37
1984	27
1984	18
1984	16
1984	15
1984	10
1984	8
1984	3
1985	11420736
1985	2670506
1985	2010000
1985	1540756
1985	1492375
1985	1065662
1985	715852
1985	451126
1985	331011
1985	307991
1985	301360
1985	253750
1985	241000
1985	163080
1985	159700
1985	147067
1985	133209
1985	130379
1985	115904
1985	105650
1985	87568
1985	84382
1985	74745
1985	69759
1985	63321
1985	61645
1985	52361
1985	51201
1985	44268
1985	40376
1985	36130
1985	29222
1985	28308
1985	27408
1985	23040
1985	20000
1985	18822
1985	17509
1985	17416
1985	17292
1985	15277
1985	14813
1985	11519
1985	10000
1985	9024
1985	8740
1985	8640
1985	8414
1985	8184
1985	7744
1985	7265
1985	6734
1985	6313
1985	5618
1985	5496
1985	5313
1985	5250
1985	4882
1985	4860
1985	4165
1985	3854
1985	3725
1985	3640
1985	3308
1985	3184
1985	3117
1985	2738
1985	2294
1985	2029
1985	1912
1985	1808
1985	1787
1985	1728
1985	1700
1985	1652
1985	1379
1985	1378
1985	1262
1985	1200
1985	1174
1985	1060
1985	1028
1985	1000
1985	950
1985	839
1985	825
1985	780
1985	774
1985	637
1985	587
1985	562
1985	528
1985	466
1985	465
1985	453
1985	448
1985	435
1985	374
1985	355
1985	301
1985	300
1985	240
1985	234
1985	229
1985	210
1985	208
1985	168
1985	147
1985	130
1985	129
1985	123
1985	97
1985	93
1985	90
1985	72
1985	69
1985	60
1985	31
1985	25
1985	21
1985	16
1985	15
1985	13
1985	8
1985	3
1986	11617254
1986	3231738
1986	2010000
1986	1578461
1986	1388921
1986	1299279
1986	706355
1986	462656
1986	317883
1986	314187
1986	309594
1986	283276
1986	251250
1986	200000
1986	188370
1986	155300
1986	144606
1986	140776
1986	140048
1986	119350
1986	104600
1986	87563
1986	76120
1986	72465
1986	63031
1986	52320
1986	51546
1986	47432
1986	42384
1986	41905
1986	35966
1986	35112
1986	29266
1986	29000
1986	27232
1986	25386
1986	19894
1986	19643
1986	18596
1986	15209
1986	13700
1986	13677
1986	11000
1986	9741
1986	8942
1986	7884
1986	7759
1986	6871
1986	6870
1986	6718
1986	5932
1986	5544
1986	5500
1986	5496
1986	5423
1986	5386
1986	5310
1986	4566
1986	4439
1986	4064
1986	3788
1986	3769
1986	3630
1986	3595
1986	3219
1986	3120
1986	3022
1986	2945
1986	2055
1986	1980
1986	1973
1986	1872
1986	1783
1986	1610
1986	1434
1986	1373
1986	1272
1986	1211
1986	1200
1986	1122
1986	1091
1986	1084
1986	1050
1986	1050
1986	939
1986	894
1986	780
1986	691
1986	564
1986	560
1986	525
1986	476
1986	449
1986	435
1986	417
1986	399
1986	387
1986	367
1986	357
1986	300
1986	297
1986	266
1986	240
1986	240
1986	220
1986	172
1986	166
1986	157
1986	153
1986	136
1986	127
1986	97
1986	90
1986	74
1986	62
1986	60
1986	51
1986	42
1986	39
1986	16
1986	15
1986	12
1986	10
1986	8
1986	8
1986	3
1987	11729985
1987	3289711
1987	2010000
1987	1495423
1987	1398625
1987	1225853
1987	681920
1987	624372
1987	462412
1987	350835
1987	305178
1987	247500
1987	210000
1987	181524
1987	163350
1987	151325
1987	141080
1987	128098
1987	127700
1987	110950
1987	97228
1987	91580
1987	78325
1987	64179
1987	60358
1987	53964
1987	48801
1987	45768
1987	45298
1987	43224
1987	39297
1987	39037
1987	36696
1987	30134
1987	29586
1987	21511
1987	21242
1987	18645
1987	17083
1987	16691
1987	15860
1987	15236
1987	11000
1987	10238
1987	8838
1987	7737
1987	7669
1987	6710
1987	6522
1987	6098
1987	6010
1987	5913
1987	5707
1987	5262
1987	5250
1987	5044
1987	4762
1987	4690
1987	4612
1987	4129
1987	4112
1987	4019
1987	3768
1987	3558
1987	3401
1987	3264
1987	3009
1987	2978
1987	2719
1987	2644
1987	2444
1987	2326
1987	2042
1987	1860
1987	1781
1987	1729
1987	1631
1987	1400
1987	1262
1987	1174
1987	1066
1987	1000
1987	953
1987	938
1987	853
1987	841
1987	780
1987	644
1987	571
1987	525
1987	491
1987	417
1987	412
1987	406
1987	350
1987	342
1987	337
1987	327
1987	292
1987	278
1987	267
1987	260
1987	258
1987	240
1987	238
1987	212
1987	175
1987	174
1987	148
1987	136
1987	104
1987	90
1987	78
1987	76
1987	60
1987	54
1987	30
1987	28
1987	18
1987	15
1987	14
1987	8
1987	8
1987	3
1988	11407038
1988	3420423
1988	2010000
1988	1638163
1988	1566107
1988	1386766
1988	658355
1988	580844
1988	466332
1988	386839
1988	298340
1988	294000
1988	245000
1988	225000
1988	203561
1988	158459
1988	148600
1988	134564
1988	125496
1988	106450
1988	97048
1988	96006
1988	83549
1988	60628
1988	51603
1988	50887
1988	50169
1988	47726
1988	46571
1988	39928
1988	38759
1988	32798
1988	29943
1988	28366
1988	22828
1988	21740
1988	20101
1988	19913
1988	19074
1988	18087
1988	17754
1988	12636
1988	10500
1988	8917
1988	8662
1988	8002
1988	7614
1988	7612
1988	7099
1988	7030
1988	6691
1988	6164
1988	5739
1988	5086
1988	5058
1988	5044
1988	4915
1988	4843
1988	4653
1988	4401
1988	4302
1988	4126
1988	4070
1988	3881
1988	3758
1988	3743
1988	3597
1988	3451
1988	2875
1988	2641
1988	2337
1988	2094
1988	2011
1988	1967
1988	1770
1988	1750
1988	1607
1988	1590
1988	1150
1988	1145
1988	1117
1988	1046
1988	1000
1988	970
1988	902
1988	780
1988	715
1988	664
1988	525
1988	485
1988	465
1988	455
1988	418
1988	399
1988	371
1988	355
1988	352
1988	350
1988	343
1988	327
1988	327
1988	300
1988	225
1988	195
1988	177
1988	150
1988	136
1988	135
1988	123
1988	110
1988	105
1988	90
1988	89
1988	60
1988	60
1988	57
1988	46
1988	30
1988	21
1988	15
1988	8
1988	6
1988	4
1988	4
1988	3
1989	12057416
1989	3657526
1989	2010000
1989	1825554
1989	1570631
1989	1298530
1989	690325
1989	562533
1989	535710
1989	404693
1989	336000
1989	327760
1989	310551
1989	243750
1989	240480
1989	158506
1989	154675
1989	141885
1989	123800
1989	107100
1989	101583
1989	96603
1989	75577
1989	75566
1989	70205
1989	63342
1989	60747
1989	52303
1989	52153
1989	43368
1989	42636
1989	37080
1989	31529
1989	29491
1989	29278
1989	28483
1989	27219
1989	22722
1989	21595
1989	21018
1989	14920
1989	14226
1989	13200
1989	10744
1989	9185
1989	8908
1989	8892
1989	8357
1989	8348
1989	7793
1989	6794
1989	6521
1989	5880
1989	5829
1989	5552
1989	5512
1989	5409
1989	5124
1989	4711
1989	4628
1989	4373
1989	3897
1989	3750
1989	3721
1989	3433
1989	3414
1989	3309
1989	3201
1989	2935
1989	2853
1989	2793
1989	2250
1989	2000
1989	2000
1989	1765
1989	1591
1989	1371
1989	1282
1989	1274
1989	1214
1989	1168
1989	1148
1989	1049
1989	1023
1989	900
1989	863
1989	738
1989	686
1989	615
1989	587
1989	523
1989	522
1989	413
1989	399
1989	340
1989	319
1989	309
1989	300
1989	275
1989	275
1989	256
1989	245
1989	243
1989	225
1989	216
1989	214
1989	214
1989	175
1989	169
1989	144
1989	142
1989	132
1989	90
1989	90
1989	60
1989	60
1989	40
1989	28
1989	27
1989	24
1989	15
1989	8
1989	6
1989	3
1989	1
1990	11046992
1990	3549075
1990	3345522
1990	1894961
1990	1397180
1990	1315828
1990	936612
1990	788934
1990	535558
1990	420454
1990	331457
1990	292544
1990	279000
1990	250000
1990	243750
1990	182656
1990	164857
1990	152300
1990	139800
1990	106363
1990	97824
1990	90000
1990	74575
1990	71196
1990	68100
1990	64895
1990	64160
1990	56550
1990	46999
1990	44986
1990	42018
1990	39620
1990	28532
1990	24562
1990	24157
1990	23140
1990	22725
1990	22347
1990	21166
1990	20625
1990	17173
1990	12828
1990	12258
1990	9919
1990	9396
1990	9247
1990	9200
1990	8838
1990	8287
1990	8259
1990	7396
1990	6975
1990	6529
1990	6254
1990	6166
1990	6100
1990	5701
1990	5421
1990	5320
1990	4607
1990	4360
1990	4285
1990	4117
1990	4070
1990	3923
1990	3624
1990	3312
1990	3206
1990	3187
1990	3048
1990	2990
1990	2732
1990	2700
1990	2638
1990	2334
1990	2295
1990	2284
1990	2109
1990	2000
1990	2000
1990	1324
1990	1298
1990	1234
1990	1127
1990	1108
1990	1093
1990	936
1990	905
1990	699
1990	573
1990	555
1990	541
1990	495
1990	461
1990	445
1990	438
1990	400
1990	361
1990	351
1990	316
1990	312
1990	300
1990	277
1990	234
1990	225
1990	217
1990	214
1990	205
1990	195
1990	144
1990	140
1990	138
1990	92
1990	92
1990	92
1990	90
1990	65
1990	60
1990	52
1990	45
1990	33
1990	22
1990	15
1990	15
1990	8
1990	4
1991	11452708
1991	3529849
1991	3361260
1991	1891206
1991	1874345
1991	1320420
1991	1169015
1991	1042442
1991	544875
1991	391382
1991	371000
1991	319642
1991	316397
1991	243750
1991	240000
1991	206000
1991	200797
1991	171908
1991	146600
1991	143300
1991	102010
1991	97293
1991	96592
1991	64113
1991	63070
1991	61192
1991	59084
1991	57791
1991	47132
1991	45218
1991	42409
1991	40400
1991	31075
1991	28358
1991	27805
1991	21890
1991	21781
1991	20180
1991	19799
1991	17386
1991	13985
1991	12409
1991	12084
1991	12066
1991	11518
1991	10870
1991	10099
1991	10015
1991	9001
1991	8677
1991	8000
1991	7066
1991	6690
1991	6395
1991	6163
1991	5610
1991	5575
1991	5564
1991	5036
1991	4709
1991	4507
1991	4346
1991	3980
1991	3921
1991	3465
1991	3375
1991	3344
1991	3303
1991	3252
1991	3158
1991	3096
1991	3076
1991	3050
1991	2693
1991	2114
1991	2113
1991	2010
1991	2000
1991	1895
1991	1739
1991	1735
1991	1721
1991	1452
1991	1309
1991	1229
1991	1160
1991	1083
1991	960
1991	917
1991	742
1991	690
1991	684
1991	484
1991	463
1991	441
1991	433
1991	428
1991	400
1991	375
1991	367
1991	337
1991	320
1991	270
1991	222
1991	208
1991	183
1991	175
1991	166
1991	144
1991	135
1991	120
1991	101
1991	90
1991	90
1991	60
1991	55
1991	52
1991	46
1991	44
1991	30
1991	27
1991	18
1991	13
1991	6
1991	4
1991	1
1992	11162440
1992	3808982
1992	3270036
1992	2061999
1992	1869031
1992	1484040
1992	1196831
1992	945916
1992	547460
1992	412500
1992	339704
1992	321427
1992	298490
1992	245000
1992	225455
1992	225000
1992	222100
1992	181199
1992	162400
1992	136400
1992	110182
1992	93483
1992	88795
1992	76010
1992	75118
1992	61972
1992	60382
1992	51478
1992	47203
1992	41873
1992	38122
1992	31632
1992	31243
1992	29080
1992	29022
1992	27130
1992	23510
1992	22495
1992	21354
1992	17360
1992	16970
1992	16481
1992	15087
1992	14422
1992	14248
1992	12862
1992	12738
1992	12493
1992	12154
1992	12108
1992	11221
1992	9064
1992	8957
1992	8600
1992	7067
1992	6513
1992	6181
1992	6076
1992	5353
1992	5068
1992	4996
1992	4925
1992	4603
1992	4268
1992	4177
1992	3823
1992	3750
1992	3676
1992	3400
1992	3312
1992	3218
1992	3209
1992	2892
1992	2864
1992	2685
1992	2670
1992	2633
1992	2366
1992	2318
1992	2226
1992	2128
1992	2110
1992	2024
1992	2020
1992	2000
1992	1900
1992	1744
1992	1547
1992	1522
1992	1439
1992	1124
1992	1002
1992	990
1992	915
1992	791
1992	714
1992	645
1992	568
1992	536
1992	536
1992	503
1992	436
1992	428
1992	416
1992	400
1992	390
1992	390
1992	327
1992	273
1992	270
1992	222
1992	216
1992	215
1992	189
1992	163
1992	154
1992	147
1992	135
1992	130
1992	127
1992	120
1992	90
1992	79
1992	67
1992	60
1992	51
1992	48
1992	33
1992	25
1992	19
1992	18
1992	15
1992	11
1992	4
1993	11921853
1993	3795275
1993	3612000
1993	2188304
1993	1824382
1993	1676320
1993	1220986
1993	657262
1993	538564
1993	396373
1993	354895
1993	302489
1993	286000
1993	243750
1993	239950
1993	239350
1993	238335
1993	188502
1993	161760
1993	141513
1993	129813
1993	119841
1993	92031
1993	76703
1993	63133
1993	62532
1993	61988
1993	60572
1993	45615
1993	43752
1993	33085
1993	31897
1993	31629
1993	31378
1993	29712
1993	25466
1993	24820
1993	22828
1993	20520
1993	17282
1993	16117
1993	15901
1993	15284
1993	15127
1993	14036
1993	13276
1993	12569
1993	10551
1993	9300
1993	9000
1993	8885
1993	8684
1993	8230
1993	7650
1993	6295
1993	6294
1993	6189
1993	5832
1993	5731
1993	5214
1993	5207
1993	4675
1993	4508
1993	4478
1993	4028
1993	3950
1993	3802
1993	3750
1993	3750
1993	3700
1993	3410
1993	3108
1993	3000
1993	2994
1993	2911
1993	2882
1993	2671
1993	2600
1993	2588
1993	2451
1993	2262
1993	2134
1993	2010
1993	2000
1993	1997
1993	1961
1993	1857
1993	1800
1993	1758
1993	1524
1993	1369
1993	1114
1993	1080
1993	1020
1993	1013
1993	825
1993	794
1993	708
1993	702
1993	601
1993	590
1993	541
1993	534
1993	456
1993	440
1993	410
1993	375
1993	279
1993	274
1993	274
1993	246
1993	221
1993	217
1993	200
1993	180
1993	179
1993	154
1993	145
1993	125
1993	123
1993	120
1993	114
1993	90
1993	90
1993	85
1993	54
1993	44
1993	30
1993	18
1993	12
1993	12
1993	5
1993	1
1994	9928818
1994	3679205
1994	3674246
1994	2246953
1994	1956742
1994	1819890
1994	1286898
1994	735506
1994	502500
1994	335774
1994	328592
1994	270000
1994	264435
1994	241101
1994	233750
1994	222350
1994	197879
1994	165440
1994	158850
1994	158071
1994	103395
1994	94209
1994	88933
1994	78851
1994	74066
1994	71023
1994	64164
1994	61589
1994	45179
1994	43969
1994	39741
1994	36365
1994	34662
1994	31771
1994	30014
1994	27941
1994	25350
1994	19907
1994	19563
1994	18034
1994	16572
1994	14351
1994	14169
1994	13524
1994	12647
1994	12231
1994	11274
1994	10823
1994	9920
1994	9902
1994	9393
1994	8000
1994	7446
1994	7418
1994	7351
1994	7159
1994	6551
1994	6469
1994	6319
1994	6105
1994	5650
1994	5060
1994	5009
1994	4883
1994	4625
1994	4309
1994	4100
1994	3852
1994	3766
1994	3299
1994	3241
1994	3173
1994	3108
1994	2849
1994	2800
1994	2671
1994	2635
1994	2382
1994	2366
1994	2258
1994	2257
1994	2073
1994	2000
1994	1911
1994	1830
1994	1800
1994	1615
1994	1572
1994	1247
1994	1241
1994	1234
1994	1073
1994	1031
1994	978
1994	971
1994	922
1994	900
1994	819
1994	740
1994	719
1994	695
1994	542
1994	501
1994	447
1994	402
1994	382
1994	380
1994	377
1994	350
1994	308
1994	267
1994	253
1994	244
1994	204
1994	202
1994	180
1994	157
1994	138
1994	121
1994	113
1994	111
1994	106
1994	96
1994	90
1994	73
1994	48
1994	41
1994	40
1994	30
1994	18
1994	13
1994	5
1995	11978493
1995	3937744
1995	3463202
1995	2384842
1995	2056837
1995	1795690
1995	1378134
1995	809945
1995	539572
1995	402498
1995	344780
1995	343141
1995	286961
1995	276445
1995	258000
1995	240000
1995	204278
1995	161150
1995	158110
1995	121639
1995	118996
1995	113968
1995	100800
1995	81719
1995	70891
1995	64525
1995	63818
1995	54718
1995	52122
1995	46018
1995	45514
1995	40611
1995	38380
1995	31990
1995	31599
1995	29331
1995	26399
1995	23873
1995	22262
1995	20731
1995	17441
1995	16123
1995	15569
1995	14602
1995	13022
1995	12457
1995	11372
1995	10364
1995	9200
1995	9061
1995	9014
1995	8461
1995	8346
1995	7384
1995	7153
1995	6837
1995	6684
1995	6663
1995	6396
1995	5841
1995	5790
1995	5342
1995	5128
1995	5087
1995	4830
1995	4780
1995	4669
1995	4329
1995	4075
1995	4006
1995	4003
1995	3730
1995	3353
1995	3337
1995	3082
1995	3064
1995	2997
1995	2400
1995	2335
1995	2156
1995	2000
1995	1882
1995	1635
1995	1621
1995	1562
1995	1500
1995	1436
1995	1341
1995	1201
1995	1191
1995	1157
1995	1057
1995	1027
1995	1000
1995	925
1995	778
1995	761
1995	607
1995	586
1995	548
1995	504
1995	500
1995	482
1995	427
1995	358
1995	328
1995	308
1995	300
1995	298
1995	270
1995	249
1995	247
1995	205
1995	204
1995	197
1995	193
1995	191
1995	186
1995	185
1995	138
1995	133
1995	108
1995	98
1995	88
1995	75
1995	64
1995	47
1995	38
1995	30
1995	21
1995	5
1995	5
1995	3
1996	11477877
1996	4064887
1996	3675000
1996	2520885
1996	2071218
1996	1767981
1996	1070589
1996	575100
1996	513614
1996	424911
1996	350367
1996	340400
1996	307361
1996	284956
1996	240000
1996	238750
1996	213643
1996	189254
1996	161680
1996	129144
1996	115985
1996	100504
1996	90464
1996	71300
1996	70675
1996	66855
1996	63483
1996	59267
1996	56080
1996	53695
1996	51295
1996	46596
1996	42294
1996	40140
1996	37531
1996	33164
1996	27175
1996	27052
1996	25417
1996	19480
1996	17041
1996	16378
1996	14227
1996	13596
1996	13490
1996	13448
1996	12248
1996	12124
1996	11200
1996	9835
1996	9723
1996	9576
1996	9514
1996	9378
1996	9156
1996	9072
1996	7700
1996	7653
1996	6761
1996	6699
1996	6624
1996	6387
1996	6288
1996	6010
1996	5915
1996	5884
1996	5755
1996	4799
1996	4669
1996	4266
1996	4193
1996	4170
1996	4160
1996	3806
1996	3800
1996	3525
1996	3082
1996	2630
1996	2179
1996	2090
1996	2028
1996	2013
1996	2000
1996	1992
1996	1958
1996	1809
1996	1781
1996	1500
1996	1466
1996	1387
1996	1276
1996	1200
1996	1046
1996	1036
1996	1011
1996	926
1996	868
1996	786
1996	780
1996	750
1996	676
1996	657
1996	636
1996	621
1996	600
1996	463
1996	353
1996	326
1996	325
1996	308
1996	300
1996	300
1996	291
1996	276
1996	258
1996	252
1996	237
1996	231
1996	229
1996	216
1996	181
1996	165
1996	164
1996	149
1996	132
1996	100
1996	74
1996	69
1996	64
1996	46
1996	22
1996	8
1996	6
1996	5
1996	3
1997	11986877
1997	3922485
1997	3711000
1997	2642927
1997	2189409
1997	1665145
1997	1114772
1997	1050272
1997	563903
1997	420751
1997	360320
1997	341492
1997	332022
1997	317188
1997	237500
1997	219959
1997	181000
1997	168000
1997	166760
1997	129990
1997	114177
1997	83000
1997	76687
1997	76350
1997	69072
1997	66643
1997	63588
1997	63570
1997	60296
1997	52287
1997	47002
1997	43776
1997	42182
1997	39078
1997	33772
1997	29808
1997	29508
1997	29027
1997	28409
1997	24323
1997	20495
1997	18741
1997	17086
1997	16769
1997	15256
1997	13881
1997	13111
1997	11226
1997	11000
1997	10906
1997	10747
1997	10157
1997	9879
1997	9508
1997	9416
1997	8623
1997	8041
1997	7326
1997	7323
1997	7082
1997	6637
1997	6634
1997	6556
1997	6486
1997	5851
1997	5340
1997	5157
1997	4997
1997	4845
1997	4712
1997	4700
1997	4090
1997	3826
1997	3276
1997	3255
1997	2975
1997	2848
1997	2738
1997	2586
1997	2284
1997	2084
1997	2000
1997	1971
1997	1917
1997	1917
1997	1898
1997	1824
1997	1671
1997	1500
1997	1454
1997	1401
1997	1333
1997	1192
1997	1003
1997	907
1997	894
1997	893
1997	869
1997	850
1997	819
1997	810
1997	784
1997	637
1997	603
1997	462
1997	460
1997	430
1997	403
1997	361
1997	355
1997	355
1997	335
1997	300
1997	285
1997	261
1997	243
1997	231
1997	217
1997	214
1997	180
1997	173
1997	136
1997	115
1997	108
1997	100
1997	85
1997	76
1997	28
1997	27
1997	25
1997	23
1997	22
1997	18
1997	9
1997	5
1997	3
1998	13025844
1998	3951618
1998	3871650
1998	2799402
1998	2221847
1998	1707777
1998	1041448
1998	597569
1998	425960
1998	401000
1998	350987
1998	349073
1998	329329
1998	270097
1998	232500
1998	228582
1998	204244
1998	172220
1998	140228
1998	128000
1998	115350
1998	109370
1998	89505
1998	83725
1998	63818
1998	61571
1998	61071
1998	61052
1998	58327
1998	55411
1998	52150
1998	50723
1998	46848
1998	46079
1998	41924
1998	36908
1998	34643
1998	26380
1998	26145
1998	23807
1998	22065
1998	19358
1998	17292
1998	14238
1998	13309
1998	13063
1998	12874
1998	12733
1998	12600
1998	12597
1998	11802
1998	10870
1998	10533
1998	10091
1998	9895
1998	8667
1998	8370
1998	7830
1998	7415
1998	7167
1998	7052
1998	6762
1998	6762
1998	6345
1998	6288
1998	5698
1998	5033
1998	4856
1998	4513
1998	4360
1998	4357
1998	3467
1998	3289
1998	3255
1998	3062
1998	2970
1998	2859
1998	2535
1998	2155
1998	2115
1998	2100
1998	2060
1998	1997
1998	1842
1998	1692
1998	1688
1998	1580
1998	1569
1998	1548
1998	1500
1998	1480
1998	1146
1998	1054
1998	1000
1998	938
1998	925
1998	813
1998	781
1998	628
1998	575
1998	545
1998	508
1998	462
1998	410
1998	403
1998	352
1998	337
1998	334
1998	332
1998	327
1998	320
1998	314
1998	307
1998	300
1998	294
1998	255
1998	252
1998	223
1998	219
1998	217
1998	198
1998	180
1998	177
1998	154
1998	143
1998	126
1998	120
1998	87
1998	84
1998	30
1998	22
1998	15
1998	9
1998	9
1998	5
1999	13021437
1999	4047637
1999	4034919
1999	2998502
1999	2274127
1999	2012629
1999	1462507
1999	1158892
1999	688600
1999	510000
1999	439834
1999	404090
1999	365172
1999	336390
1999	336079
1999	238818
1999	232500
1999	189180
1999	176000
1999	154668
1999	125294
1999	117150
1999	108657
1999	105141
1999	82171
1999	79741
1999	64825
1999	64484
1999	61099
1999	48556
1999	48256
1999	46965
1999	45708
1999	45401
1999	44839
1999	37422
1999	36601
1999	32736
1999	28113
1999	26566
1999	23865
1999	23306
1999	21852
1999	16995
1999	15457
1999	13898
1999	13600
1999	12628
1999	12485
1999	10425
1999	10397
1999	10310
1999	10307
1999	9643
1999	9638
1999	8505
1999	8391
1999	8330
1999	8181
1999	8097
1999	8065
1999	7402
1999	6410
1999	6189
1999	6184
1999	6054
1999	5663
1999	5600
1999	5130
1999	4751
1999	4120
1999	4062
1999	4015
1999	3263
1999	3000
1999	2932
1999	2785
1999	2700
1999	2690
1999	2528
1999	2490
1999	2396
1999	1805
1999	1748
1999	1679
1999	1643
1999	1594
1999	1529
1999	1472
1999	1378
1999	1072
1999	1050
1999	1033
1999	1000
1999	1000
1999	992
1999	987
1999	928
1999	921
1999	865
1999	833
1999	742
1999	719
1999	690
1999	631
1999	586
1999	527
1999	458
1999	450
1999	431
1999	412
1999	371
1999	308
1999	300
1999	300
1999	300
1999	249
1999	226
1999	210
1999	185
1999	184
1999	166
1999	130
1999	119
1999	105
1999	95
1999	82
1999	67
1999	57
1999	37
1999	22
1999	21
1999	15
2000	11030722
2000	4076683
2000	3823947
2000	3106567
2000	2400774
2000	2132409
2000	1334925
2000	752551
2000	512579
2000	475492
2000	461248
2000	404979
2000	361167
2000	346751
2000	336061
2000	249649
2000	231250
2000	185000
2000	171730
2000	144078
2000	110085
2000	102940
2000	97118
2000	84500
2000	76368
2000	68284
2000	66173
2000	64224
2000	52795
2000	52719
2000	52406
2000	45373
2000	44291
2000	44000
2000	39429
2000	37189
2000	32556
2000	30268
2000	27462
2000	26947
2000	24183
2000	22459
2000	20501
2000	17442
2000	16215
2000	15521
2000	14000
2000	13445
2000	11729
2000	11607
2000	11076
2000	11010
2000	10295
2000	9945
2000	9749
2000	8330
2000	8231
2000	8178
2000	7899
2000	7802
2000	7761
2000	6922
2000	6901
2000	6702
2000	6258
2000	5993
2000	5924
2000	5808
2000	5450
2000	5304
2000	4832
2000	4219
2000	3789
2000	3553
2000	3506
2000	3319
2000	3114
2000	3000
2000	2756
2000	2584
2000	2550
2000	2416
2000	2296
2000	2200
2000	1919
2000	1824
2000	1818
2000	1778
2000	1545
2000	1356
2000	1290
2000	1211
2000	1155
2000	1057
2000	1030
2000	1009
2000	1000
2000	959
2000	838
2000	820
2000	810
2000	703
2000	675
2000	658
2000	649
2000	598
2000	568
2000	561
2000	504
2000	415
2000	381
2000	375
2000	317
2000	308
2000	300
2000	300
2000	288
2000	287
2000	262
2000	220
2000	185
2000	171
2000	154
2000	153
2000	149
2000	145
2000	108
2000	97
2000	63
2000	60
2000	46
2000	28
2000	28
2000	22
2000	15
2001	11020836
2001	4197000
2001	4004348
2001	3066548
2001	2606738
2001	2191600
2001	1366919
2001	1232384
2001	725384
2001	707000
2001	470325
2001	411987
2001	384837
2001	313821
2001	311923
2001	228500
2001	227500
2001	194000
2001	171470
2001	131037
2001	116735
2001	116460
2001	103010
2001	89680
2001	81184
2001	68986
2001	62850
2001	62809
2001	62794
2001	59876
2001	53026
2001	48005
2001	45950
2001	42163
2001	41575
2001	39804
2001	30688
2001	25516
2001	24793
2001	24764
2001	21650
2001	20604
2001	18515
2001	17912
2001	16430
2001	16312
2001	14400
2001	12809
2001	12220
2001	11123
2001	10638
2001	10563
2001	10561
2001	10426
2001	10156
2001	10094
2001	9366
2001	9229
2001	8872
2001	8181
2001	7779
2001	7405
2001	6583
2001	6557
2001	6021
2001	5712
2001	5310
2001	5019
2001	4532
2001	4430
2001	4253
2001	3978
2001	3753
2001	3343
2001	3046
2001	3000
2001	2969
2001	2938
2001	2858
2001	2809
2001	2711
2001	2692
2001	2647
2001	2342
2001	2169
2001	2000
2001	1925
2001	1680
2001	1628
2001	1556
2001	1381
2001	1265
2001	1200
2001	1132
2001	1125
2001	1106
2001	1003
2001	989
2001	818
2001	731
2001	710
2001	601
2001	588
2001	584
2001	556
2001	555
2001	448
2001	404
2001	400
2001	337
2001	308
2001	300
2001	300
2001	295
2001	288
2001	282
2001	273
2001	253
2001	241
2001	228
2001	216
2001	193
2001	153
2001	118
2001	99
2001	96
2001	90
2001	80
2001	58
2001	40
2001	36
2001	36
2001	33
2001	22
2001	10
2002	11022043
2002	4094834
2002	3292737
2002	3231909
2002	2602764
2002	2180500
2002	1352059
2002	1261719
2002	751862
2002	629000
2002	466017
2002	386025
2002	384035
2002	352972
2002	315066
2002	238937
2002	225000
2002	198000
2002	180630
2002	141705
2002	134355
2002	120825
2002	109300
2002	87858
2002	84290
2002	73820
2002	65920
2002	64225
2002	58397
2002	57744
2002	56919
2002	56343
2002	50804
2002	49166
2002	43232
2002	36149
2002	23937
2002	22630
2002	22214
2002	21940
2002	21921
2002	21778
2002	20413
2002	18835
2002	16406
2002	14400
2002	12419
2002	12207
2002	11921
2002	11251
2002	11088
2002	10457
2002	10097
2002	10071
2002	10059
2002	9912
2002	9830
2002	8574
2002	8128
2002	7891
2002	7810
2002	7794
2002	7755
2002	7594
2002	6274
2002	6258
2002	6028
2002	5662
2002	5255
2002	5066
2002	4712
2002	4697
2002	4393
2002	4048
2002	3764
2002	3132
2002	2808
2002	2768
2002	2739
2002	2683
2002	2649
2002	2400
2002	2376
2002	2360
2002	2336
2002	2160
2002	1924
2002	1800
2002	1659
2002	1370
2002	1321
2002	1139
2002	1139
2002	1010
2002	1000
2002	934
2002	920
2002	916
2002	895
2002	852
2002	828
2002	764
2002	710
2002	702
2002	685
2002	680
2002	670
2002	618
2002	540
2002	495
2002	408
2002	375
2002	342
2002	308
2002	300
2002	300
2002	273
2002	267
2002	258
2002	248
2002	216
2002	160
2002	96
2002	94
2002	90
2002	87
2002	82
2002	58
2002	55
2002	43
2002	37
2002	31
2002	24
2002	22
2002	12
2003	10020590
2003	4114091
2003	3983671
2003	3301492
2003	2743204
2003	2314627
2003	1302768
2003	767478
2003	751961
2003	711000
2003	471758
2003	465980
2003	410475
2003	357477
2003	344094
2003	250186
2003	221015
2003	202000
2003	187130
2003	159316
2003	145428
2003	133958
2003	118755
2003	112200
2003	84374
2003	74649
2003	67710
2003	66441
2003	63529
2003	63160
2003	60300
2003	58623
2003	56890
2003	49100
2003	44233
2003	40734
2003	27528
2003	27310
2003	25657
2003	23432
2003	19406
2003	18250
2003	18115
2003	17689
2003	16651
2003	14900
2003	14081
2003	13903
2003	13721
2003	12473
2003	12211
2003	11660
2003	10371
2003	10277
2003	9846
2003	9751
2003	9636
2003	9195
2003	9060
2003	8481
2003	7916
2003	7595
2003	7375
2003	7205
2003	6761
2003	6604
2003	6541
2003	6147
2003	5993
2003	5718
2003	5517
2003	4923
2003	4468
2003	4419
2003	4381
2003	4340
2003	3274
2003	3272
2003	3065
2003	2648
2003	2633
2003	2561
2003	2358
2003	2300
2003	2187
2003	1800
2003	1761
2003	1485
2003	1478
2003	1358
2003	1348
2003	1306
2003	1265
2003	1244
2003	1070
2003	1058
2003	1015
2003	1000
2003	958
2003	947
2003	928
2003	907
2003	901
2003	899
2003	823
2003	822
2003	779
2003	745
2003	710
2003	624
2003	605
2003	550
2003	423
2003	399
2003	385
2003	300
2003	300
2003	297
2003	282
2003	241
2003	234
2003	234
2003	226
2003	184
2003	173
2003	132
2003	83
2003	58
2003	55
2003	47
2003	43
2003	37
2003	21
2003	15
2003	3
2004	8002203
2004	4237731
2004	3740913
2004	3452224
2004	2805189
2004	2493900
2004	1920745
2004	1600286
2004	724748
2004	700000
2004	500985
2004	435702
2004	417038
2004	369015
2004	357995
2004	263099
2004	220003
2004	217000
2004	180112
2004	177020
2004	160925
2004	150744
2004	126450
2004	118500
2004	77497
2004	76132
2004	67920
2004	67414
2004	67288
2004	65391
2004	59615
2004	51742
2004	51253
2004	44738
2004	43672
2004	41316
2004	29148
2004	26836
2004	25254
2004	25120
2004	24980
2004	23094
2004	20868
2004	19600
2004	17694
2004	17299
2004	16100
2004	14837
2004	14202
2004	13416
2004	12751
2004	12393
2004	10987
2004	10892
2004	10421
2004	10193
2004	9785
2004	8808
2004	8446
2004	8182
2004	7820
2004	7378
2004	6883
2004	6852
2004	6775
2004	6775
2004	6259
2004	6127
2004	6112
2004	6051
2004	5914
2004	5731
2004	5701
2004	5531
2004	4555
2004	4460
2004	3447
2004	3350
2004	3300
2004	3227
2004	2952
2004	2754
2004	2425
2004	2245
2004	2169
2004	1911
2004	1800
2004	1671
2004	1595
2004	1492
2004	1473
2004	1281
2004	1252
2004	1164
2004	1103
2004	1030
2004	1000
2004	945
2004	911
2004	898
2004	885
2004	881
2004	823
2004	775
2004	738
2004	710
2004	565
2004	412
2004	412
2004	394
2004	387
2004	342
2004	316
2004	308
2004	300
2004	286
2004	234
2004	226
2004	216
2004	195
2004	147
2004	118
2004	108
2004	96
2004	92
2004	81
2004	81
2004	79
2004	76
2004	51
2004	45
2004	30
2004	21
2004	13
2004	10
2004	2
2005	7006279
2005	4255240
2005	4130703
2005	3422068
2005	2818777
2005	2768300
2005	1991364
2005	1565177
2005	972761
2005	700000
2005	598690
2005	485176
2005	484629
2005	375927
2005	360148
2005	278747
2005	220245
2005	219000
2005	198980
2005	166416
2005	134163
2005	129170
2005	128400
2005	123650
2005	100319
2005	87803
2005	79066
2005	69421
2005	68333
2005	67341
2005	66139
2005	55332
2005	54737
2005	49428
2005	47942
2005	38158
2005	33148
2005	29116
2005	24291
2005	24000
2005	23719
2005	23178
2005	21021
2005	20657
2005	19348
2005	19063
2005	18061
2005	16938
2005	16513
2005	16341
2005	14733
2005	14166
2005	13465
2005	12580
2005	11274
2005	10527
2005	10036
2005	8979
2005	8878
2005	8182
2005	8101
2005	7878
2005	7850
2005	7286
2005	7229
2005	6602
2005	6303
2005	5865
2005	5692
2005	5617
2005	5397
2005	5316
2005	5052
2005	4917
2005	4144
2005	3600
2005	3457
2005	3397
2005	3389
2005	3113
2005	2771
2005	2737
2005	2679
2005	2633
2005	2310
2005	2253
2005	2241
2005	2174
2005	2000
2005	1938
2005	1419
2005	1404
2005	1239
2005	1150
2005	1081
2005	1000
2005	996
2005	960
2005	954
2005	911
2005	896
2005	889
2005	759
2005	734
2005	718
2005	710
2005	705
2005	682
2005	679
2005	628
2005	525
2005	501
2005	480
2005	447
2005	383
2005	300
2005	266
2005	265
2005	237
2005	231
2005	154
2005	153
2005	131
2005	104
2005	100
2005	80
2005	61
2005	58
2005	57
2005	28
2005	24
2005	23
2005	22
2005	15
2005	4
2006	8716499
2006	4333137
2006	4174110
2006	3423670
2006	3092400
2006	2756401
2006	2039404
2006	1373589
2006	626528
2006	566000
2006	490723
2006	476544
2006	405871
2006	393177
2006	330663
2006	294570
2006	229000
2006	219070
2006	201190
2006	171810
2006	163152
2006	134658
2006	133185
2006	127072
2006	123925
2006	94162
2006	78357
2006	75068
2006	71938
2006	71528
2006	69682
2006	65611
2006	54453
2006	52252
2006	44894
2006	43844
2006	32303
2006	31467
2006	30598
2006	25850
2006	25527
2006	25000
2006	24184
2006	23435
2006	22480
2006	21923
2006	21689
2006	18995
2006	18699
2006	16572
2006	13789
2006	11992
2006	10546
2006	10527
2006	10408
2006	10388
2006	10030
2006	9895
2006	9251
2006	8451
2006	8182
2006	7983
2006	7848
2006	7705
2006	7628
2006	7138
2006	7105
2006	6915
2006	6578
2006	6278
2006	6210
2006	5980
2006	5617
2006	5522
2006	5300
2006	4376
2006	4120
2006	4050
2006	3422
2006	2920
2006	2744
2006	2666
2006	2620
2006	2598
2006	2485
2006	2370
2006	2301
2006	2100
2006	2000
2006	1738
2006	1509
2006	1353
2006	1200
2006	1109
2006	1032
2006	1000
2006	979
2006	925
2006	909
2006	881
2006	878
2006	775
2006	764
2006	753
2006	741
2006	716
2006	710
2006	705
2006	666
2006	648
2006	637
2006	546
2006	536
2006	507
2006	507
2006	455
2006	386
2006	378
2006	301
2006	300
2006	297
2006	234
2006	166
2006	144
2006	103
2006	97
2006	61
2006	58
2006	54
2006	45
2006	31
2006	13
2006	2
2006	1
2007	8772581
2007	4554066
2007	4337100
2007	3432686
2007	3145100
2007	2987660
2007	2161782
2007	1320836
2007	672700
2007	633000
2007	556075
2007	507059
2007	426176
2007	403432
2007	369725
2007	311351
2007	288600
2007	227265
2007	220062
2007	195360
2007	166902
2007	135503
2007	94197
2007	93475
2007	86708
2007	77297
2007	73427
2007	73097
2007	71270
2007	67836
2007	66486
2007	53285
2007	52533
2007	43083
2007	36469
2007	34136
2007	30857
2007	29742
2007	29070
2007	26880
2007	26000
2007	24174
2007	23307
2007	23133
2007	22935
2007	22921
2007	22471
2007	18315
2007	17998
2007	15088
2007	13934
2007	13933
2007	12946
2007	10883
2007	10300
2007	9613
2007	9522
2007	9399
2007	8500
2007	8344
2007	8182
2007	8106
2007	8019
2007	7308
2007	7111
2007	7077
2007	6906
2007	6508
2007	6362
2007	6203
2007	6142
2007	6109
2007	5700
2007	5554
2007	5117
2007	4346
2007	3718
2007	3547
2007	3395
2007	3300
2007	2946
2007	2767
2007	2406
2007	2314
2007	2117
2007	2077
2007	2008
2007	1880
2007	1800
2007	1630
2007	1530
2007	1500
2007	1479
2007	1421
2007	1267
2007	1239
2007	1173
2007	1026
2007	984
2007	955
2007	934
2007	900
2007	888
2007	840
2007	742
2007	710
2007	644
2007	632
2007	631
2007	531
2007	527
2007	474
2007	435
2007	346
2007	340
2007	314
2007	306
2007	300
2007	264
2007	258
2007	244
2007	147
2007	143
2007	117
2007	103
2007	80
2007	72
2007	64
2007	58
2007	42
2007	19
2007	18
2007	12
2007	7
2007	3
2008	8899778
2008	4662919
2008	4463100
2008	3698299
2008	3257300
2008	3082050
2008	2341314
2008	1437935
2008	717547
2008	543985
2008	532000
2008	507162
2008	419463
2008	414652
2008	331853
2008	287457
2008	269532
2008	252200
2008	239570
2008	211421
2008	208560
2008	148496
2008	143100
2008	108550
2008	107984
2008	84625
2008	80332
2008	75085
2008	70673
2008	69831
2008	54353
2008	54308
2008	47043
2008	43682
2008	43679
2008	40529
2008	38995
2008	36757
2008	32383
2008	30000
2008	27922
2008	27519
2008	26602
2008	26025
2008	25350
2008	23355
2008	22549
2008	20643
2008	16962
2008	16883
2008	14768
2008	14178
2008	13646
2008	12136
2008	11938
2008	9940
2008	9867
2008	9722
2008	9580
2008	9213
2008	8596
2008	8554
2008	8552
2008	8451
2008	8181
2008	7532
2008	7523
2008	7438
2008	6748
2008	6340
2008	6104
2008	6040
2008	5900
2008	5546
2008	5385
2008	4066
2008	3949
2008	3729
2008	3637
2008	3447
2008	3345
2008	3300
2008	3215
2008	2947
2008	2594
2008	2306
2008	2254
2008	2126
2008	1899
2008	1600
2008	1530
2008	1403
2008	1325
2008	1249
2008	1238
2008	1216
2008	1200
2008	1100
2008	989
2008	959
2008	885
2008	864
2008	720
2008	710
2008	695
2008	691
2008	687
2008	586
2008	580
2008	560
2008	471
2008	445
2008	412
2008	391
2008	359
2008	330
2008	329
2008	321
2008	300
2008	295
2008	221
2008	176
2008	147
2008	117
2008	84
2008	80
2008	63
2008	60
2008	43
2008	37
2008	24
2008	17
2008	12
2008	6
2008	1
2009	9064217
2009	4958109
2009	4011000
2009	3714584
2009	3268200
2009	2994259
2009	2388200
2009	1508836
2009	1441904
2009	758587
2009	687000
2009	612713
2009	575790
2009	394251
2009	335201
2009	329467
2009	244000
2009	223310
2009	209019
2009	206545
2009	164463
2009	157240
2009	128799
2009	116800
2009	112332
2009	94214
2009	80211
2009	78980
2009	77045
2009	75331
2009	71745
2009	68323
2009	55126
2009	52079
2009	50112
2009	45068
2009	43142
2009	39609
2009	39438
2009	35828
2009	30480
2009	30000
2009	29749
2009	27675
2009	25760
2009	25448
2009	23350
2009	23002
2009	20301
2009	17644
2009	16922
2009	15724
2009	15026
2009	14583
2009	12577
2009	12141
2009	12066
2009	11749
2009	11534
2009	11356
2009	11092
2009	10961
2009	10260
2009	9095
2009	9058
2009	8181
2009	7626
2009	7474
2009	6748
2009	6285
2009	6100
2009	6046
2009	5910
2009	4824
2009	4587
2009	4525
2009	4080
2009	3991
2009	3926
2009	3878
2009	3800
2009	3604
2009	3599
2009	3004
2009	2959
2009	2781
2009	2455
2009	2162
2009	2136
2009	1956
2009	1870
2009	1635
2009	1618
2009	1600
2009	1504
2009	1376
2009	1300
2009	1300
2009	1228
2009	982
2009	888
2009	745
2009	710
2009	690
2009	652
2009	630
2009	606
2009	582
2009	529
2009	491
2009	488
2009	396
2009	381
2009	348
2009	345
2009	318
2009	300
2009	285
2009	280
2009	276
2009	265
2009	232
2009	224
2009	147
2009	117
2009	80
2009	75
2009	68
2009	64
2009	58
2009	37
2009	27
2009	18
2009	4
2009	2
