1961	619
1961	557
1961	468
1961	460
1961	458
1961	449
1961	448
1961	442
1961	431
1961	400
1961	385
1961	377
1961	366
1961	362
1961	357
1961	354
1961	347
1961	347
1961	341
1961	333
1961	330
1961	317
1961	315
1961	312
1961	304
1961	302
1961	291
1961	285
1961	283
1961	281
1961	275
1961	269
1961	269
1961	269
1961	262
1961	260
1961	248
1961	247
1961	245
1961	234
1961	233
1961	232
1961	228
1961	225
1961	217
1961	217
1961	210
1961	210
1961	197
1961	195
1961	192
1961	190
1961	186
1961	185
1961	184
1961	181
1961	179
1961	176
1961	175
1961	173
1961	172
1961	165
1961	159
1961	158
1961	152
1961	150
1961	148
1961	142
1961	135
1961	134
1961	130
1961	126
1961	121
1961	121
1961	121
1961	103
1961	98
1961	97
1961	95
1961	92
1961	89
1961	85
1961	84
1961	82
1961	82
1961	77
1961	76
1961	75
1961	62
1961	61
1961	57
1961	57
1961	57
1961	55
1961	49
1961	48
1961	47
1961	46
1961	44
1961	41
1961	39
1961	36
1961	35
1961	35
1961	34
1961	34
1961	32
1961	32
1961	32
1961	32
1961	32
1961	31
1961	31
1961	30
1961	29
1961	27
1961	23
1961	23
1961	21
1961	21
1961	20
1961	19
1961	17
1961	17
1961	14
1961	14
1961	12
1961	11
1961	11
1961	11
1961	9
1961	9
1961	8
1961	8
1961	8
1961	7
1961	7
1961	6
1961	6
1961	6
1961	5
1961	4
1961	4
1961	4
1961	4
1961	4
1961	4
1961	3
1961	3
1961	3
1961	2
1961	1
1962	592
1962	575
1962	457
1962	455
1962	449
1962	446
1962	444
1962	436
1962	422
1962	398
1962	392
1962	382
1962	368
1962	363
1962	353
1962	353
1962	351
1962	345
1962	343
1962	319
1962	318
1962	313
1962	308
1962	301
1962	296
1962	291
1962	281
1962	279
1962	278
1962	278
1962	274
1962	264
1962	260
1962	258
1962	252
1962	250
1962	244
1962	243
1962	240
1962	236
1962	235
1962	228
1962	228
1962	224
1962	220
1962	213
1962	211
1962	210
1962	204
1962	204
1962	204
1962	203
1962	193
1962	192
1962	192
1962	190
1962	188
1962	186
1962	179
1962	172
1962	170
1962	163
1962	162
1962	160
1962	159
1962	153
1962	148
1962	142
1962	140
1962	137
1962	133
1962	128
1962	127
1962	125
1962	122
1962	110
1962	105
1962	103
1962	101
1962	94
1962	88
1962	85
1962	84
1962	82
1962	79
1962	77
1962	76
1962	73
1962	64
1962	63
1962	60
1962	56
1962	55
1962	55
1962	49
1962	46
1962	45
1962	44
1962	43
1962	40
1962	38
1962	38
1962	35
1962	35
1962	35
1962	35
1962	35
1962	34
1962	32
1962	32
1962	31
1962	31
1962	29
1962	28
1962	27
1962	26
1962	26
1962	26
1962	24
1962	23
1962	23
1962	19
1962	19
1962	16
1962	15
1962	14
1962	12
1962	11
1962	11
1962	11
1962	11
1962	9
1962	9
1962	9
1962	8
1962	8
1962	8
1962	8
1962	7
1962	7
1962	6
1962	6
1962	5
1962	5
1962	5
1962	4
1962	4
1962	4
1962	3
1962	2
1962	2
1962	1
1963	604
1963	577
1963	461
1963	456
1963	455
1963	453
1963	447
1963	433
1963	417
1963	398
1963	366
1963	364
1963	364
1963	358
1963	353
1963	348
1963	342
1963	336
1963	330
1963	321
1963	317
1963	311
1963	304
1963	297
1963	295
1963	290
1963	286
1963	284
1963	282
1963	277
1963	275
1963	275
1963	269
1963	261
1963	259
1963	257
1963	254
1963	249
1963	245
1963	238
1963	232
1963	231
1963	228
1963	219
1963	216
1963	211
1963	208
1963	203
1963	200
1963	196
1963	195
1963	195
1963	194
1963	188
1963	185
1963	185
1963	184
1963	183
1963	176
1963	170
1963	170
1963	170
1963	164
1963	158
1963	156
1963	154
1963	153
1963	151
1963	151
1963	132
1963	128
1963	125
1963	125
1963	125
1963	121
1963	115
1963	106
1963	102
1963	100
1963	99
1963	92
1963	86
1963	86
1963	85
1963	79
1963	79
1963	78
1963	77
1963	75
1963	70
1963	64
1963	63
1963	59
1963	53
1963	52
1963	49
1963	49
1963	44
1963	43
1963	42
1963	42
1963	40
1963	39
1963	39
1963	38
1963	35
1963	35
1963	35
1963	33
1963	33
1963	33
1963	32
1963	32
1963	30
1963	28
1963	28
1963	28
1963	28
1963	27
1963	25
1963	25
1963	24
1963	21
1963	20
1963	19
1963	17
1963	17
1963	14
1963	14
1963	13
1963	13
1963	12
1963	11
1963	10
1963	10
1963	10
1963	9
1963	8
1963	7
1963	6
1963	6
1963	6
1963	5
1963	5
1963	5
1963	5
1963	4
1963	4
1963	3
1963	3
1963	2
1963	1
1964	601
1964	589
1964	460
1964	459
1964	458
1964	457
1964	455
1964	439
1964	427
1964	399
1964	377
1964	374
1964	366
1964	356
1964	350
1964	342
1964	338
1964	332
1964	331
1964	326
1964	323
1964	319
1964	319
1964	316
1964	307
1964	299
1964	296
1964	295
1964	291
1964	290
1964	284
1964	283
1964	272
1964	269
1964	266
1964	265
1964	264
1964	264
1964	251
1964	245
1964	231
1964	220
1964	218
1964	210
1964	208
1964	201
1964	199
1964	199
1964	195
1964	195
1964	195
1964	195
1964	194
1964	194
1964	193
1964	191
1964	189
1964	188
1964	185
1964	184
1964	180
1964	170
1964	167
1964	163
1964	162
1964	156
1964	154
1964	142
1964	137
1964	134
1964	132
1964	129
1964	125
1964	124
1964	122
1964	121
1964	114
1964	107
1964	107
1964	105
1964	103
1964	102
1964	93
1964	88
1964	84
1964	83
1964	80
1964	78
1964	76
1964	75
1964	73
1964	57
1964	55
1964	54
1964	50
1964	48
1964	47
1964	46
1964	43
1964	43
1964	41
1964	41
1964	41
1964	41
1964	40
1964	39
1964	38
1964	37
1964	36
1964	36
1964	34
1964	34
1964	32
1964	32
1964	32
1964	31
1964	31
1964	31
1964	29
1964	27
1964	23
1964	19
1964	19
1964	17
1964	15
1964	14
1964	14
1964	14
1964	13
1964	12
1964	11
1964	11
1964	11
1964	10
1964	10
1964	9
1964	8
1964	7
1964	7
1964	7
1964	6
1964	6
1964	5
1964	5
1964	4
1964	3
1964	3
1964	3
1964	2
1964	2
1964	1
1965	761
1965	606
1965	572
1965	473
1965	460
1965	460
1965	453
1965	449
1965	438
1965	427
1965	406
1965	381
1965	380
1965	359
1965	358
1965	357
1965	354
1965	349
1965	348
1965	347
1965	320
1965	317
1965	317
1965	314
1965	314
1965	309
1965	308
1965	298
1965	293
1965	290
1965	286
1965	286
1965	283
1965	275
1965	273
1965	266
1965	264
1965	257
1965	256
1965	248
1965	243
1965	238
1965	232
1965	230
1965	220
1965	217
1965	212
1965	207
1965	204
1965	201
1965	200
1965	198
1965	196
1965	196
1965	195
1965	188
1965	186
1965	181
1965	180
1965	173
1965	171
1965	165
1965	161
1965	156
1965	154
1965	153
1965	150
1965	149
1965	145
1965	144
1965	129
1965	128
1965	124
1965	121
1965	119
1965	116
1965	110
1965	102
1965	101
1965	100
1965	97
1965	95
1965	91
1965	91
1965	90
1965	89
1965	83
1965	79
1965	78
1965	74
1965	72
1965	63
1965	63
1965	60
1965	58
1965	52
1965	51
1965	50
1965	50
1965	47
1965	47
1965	46
1965	45
1965	44
1965	43
1965	42
1965	42
1965	41
1965	40
1965	40
1965	39
1965	35
1965	35
1965	34
1965	33
1965	33
1965	32
1965	31
1965	28
1965	27
1965	25
1965	24
1965	23
1965	22
1965	18
1965	18
1965	18
1965	16
1965	15
1965	13
1965	12
1965	12
1965	12
1965	12
1965	11
1965	11
1965	10
1965	9
1965	9
1965	8
1965	8
1965	7
1965	7
1965	6
1965	5
1965	5
1965	4
1965	4
1965	2
1965	2
1965	2
1965	1
1966	801
1966	623
1966	588
1966	471
1966	460
1966	455
1966	448
1966	427
1966	418
1966	409
1966	400
1966	392
1966	386
1966	358
1966	353
1966	345
1966	339
1966	339
1966	338
1966	332
1966	329
1966	323
1966	322
1966	320
1966	310
1966	303
1966	295
1966	294
1966	293
1966	287
1966	283
1966	282
1966	273
1966	271
1966	269
1966	265
1966	263
1966	248
1966	243
1966	236
1966	229
1966	224
1966	219
1966	217
1966	215
1966	211
1966	211
1966	210
1966	206
1966	206
1966	201
1966	199
1966	193
1966	189
1966	184
1966	184
1966	183
1966	180
1966	177
1966	171
1966	170
1966	170
1966	167
1966	167
1966	167
1966	157
1966	149
1966	147
1966	145
1966	142
1966	142
1966	139
1966	125
1966	122
1966	118
1966	112
1966	111
1966	110
1966	106
1966	104
1966	101
1966	96
1966	95
1966	93
1966	90
1966	89
1966	89
1966	87
1966	79
1966	78
1966	71
1966	69
1966	66
1966	65
1966	63
1966	56
1966	55
1966	51
1966	51
1966	47
1966	47
1966	46
1966	45
1966	43
1966	42
1966	42
1966	42
1966	42
1966	40
1966	40
1966	40
1966	38
1966	36
1966	34
1966	32
1966	31
1966	30
1966	30
1966	28
1966	27
1966	25
1966	24
1966	23
1966	20
1966	19
1966	19
1966	17
1966	17
1966	16
1966	16
1966	16
1966	15
1966	14
1966	13
1966	13
1966	12
1966	12
1966	10
1966	10
1966	10
1966	10
1966	9
1966	8
1966	8
1966	7
1966	7
1966	6
1966	4
1966	4
1966	3
1966	3
1966	2
1967	754
1967	588
1967	584
1967	485
1967	472
1967	461
1967	440
1967	422
1967	416
1967	415
1967	415
1967	404
1967	385
1967	370
1967	359
1967	341
1967	337
1967	335
1967	332
1967	331
1967	330
1967	329
1967	318
1967	315
1967	304
1967	302
1967	298
1967	289
1967	286
1967	283
1967	282
1967	275
1967	271
1967	268
1967	268
1967	267
1967	255
1967	253
1967	249
1967	237
1967	235
1967	233
1967	220
1967	215
1967	211
1967	210
1967	210
1967	209
1967	203
1967	203
1967	202
1967	201
1967	192
1967	189
1967	185
1967	184
1967	182
1967	177
1967	176
1967	175
1967	172
1967	164
1967	163
1967	163
1967	161
1967	158
1967	158
1967	155
1967	154
1967	153
1967	146
1967	140
1967	136
1967	127
1967	126
1967	119
1967	117
1967	112
1967	111
1967	109
1967	108
1967	102
1967	100
1967	94
1967	90
1967	89
1967	88
1967	88
1967	88
1967	84
1967	76
1967	73
1967	73
1967	71
1967	71
1967	61
1967	61
1967	58
1967	55
1967	54
1967	52
1967	50
1967	49
1967	49
1967	47
1967	45
1967	44
1967	42
1967	42
1967	40
1967	40
1967	39
1967	37
1967	36
1967	35
1967	32
1967	29
1967	28
1967	28
1967	27
1967	27
1967	24
1967	23
1967	19
1967	17
1967	16
1967	16
1967	15
1967	15
1967	14
1967	14
1967	12
1967	11
1967	11
1967	10
1967	10
1967	9
1967	9
1967	9
1967	9
1967	8
1967	8
1967	7
1967	7
1967	6
1967	5
1967	5
1967	3
1967	3
1967	3
1967	3
1967	2
1968	703
1968	609
1968	576
1968	476
1968	471
1968	468
1968	441
1968	420
1968	418
1968	417
1968	410
1968	402
1968	386
1968	379
1968	365
1968	357
1968	354
1968	352
1968	349
1968	341
1968	335
1968	331
1968	331
1968	331
1968	318
1968	318
1968	317
1968	297
1968	293
1968	286
1968	282
1968	273
1968	271
1968	268
1968	265
1968	255
1968	253
1968	251
1968	245
1968	244
1968	231
1968	217
1968	215
1968	211
1968	209
1968	208
1968	207
1968	207
1968	204
1968	201
1968	198
1968	198
1968	196
1968	193
1968	191
1968	184
1968	182
1968	181
1968	180
1968	173
1968	172
1968	169
1968	162
1968	161
1968	161
1968	154
1968	154
1968	152
1968	151
1968	145
1968	142
1968	137
1968	136
1968	134
1968	124
1968	122
1968	118
1968	115
1968	111
1968	108
1968	105
1968	105
1968	101
1968	97
1968	96
1968	94
1968	93
1968	90
1968	89
1968	88
1968	87
1968	82
1968	77
1968	66
1968	61
1968	59
1968	59
1968	58
1968	56
1968	55
1968	51
1968	50
1968	50
1968	50
1968	45
1968	43
1968	43
1968	42
1968	42
1968	42
1968	41
1968	41
1968	40
1968	40
1968	39
1968	37
1968	32
1968	31
1968	30
1968	27
1968	27
1968	26
1968	24
1968	22
1968	22
1968	22
1968	20
1968	20
1968	19
1968	19
1968	16
1968	15
1968	15
1968	14
1968	12
1968	12
1968	12
1968	11
1968	9
1968	9
1968	9
1968	8
1968	8
1968	7
1968	7
1968	6
1968	5
1968	5
1968	5
1968	3
1968	3
1968	2
1969	684
1969	608
1969	569
1969	483
1969	476
1969	449
1969	442
1969	438
1969	429
1969	415
1969	408
1969	401
1969	395
1969	385
1969	380
1969	380
1969	365
1969	355
1969	337
1969	337
1969	322
1969	322
1969	318
1969	316
1969	315
1969	313
1969	312
1969	306
1969	302
1969	295
1969	276
1969	274
1969	272
1969	270
1969	263
1969	255
1969	253
1969	250
1969	249
1969	241
1969	240
1969	238
1969	225
1969	219
1969	216
1969	206
1969	203
1969	201
1969	198
1969	197
1969	195
1969	194
1969	192
1969	189
1969	184
1969	184
1969	182
1969	182
1969	180
1969	178
1969	175
1969	174
1969	172
1969	168
1969	158
1969	154
1969	154
1969	153
1969	146
1969	146
1969	143
1969	143
1969	141
1969	135
1969	131
1969	124
1969	123
1969	123
1969	119
1969	113
1969	108
1969	106
1969	103
1969	101
1969	101
1969	100
1969	99
1969	98
1969	97
1969	90
1969	89
1969	86
1969	85
1969	77
1969	67
1969	67
1969	62
1969	61
1969	58
1969	54
1969	54
1969	54
1969	51
1969	50
1969	50
1969	48
1969	47
1969	47
1969	44
1969	43
1969	43
1969	42
1969	42
1969	41
1969	41
1969	40
1969	38
1969	36
1969	35
1969	33
1969	29
1969	29
1969	28
1969	27
1969	26
1969	25
1969	24
1969	23
1969	21
1969	18
1969	17
1969	17
1969	14
1969	14
1969	13
1969	13
1969	12
1969	12
1969	11
1969	10
1969	10
1969	10
1969	10
1969	9
1969	9
1969	8
1969	7
1969	4
1969	4
1969	4
1969	4
1969	3
1969	2
1970	673
1970	598
1970	551
1970	504
1970	486
1970	456
1970	440
1970	438
1970	424
1970	419
1970	414
1970	410
1970	385
1970	383
1970	374
1970	356
1970	354
1970	351
1970	344
1970	338
1970	336
1970	329
1970	328
1970	328
1970	315
1970	312
1970	311
1970	305
1970	292
1970	279
1970	277
1970	267
1970	266
1970	256
1970	254
1970	253
1970	252
1970	247
1970	245
1970	244
1970	239
1970	230
1970	227
1970	216
1970	208
1970	207
1970	203
1970	201
1970	200
1970	196
1970	194
1970	192
1970	192
1970	191
1970	187
1970	185
1970	182
1970	181
1970	180
1970	176
1970	173
1970	172
1970	170
1970	168
1970	158
1970	157
1970	156
1970	149
1970	146
1970	144
1970	144
1970	139
1970	132
1970	131
1970	128
1970	127
1970	125
1970	112
1970	110
1970	109
1970	108
1970	107
1970	105
1970	102
1970	100
1970	99
1970	99
1970	95
1970	93
1970	89
1970	89
1970	86
1970	80
1970	78
1970	76
1970	74
1970	71
1970	65
1970	64
1970	58
1970	56
1970	56
1970	56
1970	55
1970	53
1970	51
1970	50
1970	50
1970	49
1970	48
1970	45
1970	44
1970	43
1970	42
1970	42
1970	42
1970	41
1970	41
1970	40
1970	40
1970	35
1970	32
1970	30
1970	29
1970	29
1970	26
1970	24
1970	23
1970	22
1970	21
1970	20
1970	18
1970	18
1970	17
1970	16
1970	14
1970	14
1970	13
1970	13
1970	12
1970	12
1970	12
1970	11
1970	11
1970	10
1970	10
1970	8
1970	8
1970	7
1970	6
1970	6
1970	5
1970	4
1971	723
1971	604
1971	546
1971	501
1971	493
1971	455
1971	446
1971	442
1971	438
1971	417
1971	404
1971	403
1971	398
1971	388
1971	376
1971	371
1971	358
1971	333
1971	330
1971	328
1971	328
1971	326
1971	316
1971	314
1971	310
1971	310
1971	308
1971	306
1971	296
1971	279
1971	274
1971	257
1971	255
1971	253
1971	253
1971	251
1971	247
1971	247
1971	242
1971	236
1971	230
1971	227
1971	224
1971	217
1971	206
1971	205
1971	204
1971	204
1971	199
1971	199
1971	198
1971	197
1971	196
1971	194
1971	193
1971	185
1971	183
1971	180
1971	179
1971	179
1971	174
1971	173
1971	172
1971	170
1971	167
1971	162
1971	158
1971	154
1971	150
1971	149
1971	149
1971	143
1971	136
1971	134
1971	130
1971	129
1971	129
1971	122
1971	113
1971	112
1971	112
1971	102
1971	102
1971	101
1971	97
1971	96
1971	94
1971	91
1971	91
1971	90
1971	89
1971	87
1971	86
1971	86
1971	79
1971	77
1971	64
1971	64
1971	62
1971	59
1971	59
1971	58
1971	57
1971	56
1971	55
1971	53
1971	53
1971	52
1971	52
1971	49
1971	48
1971	47
1971	47
1971	46
1971	42
1971	42
1971	41
1971	39
1971	38
1971	37
1971	36
1971	34
1971	34
1971	32
1971	31
1971	27
1971	23
1971	23
1971	22
1971	19
1971	19
1971	18
1971	17
1971	17
1971	16
1971	16
1971	15
1971	15
1971	14
1971	14
1971	11
1971	11
1971	10
1971	10
1971	9
1971	8
1971	8
1971	8
1971	7
1971	5
1971	5
1971	4
1971	4
1971	4
1972	783
1972	606
1972	553
1972	511
1972	473
1972	473
1972	445
1972	442
1972	440
1972	419
1972	407
1972	400
1972	398
1972	388
1972	385
1972	372
1972	366
1972	345
1972	341
1972	335
1972	329
1972	327
1972	322
1972	311
1972	310
1972	306
1972	300
1972	295
1972	276
1972	270
1972	262
1972	260
1972	260
1972	254
1972	254
1972	254
1972	246
1972	246
1972	244
1972	235
1972	226
1972	224
1972	222
1972	219
1972	208
1972	207
1972	201
1972	199
1972	198
1972	195
1972	191
1972	191
1972	191
1972	190
1972	184
1972	182
1972	180
1972	178
1972	175
1972	173
1972	173
1972	172
1972	172
1972	170
1972	163
1972	160
1972	159
1972	155
1972	152
1972	147
1972	146
1972	146
1972	146
1972	139
1972	139
1972	132
1972	126
1972	125
1972	123
1972	114
1972	111
1972	108
1972	104
1972	101
1972	101
1972	101
1972	100
1972	99
1972	94
1972	91
1972	90
1972	87
1972	86
1972	85
1972	83
1972	68
1972	67
1972	65
1972	64
1972	62
1972	61
1972	60
1972	59
1972	58
1972	55
1972	55
1972	55
1972	54
1972	53
1972	53
1972	49
1972	49
1972	48
1972	47
1972	44
1972	43
1972	42
1972	41
1972	40
1972	37
1972	33
1972	33
1972	33
1972	29
1972	27
1972	26
1972	25
1972	25
1972	24
1972	23
1972	20
1972	18
1972	18
1972	18
1972	17
1972	16
1972	16
1972	16
1972	15
1972	15
1972	14
1972	13
1972	12
1972	11
1972	11
1972	10
1972	9
1972	7
1972	6
1972	6
1972	6
1972	5
1972	5
1972	4
1973	1042
1973	591
1973	536
1973	522
1973	489
1973	477
1973	457
1973	442
1973	434
1973	432
1973	430
1973	416
1973	398
1973	393
1973	390
1973	390
1973	380
1973	377
1973	369
1973	353
1973	337
1973	335
1973	325
1973	322
1973	315
1973	305
1973	298
1973	294
1973	284
1973	280
1973	275
1973	263
1973	261
1973	256
1973	254
1973	252
1973	247
1973	235
1973	234
1973	233
1973	221
1973	218
1973	215
1973	211
1973	208
1973	207
1973	206
1973	201
1973	198
1973	198
1973	196
1973	194
1973	193
1973	191
1973	186
1973	185
1973	181
1973	178
1973	176
1973	172
1973	168
1973	165
1973	164
1973	164
1973	164
1973	161
1973	160
1973	158
1973	158
1973	156
1973	156
1973	144
1973	142
1973	139
1973	135
1973	130
1973	127
1973	126
1973	121
1973	117
1973	116
1973	115
1973	115
1973	113
1973	110
1973	110
1973	108
1973	100
1973	100
1973	99
1973	97
1973	90
1973	89
1973	88
1973	84
1973	78
1973	72
1973	69
1973	68
1973	67
1973	65
1973	65
1973	60
1973	57
1973	57
1973	56
1973	55
1973	53
1973	52
1973	51
1973	50
1973	49
1973	48
1973	46
1973	46
1973	45
1973	45
1973	44
1973	44
1973	42
1973	40
1973	38
1973	38
1973	35
1973	32
1973	32
1973	27
1973	26
1973	24
1973	21
1973	20
1973	20
1973	19
1973	18
1973	18
1973	16
1973	16
1973	15
1973	15
1973	15
1973	14
1973	13
1973	13
1973	11
1973	8
1973	6
1973	6
1973	6
1973	6
1973	6
1973	6
1973	5
1973	4
1973	4
1974	983
1974	583
1974	558
1974	517
1974	481
1974	459
1974	455
1974	443
1974	428
1974	427
1974	418
1974	411
1974	394
1974	389
1974	387
1974	381
1974	375
1974	369
1974	351
1974	346
1974	331
1974	329
1974	323
1974	312
1974	306
1974	298
1974	293
1974	287
1974	286
1974	279
1974	271
1974	262
1974	256
1974	249
1974	248
1974	245
1974	239
1974	235
1974	231
1974	228
1974	220
1974	216
1974	215
1974	213
1974	207
1974	207
1974	205
1974	199
1974	197
1974	192
1974	189
1974	188
1974	187
1974	184
1974	183
1974	182
1974	179
1974	179
1974	179
1974	174
1974	171
1974	170
1974	168
1974	166
1974	164
1974	160
1974	160
1974	157
1974	156
1974	154
1974	146
1974	141
1974	139
1974	135
1974	129
1974	126
1974	124
1974	118
1974	117
1974	115
1974	113
1974	113
1974	112
1974	109
1974	106
1974	106
1974	106
1974	105
1974	95
1974	90
1974	89
1974	87
1974	86
1974	84
1974	81
1974	79
1974	78
1974	73
1974	67
1974	67
1974	65
1974	64
1974	58
1974	58
1974	57
1974	57
1974	56
1974	54
1974	53
1974	52
1974	52
1974	50
1974	49
1974	48
1974	48
1974	45
1974	44
1974	43
1974	42
1974	40
1974	38
1974	36
1974	36
1974	35
1974	34
1974	31
1974	27
1974	22
1974	22
1974	21
1974	20
1974	18
1974	17
1974	16
1974	14
1974	12
1974	10
1974	10
1974	10
1974	9
1974	9
1974	9
1974	8
1974	7
1974	7
1974	6
1974	6
1974	5
1974	5
1974	4
1974	4
1974	4
1974	3
1974	2
1975	948
1975	578
1975	544
1975	519
1975	478
1975	469
1975	462
1975	443
1975	443
1975	424
1975	408
1975	404
1975	382
1975	381
1975	379
1975	378
1975	369
1975	368
1975	355
1975	338
1975	334
1975	331
1975	323
1975	318
1975	316
1975	304
1975	297
1975	292
1975	283
1975	283
1975	266
1975	265
1975	262
1975	251
1975	250
1975	243
1975	236
1975	236
1975	231
1975	223
1975	217
1975	214
1975	214
1975	210
1975	208
1975	205
1975	195
1975	194
1975	193
1975	190
1975	189
1975	187
1975	187
1975	186
1975	178
1975	177
1975	176
1975	175
1975	173
1975	171
1975	170
1975	169
1975	167
1975	166
1975	165
1975	165
1975	162
1975	158
1975	158
1975	157
1975	156
1975	154
1975	154
1975	154
1975	143
1975	142
1975	137
1975	126
1975	125
1975	123
1975	118
1975	118
1975	114
1975	114
1975	113
1975	109
1975	107
1975	106
1975	104
1975	99
1975	96
1975	89
1975	87
1975	85
1975	80
1975	78
1975	78
1975	72
1975	72
1975	66
1975	65
1975	65
1975	62
1975	59
1975	57
1975	56
1975	55
1975	55
1975	54
1975	53
1975	52
1975	52
1975	49
1975	49
1975	47
1975	45
1975	44
1975	43
1975	41
1975	39
1975	37
1975	36
1975	32
1975	32
1975	30
1975	30
1975	29
1975	25
1975	24
1975	22
1975	20
1975	19
1975	17
1975	17
1975	14
1975	14
1975	13
1975	12
1975	9
1975	9
1975	8
1975	8
1975	7
1975	7
1975	6
1975	6
1975	6
1975	5
1975	4
1975	4
1975	4
1975	2
1975	1
1975	1
1976	1017
1976	580
1976	550
1976	521
1976	465
1976	462
1976	451
1976	449
1976	421
1976	413
1976	409
1976	409
1976	403
1976	398
1976	393
1976	380
1976	368
1976	365
1976	362
1976	345
1976	329
1976	329
1976	327
1976	322
1976	305
1976	291
1976	287
1976	285
1976	282
1976	279
1976	278
1976	273
1976	271
1976	253
1976	251
1976	251
1976	241
1976	237
1976	234
1976	228
1976	226
1976	224
1976	215
1976	214
1976	213
1976	212
1976	208
1976	207
1976	206
1976	205
1976	197
1976	197
1976	194
1976	190
1976	185
1976	182
1976	179
1976	178
1976	178
1976	177
1976	177
1976	172
1976	165
1976	165
1976	162
1976	160
1976	160
1976	154
1976	153
1976	152
1976	148
1976	144
1976	143
1976	134
1976	128
1976	128
1976	126
1976	126
1976	125
1976	120
1976	119
1976	117
1976	113
1976	113
1976	112
1976	112
1976	105
1976	104
1976	97
1976	95
1976	94
1976	90
1976	90
1976	78
1976	77
1976	73
1976	71
1976	64
1976	64
1976	64
1976	63
1976	61
1976	60
1976	60
1976	59
1976	58
1976	58
1976	55
1976	54
1976	53
1976	51
1976	50
1976	49
1976	47
1976	47
1976	45
1976	44
1976	42
1976	42
1976	41
1976	41
1976	36
1976	35
1976	31
1976	31
1976	29
1976	29
1976	28
1976	25
1976	23
1976	22
1976	19
1976	19
1976	17
1976	17
1976	17
1976	15
1976	13
1976	11
1976	10
1976	10
1976	9
1976	9
1976	8
1976	7
1976	6
1976	6
1976	6
1976	5
1976	5
1976	5
1976	1
1976	1
1977	1108
1977	568
1977	537
1977	528
1977	502
1977	459
1977	453
1977	448
1977	428
1977	425
1977	414
1977	405
1977	398
1977	395
1977	378
1977	373
1977	373
1977	373
1977	365
1977	356
1977	333
1977	332
1977	324
1977	321
1977	307
1977	301
1977	291
1977	283
1977	277
1977	277
1977	272
1977	267
1977	261
1977	254
1977	253
1977	240
1977	236
1977	236
1977	233
1977	229
1977	229
1977	222
1977	221
1977	218
1977	217
1977	216
1977	213
1977	212
1977	206
1977	204
1977	203
1977	195
1977	193
1977	192
1977	191
1977	190
1977	187
1977	182
1977	180
1977	180
1977	177
1977	175
1977	174
1977	167
1977	166
1977	165
1977	161
1977	160
1977	158
1977	158
1977	155
1977	151
1977	149
1977	145
1977	145
1977	142
1977	140
1977	134
1977	133
1977	132
1977	129
1977	123
1977	123
1977	120
1977	120
1977	113
1977	111
1977	106
1977	104
1977	104
1977	104
1977	104
1977	96
1977	96
1977	94
1977	79
1977	79
1977	77
1977	74
1977	73
1977	72
1977	71
1977	67
1977	65
1977	63
1977	63
1977	62
1977	60
1977	58
1977	57
1977	57
1977	57
1977	57
1977	53
1977	53
1977	46
1977	46
1977	45
1977	44
1977	44
1977	42
1977	40
1977	38
1977	32
1977	32
1977	31
1977	30
1977	30
1977	28
1977	28
1977	21
1977	19
1977	18
1977	17
1977	16
1977	15
1977	15
1977	13
1977	13
1977	12
1977	12
1977	11
1977	11
1977	10
1977	10
1977	9
1977	8
1977	6
1977	6
1977	6
1977	5
1977	4
1977	3
1978	1130
1978	564
1978	537
1978	533
1978	522
1978	466
1978	464
1978	448
1978	418
1978	414
1978	409
1978	405
1978	397
1978	397
1978	369
1978	369
1978	368
1978	368
1978	355
1978	354
1978	352
1978	344
1978	330
1978	323
1978	320
1978	318
1978	289
1978	287
1978	275
1978	268
1978	262
1978	257
1978	257
1978	251
1978	248
1978	240
1978	239
1978	236
1978	235
1978	233
1978	231
1978	226
1978	221
1978	220
1978	216
1978	215
1978	210
1978	209
1978	208
1978	202
1978	201
1978	196
1978	193
1978	192
1978	191
1978	191
1978	190
1978	189
1978	187
1978	182
1978	178
1978	177
1978	172
1978	172
1978	172
1978	169
1978	168
1978	166
1978	164
1978	157
1978	149
1978	148
1978	148
1978	146
1978	145
1978	141
1978	137
1978	133
1978	131
1978	131
1978	131
1978	128
1978	127
1978	122
1978	119
1978	113
1978	112
1978	109
1978	107
1978	106
1978	105
1978	105
1978	101
1978	99
1978	99
1978	93
1978	89
1978	87
1978	86
1978	85
1978	82
1978	80
1978	77
1978	68
1978	65
1978	64
1978	64
1978	64
1978	63
1978	62
1978	61
1978	59
1978	58
1978	58
1978	58
1978	55
1978	52
1978	51
1978	46
1978	46
1978	46
1978	46
1978	45
1978	44
1978	44
1978	42
1978	37
1978	30
1978	28
1978	26
1978	23
1978	21
1978	20
1978	19
1978	19
1978	19
1978	18
1978	16
1978	15
1978	14
1978	12
1978	12
1978	12
1978	11
1978	10
1978	9
1978	8
1978	8
1978	7
1978	6
1978	5
1978	4
1978	3
1979	1231
1979	565
1979	550
1979	534
1979	522
1979	489
1979	474
1979	444
1979	412
1979	407
1979	404
1979	402
1979	386
1979	384
1979	379
1979	378
1979	367
1979	367
1979	366
1979	363
1979	339
1979	327
1979	327
1979	320
1979	317
1979	295
1979	284
1979	274
1979	269
1979	262
1979	259
1979	256
1979	251
1979	247
1979	246
1979	241
1979	233
1979	232
1979	230
1979	230
1979	227
1979	226
1979	226
1979	221
1979	218
1979	218
1979	217
1979	217
1979	211
1979	211
1979	202
1979	202
1979	196
1979	194
1979	191
1979	190
1979	187
1979	184
1979	184
1979	180
1979	179
1979	177
1979	177
1979	169
1979	169
1979	161
1979	155
1979	155
1979	151
1979	148
1979	147
1979	147
1979	147
1979	145
1979	143
1979	142
1979	141
1979	137
1979	137
1979	136
1979	128
1979	124
1979	121
1979	116
1979	115
1979	113
1979	113
1979	109
1979	105
1979	103
1979	102
1979	100
1979	99
1979	95
1979	94
1979	86
1979	83
1979	80
1979	80
1979	77
1979	75
1979	74
1979	73
1979	72
1979	70
1979	67
1979	65
1979	65
1979	63
1979	63
1979	63
1979	61
1979	60
1979	60
1979	60
1979	57
1979	55
1979	50
1979	48
1979	48
1979	47
1979	45
1979	44
1979	41
1979	36
1979	35
1979	34
1979	33
1979	31
1979	30
1979	30
1979	26
1979	26
1979	20
1979	20
1979	18
1979	18
1979	18
1979	17
1979	16
1979	14
1979	13
1979	13
1979	12
1979	11
1979	11
1979	9
1979	9
1979	6
1979	5
1979	4
1979	4
1979	1
1979	1
1980	1317
1980	572
1980	568
1980	540
1980	536
1980	495
1980	476
1980	448
1980	425
1980	416
1980	410
1980	401
1980	395
1980	392
1980	377
1980	374
1980	370
1980	369
1980	368
1980	363
1980	354
1980	337
1980	323
1980	314
1980	310
1980	286
1980	283
1980	281
1980	273
1980	270
1980	269
1980	263
1980	262
1980	257
1980	250
1980	249
1980	241
1980	240
1980	238
1980	235
1980	234
1980	234
1980	225
1980	224
1980	221
1980	217
1980	215
1980	214
1980	214
1980	212
1980	211
1980	210
1980	209
1980	197
1980	193
1980	193
1980	193
1980	190
1980	189
1980	189
1980	186
1980	186
1980	179
1980	168
1980	164
1980	163
1980	160
1980	156
1980	155
1980	154
1980	150
1980	148
1980	147
1980	146
1980	145
1980	144
1980	139
1980	139
1980	136
1980	135
1980	124
1980	123
1980	120
1980	118
1980	117
1980	116
1980	116
1980	107
1980	104
1980	102
1980	102
1980	98
1980	96
1980	92
1980	92
1980	91
1980	91
1980	87
1980	82
1980	80
1980	80
1980	79
1980	77
1980	73
1980	71
1980	70
1980	69
1980	68
1980	67
1980	66
1980	66
1980	65
1980	64
1980	60
1980	59
1980	59
1980	56
1980	56
1980	52
1980	49
1980	49
1980	48
1980	47
1980	46
1980	45
1980	43
1980	42
1980	39
1980	32
1980	32
1980	29
1980	26
1980	24
1980	20
1980	20
1980	19
1980	18
1980	16
1980	16
1980	14
1980	14
1980	13
1980	12
1980	11
1980	11
1980	11
1980	10
1980	9
1980	9
1980	8
1980	6
1980	6
1980	6
1980	5
1981	1344
1981	574
1981	560
1981	536
1981	509
1981	471
1981	454
1981	451
1981	437
1981	417
1981	413
1981	408
1981	400
1981	388
1981	385
1981	383
1981	376
1981	375
1981	373
1981	369
1981	366
1981	343
1981	322
1981	310
1981	299
1981	287
1981	287
1981	282
1981	270
1981	262
1981	259
1981	258
1981	256
1981	249
1981	249
1981	247
1981	242
1981	242
1981	238
1981	227
1981	227
1981	226
1981	224
1981	221
1981	220
1981	218
1981	215
1981	213
1981	211
1981	210
1981	206
1981	205
1981	196
1981	194
1981	192
1981	191
1981	191
1981	189
1981	180
1981	177
1981	172
1981	171
1981	170
1981	167
1981	165
1981	163
1981	162
1981	159
1981	156
1981	155
1981	153
1981	151
1981	148
1981	148
1981	147
1981	144
1981	141
1981	137
1981	133
1981	130
1981	129
1981	127
1981	125
1981	123
1981	122
1981	119
1981	117
1981	114
1981	113
1981	110
1981	104
1981	103
1981	99
1981	98
1981	97
1981	95
1981	95
1981	93
1981	91
1981	89
1981	88
1981	87
1981	84
1981	80
1981	76
1981	74
1981	73
1981	68
1981	68
1981	63
1981	62
1981	60
1981	59
1981	58
1981	58
1981	55
1981	53
1981	52
1981	51
1981	51
1981	50
1981	49
1981	48
1981	47
1981	47
1981	47
1981	46
1981	43
1981	41
1981	40
1981	34
1981	32
1981	26
1981	26
1981	25
1981	24
1981	22
1981	21
1981	20
1981	20
1981	19
1981	19
1981	15
1981	13
1981	12
1981	12
1981	11
1981	10
1981	10
1981	10
1981	9
1981	7
1981	5
1981	4
1982	1302
1982	578
1982	546
1982	523
1982	500
1982	473
1982	460
1982	432
1982	421
1982	417
1982	413
1982	406
1982	391
1982	388
1982	384
1982	376
1982	373
1982	372
1982	367
1982	365
1982	350
1982	333
1982	327
1982	316
1982	306
1982	297
1982	287
1982	266
1982	265
1982	259
1982	252
1982	246
1982	244
1982	240
1982	240
1982	236
1982	234
1982	233
1982	227
1982	226
1982	223
1982	214
1982	214
1982	214
1982	213
1982	213
1982	212
1982	212
1982	208
1982	208
1982	207
1982	206
1982	205
1982	199
1982	197
1982	194
1982	189
1982	188
1982	183
1982	183
1982	181
1982	173
1982	171
1982	165
1982	159
1982	158
1982	153
1982	149
1982	147
1982	146
1982	144
1982	143
1982	143
1982	141
1982	140
1982	137
1982	136
1982	134
1982	133
1982	133
1982	131
1982	128
1982	126
1982	123
1982	122
1982	121
1982	117
1982	114
1982	112
1982	110
1982	108
1982	105
1982	104
1982	103
1982	102
1982	98
1982	98
1982	97
1982	97
1982	95
1982	83
1982	80
1982	77
1982	77
1982	74
1982	70
1982	70
1982	70
1982	66
1982	59
1982	58
1982	57
1982	57
1982	57
1982	57
1982	57
1982	56
1982	56
1982	56
1982	54
1982	53
1982	52
1982	50
1982	45
1982	42
1982	36
1982	35
1982	33
1982	32
1982	31
1982	29
1982	26
1982	25
1982	25
1982	25
1982	24
1982	23
1982	23
1982	22
1982	19
1982	17
1982	15
1982	14
1982	12
1982	12
1982	11
1982	11
1982	10
1982	10
1982	9
1982	9
1982	6
1982	5
1982	4
1983	1189
1983	615
1983	541
1983	531
1983	530
1983	468
1983	455
1983	452
1983	449
1983	427
1983	397
1983	395
1983	395
1983	391
1983	389
1983	387
1983	386
1983	370
1983	365
1983	360
1983	337
1983	329
1983	324
1983	309
1983	306
1983	305
1983	302
1983	296
1983	269
1983	264
1983	264
1983	252
1983	252
1983	251
1983	238
1983	238
1983	237
1983	234
1983	232
1983	232
1983	231
1983	224
1983	222
1983	220
1983	218
1983	218
1983	218
1983	217
1983	216
1983	213
1983	208
1983	207
1983	206
1983	203
1983	197
1983	195
1983	195
1983	193
1983	192
1983	192
1983	191
1983	188
1983	185
1983	178
1983	177
1983	171
1983	165
1983	160
1983	160
1983	159
1983	158
1983	151
1983	151
1983	147
1983	146
1983	143
1983	142
1983	139
1983	139
1983	139
1983	138
1983	136
1983	134
1983	133
1983	127
1983	127
1983	121
1983	120
1983	115
1983	113
1983	111
1983	110
1983	106
1983	106
1983	102
1983	102
1983	101
1983	99
1983	97
1983	96
1983	82
1983	79
1983	77
1983	76
1983	75
1983	73
1983	70
1983	64
1983	64
1983	62
1983	62
1983	62
1983	59
1983	59
1983	58
1983	57
1983	57
1983	55
1983	53
1983	52
1983	51
1983	49
1983	48
1983	48
1983	43
1983	33
1983	31
1983	31
1983	30
1983	29
1983	28
1983	26
1983	26
1983	21
1983	20
1983	20
1983	20
1983	19
1983	16
1983	15
1983	14
1983	12
1983	12
1983	10
1983	10
1983	10
1983	10
1983	9
1983	9
1983	9
1983	8
1983	6
1983	6
1983	5
1984	626
1984	565
1984	546
1984	529
1984	510
1984	461
1984	457
1984	457
1984	456
1984	422
1984	415
1984	412
1984	392
1984	391
1984	388
1984	373
1984	372
1984	369
1984	352
1984	346
1984	333
1984	331
1984	329
1984	315
1984	305
1984	302
1984	298
1984	271
1984	270
1984	264
1984	258
1984	257
1984	252
1984	252
1984	247
1984	247
1984	245
1984	235
1984	234
1984	232
1984	231
1984	226
1984	224
1984	223
1984	219
1984	218
1984	215
1984	213
1984	210
1984	210
1984	210
1984	208
1984	206
1984	205
1984	203
1984	200
1984	198
1984	198
1984	196
1984	193
1984	189
1984	186
1984	175
1984	170
1984	168
1984	167
1984	166
1984	164
1984	162
1984	162
1984	160
1984	158
1984	155
1984	155
1984	141
1984	139
1984	139
1984	136
1984	136
1984	135
1984	135
1984	134
1984	134
1984	132
1984	125
1984	122
1984	121
1984	121
1984	120
1984	118
1984	111
1984	107
1984	104
1984	102
1984	101
1984	98
1984	98
1984	94
1984	92
1984	88
1984	86
1984	80
1984	78
1984	78
1984	77
1984	75
1984	75
1984	74
1984	71
1984	68
1984	67
1984	65
1984	61
1984	59
1984	58
1984	58
1984	56
1984	56
1984	53
1984	52
1984	50
1984	49
1984	44
1984	43
1984	41
1984	40
1984	34
1984	33
1984	30
1984	26
1984	25
1984	24
1984	22
1984	20
1984	20
1984	18
1984	18
1984	17
1984	16
1984	15
1984	13
1984	12
1984	11
1984	10
1984	9
1984	9
1984	9
1984	7
1984	7
1984	5
1984	5
1984	4
1984	2
1985	620
1985	546
1985	530
1985	527
1985	520
1985	467
1985	464
1985	444
1985	419
1985	411
1985	409
1985	395
1985	391
1985	388
1985	380
1985	362
1985	361
1985	352
1985	350
1985	349
1985	346
1985	338
1985	320
1985	312
1985	309
1985	304
1985	299
1985	295
1985	270
1985	268
1985	259
1985	258
1985	256
1985	255
1985	250
1985	250
1985	245
1985	244
1985	239
1985	234
1985	231
1985	226
1985	223
1985	222
1985	222
1985	222
1985	218
1985	213
1985	210
1985	209
1985	207
1985	205
1985	205
1985	202
1985	201
1985	201
1985	198
1985	197
1985	195
1985	193
1985	189
1985	189
1985	183
1985	180
1985	175
1985	172
1985	168
1985	168
1985	167
1985	164
1985	158
1985	155
1985	151
1985	144
1985	140
1985	138
1985	137
1985	135
1985	135
1985	133
1985	133
1985	130
1985	129
1985	128
1985	126
1985	123
1985	121
1985	120
1985	115
1985	114
1985	110
1985	107
1985	105
1985	102
1985	99
1985	99
1985	98
1985	93
1985	92
1985	90
1985	89
1985	81
1985	81
1985	79
1985	77
1985	75
1985	73
1985	71
1985	70
1985	70
1985	68
1985	66
1985	65
1985	62
1985	60
1985	58
1985	55
1985	54
1985	53
1985	48
1985	48
1985	47
1985	44
1985	40
1985	37
1985	36
1985	35
1985	25
1985	23
1985	22
1985	21
1985	21
1985	21
1985	20
1985	20
1985	18
1985	18
1985	17
1985	16
1985	16
1985	16
1985	14
1985	14
1985	13
1985	11
1985	11
1985	9
1985	9
1985	7
1985	3
1985	3
1985	3
1985	2
1986	597
1986	554
1986	525
1986	517
1986	504
1986	478
1986	471
1986	459
1986	442
1986	431
1986	422
1986	391
1986	388
1986	385
1986	374
1986	371
1986	368
1986	367
1986	357
1986	351
1986	351
1986	337
1986	322
1986	319
1986	309
1986	302
1986	299
1986	297
1986	287
1986	278
1986	273
1986	267
1986	257
1986	257
1986	254
1986	254
1986	247
1986	244
1986	240
1986	236
1986	230
1986	222
1986	220
1986	220
1986	217
1986	216
1986	212
1986	210
1986	210
1986	208
1986	208
1986	208
1986	207
1986	205
1986	196
1986	196
1986	194
1986	193
1986	193
1986	188
1986	187
1986	186
1986	182
1986	172
1986	169
1986	165
1986	164
1986	164
1986	159
1986	153
1986	151
1986	149
1986	146
1986	144
1986	139
1986	139
1986	138
1986	135
1986	134
1986	134
1986	131
1986	131
1986	128
1986	127
1986	126
1986	120
1986	120
1986	116
1986	114
1986	114
1986	113
1986	108
1986	106
1986	105
1986	96
1986	94
1986	92
1986	91
1986	90
1986	89
1986	88
1986	82
1986	82
1986	77
1986	74
1986	73
1986	72
1986	70
1986	68
1986	68
1986	68
1986	67
1986	63
1986	61
1986	59
1986	58
1986	56
1986	54
1986	53
1986	53
1986	53
1986	50
1986	46
1986	39
1986	38
1986	37
1986	36
1986	35
1986	33
1986	30
1986	27
1986	27
1986	26
1986	24
1986	24
1986	23
1986	22
1986	18
1986	15
1986	15
1986	14
1986	13
1986	13
1986	12
1986	12
1986	10
1986	10
1986	9
1986	8
1986	6
1986	3
1986	3
1986	1
1987	605
1987	554
1987	537
1987	517
1987	499
1987	475
1987	466
1987	460
1987	445
1987	414
1987	414
1987	409
1987	398
1987	386
1987	385
1987	374
1987	353
1987	353
1987	347
1987	346
1987	340
1987	339
1987	332
1987	325
1987	314
1987	309
1987	303
1987	297
1987	292
1987	273
1987	270
1987	268
1987	266
1987	259
1987	254
1987	253
1987	251
1987	246
1987	243
1987	239
1987	237
1987	233
1987	233
1987	232
1987	218
1987	217
1987	216
1987	215
1987	215
1987	213
1987	210
1987	208
1987	206
1987	205
1987	201
1987	199
1987	194
1987	193
1987	192
1987	188
1987	185
1987	183
1987	182
1987	167
1987	166
1987	165
1987	163
1987	163
1987	162
1987	158
1987	155
1987	151
1987	149
1987	147
1987	145
1987	145
1987	140
1987	138
1987	138
1987	138
1987	134
1987	132
1987	132
1987	130
1987	130
1987	125
1987	123
1987	123
1987	119
1987	118
1987	116
1987	116
1987	110
1987	109
1987	99
1987	95
1987	91
1987	91
1987	90
1987	89
1987	89
1987	87
1987	83
1987	75
1987	75
1987	73
1987	73
1987	73
1987	72
1987	70
1987	67
1987	66
1987	66
1987	66
1987	65
1987	63
1987	62
1987	59
1987	57
1987	53
1987	49
1987	48
1987	47
1987	43
1987	37
1987	36
1987	35
1987	32
1987	32
1987	31
1987	30
1987	29
1987	29
1987	28
1987	26
1987	25
1987	25
1987	24
1987	17
1987	16
1987	15
1987	14
1987	13
1987	12
1987	10
1987	10
1987	9
1987	9
1987	8
1987	5
1987	4
1987	4
1987	1
1988	615
1988	569
1988	549
1988	520
1988	520
1988	510
1988	493
1988	480
1988	449
1988	445
1988	418
1988	414
1988	391
1988	386
1988	380
1988	367
1988	366
1988	364
1988	361
1988	361
1988	352
1988	348
1988	340
1988	327
1988	313
1988	305
1988	302
1988	288
1988	286
1988	270
1988	268
1988	263
1988	260
1988	258
1988	256
1988	251
1988	249
1988	248
1988	245
1988	244
1988	241
1988	233
1988	230
1988	226
1988	219
1988	218
1988	216
1988	215
1988	213
1988	208
1988	207
1988	206
1988	205
1988	199
1988	195
1988	193
1988	190
1988	189
1988	187
1988	185
1988	185
1988	183
1988	174
1988	173
1988	171
1988	171
1988	168
1988	166
1988	164
1988	157
1988	155
1988	154
1988	153
1988	148
1988	147
1988	147
1988	145
1988	143
1988	142
1988	139
1988	138
1988	133
1988	132
1988	131
1988	128
1988	126
1988	124
1988	123
1988	120
1988	119
1988	119
1988	116
1988	116
1988	114
1988	110
1988	101
1988	101
1988	98
1988	92
1988	92
1988	87
1988	86
1988	85
1988	84
1988	84
1988	80
1988	77
1988	74
1988	74
1988	72
1988	70
1988	69
1988	66
1988	63
1988	61
1988	59
1988	59
1988	59
1988	55
1988	55
1988	53
1988	49
1988	47
1988	47
1988	46
1988	43
1988	43
1988	36
1988	33
1988	33
1988	29
1988	28
1988	27
1988	27
1988	26
1988	23
1988	23
1988	22
1988	20
1988	20
1988	18
1988	17
1988	17
1988	13
1988	13
1988	11
1988	11
1988	10
1988	7
1988	6
1988	5
1988	5
1988	1
1989	586
1989	563
1989	517
1989	513
1989	507
1989	500
1989	483
1989	480
1989	441
1989	416
1989	415
1989	406
1989	399
1989	382
1989	381
1989	375
1989	364
1989	361
1989	355
1989	347
1989	344
1989	340
1989	339
1989	333
1989	329
1989	319
1989	316
1989	311
1989	301
1989	270
1989	261
1989	260
1989	259
1989	259
1989	258
1989	257
1989	251
1989	250
1989	248
1989	246
1989	242
1989	241
1989	239
1989	235
1989	230
1989	230
1989	220
1989	217
1989	213
1989	212
1989	210
1989	201
1989	201
1989	199
1989	198
1989	197
1989	197
1989	182
1989	182
1989	182
1989	180
1989	179
1989	176
1989	176
1989	173
1989	169
1989	168
1989	168
1989	156
1989	154
1989	154
1989	153
1989	150
1989	150
1989	144
1989	141
1989	140
1989	135
1989	134
1989	133
1989	132
1989	131
1989	130
1989	128
1989	127
1989	121
1989	117
1989	117
1989	116
1989	115
1989	115
1989	114
1989	108
1989	107
1989	105
1989	102
1989	101
1989	100
1989	100
1989	94
1989	91
1989	91
1989	85
1989	84
1989	83
1989	79
1989	77
1989	72
1989	70
1989	68
1989	65
1989	65
1989	62
1989	61
1989	60
1989	59
1989	58
1989	58
1989	56
1989	55
1989	53
1989	48
1989	46
1989	43
1989	41
1989	37
1989	37
1989	37
1989	31
1989	30
1989	29
1989	26
1989	25
1989	25
1989	24
1989	24
1989	20
1989	19
1989	15
1989	14
1989	14
1989	13
1989	13
1989	12
1989	8
1989	8
1989	7
1989	7
1989	6
1989	5
1989	4
1989	3
1989	1
1990	609
1990	598
1990	560
1990	523
1990	521
1990	490
1990	484
1990	469
1990	462
1990	461
1990	409
1990	408
1990	395
1990	390
1990	390
1990	381
1990	372
1990	360
1990	348
1990	348
1990	346
1990	339
1990	330
1990	325
1990	321
1990	313
1990	306
1990	286
1990	285
1990	275
1990	262
1990	260
1990	256
1990	256
1990	253
1990	252
1990	252
1990	250
1990	249
1990	243
1990	242
1990	242
1990	238
1990	225
1990	223
1990	220
1990	218
1990	217
1990	215
1990	214
1990	210
1990	207
1990	203
1990	201
1990	200
1990	195
1990	192
1990	188
1990	186
1990	184
1990	180
1990	173
1990	171
1990	165
1990	162
1990	161
1990	160
1990	160
1990	157
1990	155
1990	153
1990	151
1990	150
1990	143
1990	141
1990	140
1990	138
1990	133
1990	132
1990	130
1990	124
1990	119
1990	119
1990	118
1990	117
1990	117
1990	116
1990	112
1990	111
1990	106
1990	105
1990	100
1990	94
1990	93
1990	93
1990	90
1990	88
1990	87
1990	85
1990	85
1990	84
1990	83
1990	83
1990	76
1990	73
1990	70
1990	69
1990	67
1990	66
1990	63
1990	61
1990	60
1990	59
1990	59
1990	57
1990	57
1990	56
1990	55
1990	50
1990	48
1990	46
1990	46
1990	46
1990	38
1990	36
1990	33
1990	33
1990	32
1990	29
1990	27
1990	27
1990	24
1990	24
1990	24
1990	22
1990	20
1990	19
1990	16
1990	16
1990	13
1990	12
1990	11
1990	10
1990	10
1990	9
1990	9
1990	9
1990	8
1990	8
1990	6
1990	2
1990	2
1991	604
1991	561
1991	528
1991	507
1991	485
1991	479
1991	475
1991	469
1991	463
1991	418
1991	416
1991	404
1991	399
1991	395
1991	382
1991	364
1991	350
1991	348
1991	345
1991	326
1991	325
1991	325
1991	318
1991	318
1991	316
1991	312
1991	305
1991	304
1991	296
1991	261
1991	260
1991	255
1991	252
1991	251
1991	251
1991	250
1991	250
1991	250
1991	249
1991	247
1991	247
1991	246
1991	231
1991	230
1991	226
1991	224
1991	221
1991	217
1991	217
1991	208
1991	206
1991	205
1991	203
1991	202
1991	198
1991	198
1991	191
1991	188
1991	187
1991	186
1991	179
1991	178
1991	177
1991	173
1991	173
1991	167
1991	166
1991	165
1991	165
1991	164
1991	162
1991	157
1991	152
1991	150
1991	150
1991	150
1991	139
1991	137
1991	135
1991	134
1991	126
1991	125
1991	125
1991	123
1991	121
1991	121
1991	118
1991	117
1991	116
1991	110
1991	108
1991	107
1991	102
1991	101
1991	101
1991	99
1991	97
1991	96
1991	96
1991	93
1991	91
1991	84
1991	80
1991	75
1991	74
1991	74
1991	74
1991	72
1991	70
1991	68
1991	67
1991	65
1991	64
1991	64
1991	62
1991	61
1991	58
1991	57
1991	51
1991	50
1991	44
1991	44
1991	43
1991	36
1991	36
1991	36
1991	34
1991	32
1991	31
1991	29
1991	28
1991	26
1991	23
1991	23
1991	22
1991	22
1991	20
1991	19
1991	16
1991	16
1991	15
1991	14
1991	13
1991	13
1991	12
1991	12
1991	10
1991	10
1991	9
1991	9
1991	5
1991	2
1992	611
1992	564
1992	545
1992	535
1992	511
1992	496
1992	487
1992	484
1992	477
1992	473
1992	467
1992	466
1992	429
1992	426
1992	420
1992	410
1992	402
1992	395
1992	395
1992	390
1992	386
1992	376
1992	364
1992	354
1992	351
1992	349
1992	343
1992	341
1992	332
1992	332
1992	322
1992	319
1992	313
1992	311
1992	310
1992	306
1992	305
1992	301
1992	301
1992	296
1992	280
1992	278
1992	265
1992	263
1992	261
1992	259
1992	258
1992	257
1992	257
1992	257
1992	254
1992	250
1992	246
1992	238
1992	237
1992	237
1992	236
1992	233
1992	229
1992	229
1992	227
1992	226
1992	225
1992	220
1992	219
1992	219
1992	216
1992	209
1992	207
1992	200
1992	199
1992	198
1992	196
1992	193
1992	193
1992	186
1992	184
1992	184
1992	183
1992	179
1992	179
1992	177
1992	176
1992	173
1992	168
1992	164
1992	163
1992	160
1992	159
1992	158
1992	156
1992	153
1992	152
1992	152
1992	141
1992	138
1992	136
1992	133
1992	132
1992	131
1992	131
1992	130
1992	125
1992	124
1992	123
1992	118
1992	118
1992	114
1992	112
1992	105
1992	104
1992	103
1992	103
1992	97
1992	97
1992	97
1992	94
1992	92
1992	91
1992	82
1992	80
1992	79
1992	77
1992	77
1992	75
1992	73
1992	72
1992	72
1992	71
1992	71
1992	69
1992	69
1992	67
1992	63
1992	62
1992	56
1992	54
1992	52
1992	49
1992	45
1992	44
1992	41
1992	40
1992	40
1992	38
1992	38
1992	34
1992	31
1992	29
1992	29
1992	27
1992	26
1992	24
1992	22
1992	21
1992	21
1992	20
1992	19
1992	18
1992	15
1992	15
1992	12
1992	12
1992	11
1992	11
1992	11
1992	9
1992	8
1992	4
1992	3
1993	598
1993	557
1993	538
1993	536
1993	509
1993	502
1993	481
1993	477
1993	477
1993	473
1993	465
1993	463
1993	453
1993	426
1993	423
1993	418
1993	402
1993	392
1993	391
1993	389
1993	364
1993	354
1993	350
1993	350
1993	348
1993	340
1993	333
1993	332
1993	330
1993	325
1993	323
1993	315
1993	311
1993	305
1993	305
1993	304
1993	298
1993	284
1993	268
1993	267
1993	266
1993	261
1993	259
1993	257
1993	257
1993	257
1993	257
1993	255
1993	253
1993	249
1993	246
1993	242
1993	240
1993	239
1993	237
1993	237
1993	234
1993	234
1993	230
1993	228
1993	227
1993	224
1993	223
1993	221
1993	219
1993	212
1993	211
1993	208
1993	207
1993	207
1993	199
1993	191
1993	190
1993	188
1993	188
1993	186
1993	180
1993	176
1993	174
1993	171
1993	168
1993	167
1993	165
1993	165
1993	163
1993	163
1993	162
1993	161
1993	158
1993	156
1993	155
1993	154
1993	152
1993	152
1993	145
1993	143
1993	142
1993	139
1993	136
1993	133
1993	133
1993	133
1993	132
1993	132
1993	128
1993	124
1993	120
1993	119
1993	115
1993	115
1993	112
1993	112
1993	109
1993	108
1993	105
1993	103
1993	101
1993	97
1993	93
1993	89
1993	87
1993	76
1993	76
1993	75
1993	74
1993	73
1993	73
1993	73
1993	70
1993	69
1993	65
1993	64
1993	62
1993	62
1993	61
1993	60
1993	50
1993	50
1993	49
1993	49
1993	43
1993	42
1993	41
1993	40
1993	40
1993	35
1993	34
1993	32
1993	31
1993	31
1993	29
1993	26
1993	26
1993	26
1993	24
1993	24
1993	19
1993	19
1993	18
1993	18
1993	17
1993	14
1993	13
1993	12
1993	12
1993	12
1993	9
1993	9
1993	8
1993	7
1993	6
1993	5
1993	3
1994	639
1994	626
1994	554
1994	537
1994	526
1994	499
1994	477
1994	475
1994	468
1994	466
1994	463
1994	457
1994	452
1994	425
1994	419
1994	408
1994	403
1994	387
1994	386
1994	382
1994	381
1994	371
1994	362
1994	351
1994	345
1994	344
1994	335
1994	333
1994	332
1994	329
1994	327
1994	327
1994	314
1994	312
1994	307
1994	305
1994	305
1994	305
1994	302
1994	293
1994	289
1994	278
1994	270
1994	258
1994	258
1994	257
1994	255
1994	255
1994	254
1994	253
1994	250
1994	248
1994	241
1994	240
1994	239
1994	239
1994	238
1994	237
1994	231
1994	229
1994	228
1994	227
1994	223
1994	223
1994	218
1994	213
1994	202
1994	202
1994	200
1994	195
1994	194
1994	192
1994	190
1994	190
1994	187
1994	182
1994	181
1994	179
1994	179
1994	178
1994	175
1994	173
1994	171
1994	170
1994	165
1994	164
1994	163
1994	159
1994	157
1994	155
1994	151
1994	151
1994	150
1994	149
1994	146
1994	144
1994	143
1994	141
1994	141
1994	140
1994	136
1994	134
1994	132
1994	131
1994	126
1994	124
1994	123
1994	120
1994	119
1994	118
1994	116
1994	115
1994	114
1994	111
1994	108
1994	105
1994	100
1994	99
1994	97
1994	95
1994	90
1994	90
1994	89
1994	84
1994	83
1994	78
1994	74
1994	72
1994	72
1994	71
1994	69
1994	66
1994	66
1994	65
1994	58
1994	57
1994	56
1994	55
1994	54
1994	49
1994	48
1994	43
1994	42
1994	41
1994	35
1994	34
1994	34
1994	33
1994	32
1994	32
1994	32
1994	32
1994	31
1994	29
1994	21
1994	20
1994	19
1994	17
1994	17
1994	17
1994	16
1994	15
1994	13
1994	13
1994	13
1994	11
1994	10
1994	9
1994	9
1994	8
1994	7
1994	4
1994	2
1995	596
1995	579
1995	566
1995	526
1995	498
1995	478
1995	476
1995	467
1995	466
1995	457
1995	456
1995	449
1995	444
1995	435
1995	430
1995	418
1995	416
1995	412
1995	406
1995	394
1995	379
1995	372
1995	364
1995	363
1995	360
1995	357
1995	354
1995	343
1995	341
1995	339
1995	336
1995	321
1995	321
1995	315
1995	311
1995	309
1995	302
1995	294
1995	278
1995	278
1995	277
1995	272
1995	268
1995	264
1995	260
1995	259
1995	257
1995	255
1995	253
1995	250
1995	249
1995	249
1995	244
1995	237
1995	236
1995	236
1995	236
1995	232
1995	232
1995	230
1995	230
1995	221
1995	219
1995	219
1995	218
1995	214
1995	211
1995	209
1995	204
1995	204
1995	203
1995	202
1995	201
1995	196
1995	194
1995	190
1995	189
1995	188
1995	187
1995	186
1995	182
1995	181
1995	176
1995	172
1995	171
1995	170
1995	168
1995	167
1995	167
1995	162
1995	161
1995	160
1995	159
1995	155
1995	151
1995	147
1995	146
1995	146
1995	145
1995	139
1995	137
1995	135
1995	129
1995	129
1995	125
1995	121
1995	120
1995	119
1995	118
1995	118
1995	118
1995	112
1995	109
1995	108
1995	105
1995	99
1995	98
1995	96
1995	96
1995	90
1995	90
1995	85
1995	85
1995	85
1995	83
1995	80
1995	79
1995	76
1995	75
1995	74
1995	74
1995	67
1995	67
1995	67
1995	65
1995	62
1995	58
1995	55
1995	55
1995	55
1995	54
1995	54
1995	53
1995	52
1995	41
1995	41
1995	39
1995	34
1995	34
1995	33
1995	32
1995	30
1995	27
1995	27
1995	24
1995	21
1995	21
1995	20
1995	19
1995	17
1995	16
1995	16
1995	15
1995	14
1995	13
1995	12
1995	11
1995	11
1995	10
1995	8
1995	7
1995	7
1995	6
1995	4
1996	583
1996	578
1996	573
1996	573
1996	542
1996	532
1996	520
1996	502
1996	480
1996	465
1996	462
1996	453
1996	445
1996	430
1996	430
1996	414
1996	414
1996	408
1996	392
1996	390
1996	384
1996	374
1996	364
1996	357
1996	356
1996	352
1996	351
1996	350
1996	347
1996	346
1996	336
1996	316
1996	316
1996	310
1996	304
1996	301
1996	299
1996	293
1996	289
1996	287
1996	279
1996	278
1996	271
1996	262
1996	260
1996	256
1996	256
1996	256
1996	255
1996	253
1996	249
1996	249
1996	247
1996	247
1996	245
1996	244
1996	244
1996	242
1996	241
1996	239
1996	237
1996	233
1996	227
1996	226
1996	223
1996	223
1996	216
1996	214
1996	211
1996	209
1996	207
1996	206
1996	205
1996	204
1996	203
1996	201
1996	199
1996	198
1996	192
1996	185
1996	180
1996	173
1996	173
1996	171
1996	170
1996	166
1996	166
1996	165
1996	162
1996	160
1996	159
1996	149
1996	148
1996	147
1996	147
1996	145
1996	143
1996	137
1996	137
1996	128
1996	128
1996	126
1996	126
1996	126
1996	126
1996	123
1996	119
1996	119
1996	115
1996	114
1996	113
1996	108
1996	108
1996	105
1996	102
1996	100
1996	99
1996	97
1996	96
1996	96
1996	90
1996	89
1996	83
1996	82
1996	80
1996	80
1996	79
1996	78
1996	77
1996	76
1996	76
1996	75
1996	73
1996	72
1996	66
1996	65
1996	65
1996	63
1996	62
1996	61
1996	55
1996	55
1996	52
1996	51
1996	47
1996	40
1996	39
1996	37
1996	35
1996	32
1996	31
1996	29
1996	28
1996	24
1996	22
1996	22
1996	21
1996	20
1996	20
1996	18
1996	18
1996	16
1996	16
1996	16
1996	15
1996	14
1996	9
1996	9
1996	6
1996	6
1996	6
1996	6
1996	5
1996	5
1997	597
1997	575
1997	545
1997	543
1997	533
1997	514
1997	508
1997	489
1997	482
1997	468
1997	468
1997	462
1997	458
1997	448
1997	430
1997	414
1997	411
1997	406
1997	397
1997	390
1997	378
1997	369
1997	368
1997	363
1997	361
1997	357
1997	354
1997	354
1997	350
1997	343
1997	338
1997	315
1997	308
1997	307
1997	305
1997	303
1997	300
1997	298
1997	297
1997	293
1997	288
1997	284
1997	272
1997	272
1997	264
1997	262
1997	259
1997	257
1997	256
1997	256
1997	255
1997	255
1997	253
1997	250
1997	250
1997	248
1997	246
1997	246
1997	245
1997	241
1997	241
1997	240
1997	239
1997	236
1997	229
1997	228
1997	225
1997	219
1997	217
1997	214
1997	214
1997	204
1997	192
1997	191
1997	191
1997	188
1997	188
1997	187
1997	187
1997	182
1997	182
1997	181
1997	177
1997	176
1997	174
1997	173
1997	170
1997	165
1997	164
1997	158
1997	157
1997	157
1997	156
1997	153
1997	150
1997	147
1997	141
1997	140
1997	137
1997	137
1997	135
1997	129
1997	129
1997	128
1997	127
1997	125
1997	122
1997	120
1997	120
1997	119
1997	116
1997	116
1997	107
1997	105
1997	102
1997	101
1997	97
1997	97
1997	96
1997	94
1997	92
1997	92
1997	91
1997	90
1997	90
1997	89
1997	83
1997	82
1997	82
1997	79
1997	78
1997	77
1997	68
1997	68
1997	67
1997	65
1997	65
1997	64
1997	63
1997	63
1997	62
1997	58
1997	54
1997	49
1997	45
1997	41
1997	38
1997	38
1997	37
1997	37
1997	35
1997	33
1997	30
1997	28
1997	27
1997	23
1997	22
1997	21
1997	20
1997	20
1997	19
1997	18
1997	16
1997	16
1997	13
1997	11
1997	10
1997	9
1997	9
1997	9
1997	8
1997	7
1997	7
1997	4
1998	586
1998	562
1998	562
1998	541
1998	494
1998	474
1998	472
1998	467
1998	464
1998	459
1998	452
1998	445
1998	432
1998	426
1998	417
1998	411
1998	404
1998	401
1998	391
1998	388
1998	384
1998	377
1998	373
1998	361
1998	358
1998	351
1998	349
1998	344
1998	336
1998	336
1998	331
1998	331
1998	322
1998	307
1998	306
1998	305
1998	304
1998	289
1998	286
1998	276
1998	274
1998	271
1998	269
1998	267
1998	266
1998	264
1998	263
1998	263
1998	260
1998	259
1998	257
1998	255
1998	254
1998	254
1998	253
1998	253
1998	250
1998	250
1998	247
1998	245
1998	243
1998	242
1998	238
1998	237
1998	236
1998	235
1998	229
1998	228
1998	225
1998	220
1998	213
1998	213
1998	212
1998	202
1998	202
1998	199
1998	198
1998	197
1998	189
1998	188
1998	186
1998	183
1998	181
1998	180
1998	179
1998	178
1998	178
1998	173
1998	168
1998	168
1998	161
1998	152
1998	152
1998	150
1998	149
1998	144
1998	142
1998	139
1998	137
1998	136
1998	136
1998	136
1998	136
1998	132
1998	132
1998	127
1998	125
1998	120
1998	120
1998	118
1998	115
1998	114
1998	113
1998	112
1998	108
1998	104
1998	103
1998	102
1998	99
1998	99
1998	98
1998	96
1998	94
1998	93
1998	90
1998	88
1998	86
1998	85
1998	81
1998	78
1998	78
1998	77
1998	75
1998	74
1998	69
1998	69
1998	67
1998	64
1998	64
1998	62
1998	62
1998	58
1998	57
1998	52
1998	48
1998	47
1998	43
1998	42
1998	35
1998	35
1998	32
1998	29
1998	27
1998	26
1998	25
1998	23
1998	23
1998	22
1998	20
1998	20
1998	19
1998	19
1998	18
1998	16
1998	16
1998	14
1998	14
1998	13
1998	10
1998	9
1998	9
1998	8
1998	6
1998	5
1999	567
1999	567
1999	560
1999	556
1999	495
1999	494
1999	480
1999	477
1999	469
1999	456
1999	454
1999	442
1999	435
1999	424
1999	417
1999	414
1999	399
1999	388
1999	380
1999	377
1999	373
1999	363
1999	362
1999	359
1999	357
1999	350
1999	349
1999	343
1999	333
1999	327
1999	326
1999	325
1999	309
1999	308
1999	308
1999	307
1999	305
1999	301
1999	295
1999	292
1999	278
1999	275
1999	274
1999	271
1999	265
1999	265
1999	264
1999	264
1999	263
1999	262
1999	261
1999	260
1999	255
1999	253
1999	248
1999	247
1999	245
1999	243
1999	243
1999	239
1999	238
1999	238
1999	237
1999	237
1999	237
1999	236
1999	224
1999	224
1999	223
1999	220
1999	218
1999	217
1999	216
1999	209
1999	208
1999	204
1999	196
1999	195
1999	193
1999	193
1999	189
1999	187
1999	185
1999	177
1999	176
1999	175
1999	174
1999	169
1999	165
1999	165
1999	164
1999	161
1999	154
1999	152
1999	152
1999	149
1999	147
1999	144
1999	143
1999	141
1999	140
1999	140
1999	139
1999	138
1999	137
1999	132
1999	131
1999	131
1999	130
1999	123
1999	121
1999	120
1999	120
1999	118
1999	109
1999	108
1999	106
1999	102
1999	100
1999	97
1999	95
1999	95
1999	88
1999	88
1999	88
1999	83
1999	83
1999	82
1999	80
1999	78
1999	77
1999	75
1999	74
1999	74
1999	73
1999	72
1999	71
1999	68
1999	66
1999	63
1999	62
1999	60
1999	52
1999	50
1999	46
1999	43
1999	42
1999	40
1999	39
1999	37
1999	36
1999	34
1999	29
1999	29
1999	26
1999	25
1999	24
1999	24
1999	22
1999	20
1999	19
1999	19
1999	19
1999	18
1999	18
1999	18
1999	14
1999	13
1999	13
1999	10
1999	7
1999	7
1999	6
1999	4
2000	564
2000	556
2000	552
2000	529
2000	513
2000	480
2000	478
2000	476
2000	443
2000	441
2000	426
2000	424
2000	419
2000	414
2000	413
2000	413
2000	400
2000	390
2000	377
2000	375
2000	373
2000	367
2000	357
2000	352
2000	343
2000	342
2000	340
2000	337
2000	333
2000	332
2000	326
2000	326
2000	317
2000	313
2000	309
2000	305
2000	303
2000	301
2000	300
2000	297
2000	277
2000	277
2000	276
2000	275
2000	275
2000	274
2000	267
2000	265
2000	265
2000	264
2000	263
2000	262
2000	262
2000	246
2000	246
2000	245
2000	243
2000	243
2000	241
2000	238
2000	229
2000	228
2000	227
2000	224
2000	221
2000	221
2000	220
2000	220
2000	219
2000	219
2000	217
2000	217
2000	216
2000	216
2000	213
2000	211
2000	203
2000	202
2000	200
2000	195
2000	188
2000	182
2000	181
2000	180
2000	178
2000	176
2000	172
2000	171
2000	169
2000	167
2000	166
2000	154
2000	152
2000	152
2000	152
2000	152
2000	150
2000	149
2000	148
2000	148
2000	147
2000	144
2000	143
2000	136
2000	133
2000	132
2000	131
2000	129
2000	129
2000	123
2000	120
2000	120
2000	117
2000	116
2000	115
2000	114
2000	113
2000	113
2000	102
2000	99
2000	99
2000	95
2000	92
2000	92
2000	88
2000	86
2000	86
2000	84
2000	83
2000	82
2000	81
2000	80
2000	78
2000	73
2000	72
2000	72
2000	72
2000	70
2000	69
2000	69
2000	68
2000	62
2000	59
2000	58
2000	50
2000	48
2000	48
2000	45
2000	39
2000	38
2000	38
2000	35
2000	34
2000	34
2000	31
2000	29
2000	28
2000	23
2000	22
2000	21
2000	21
2000	21
2000	19
2000	19
2000	18
2000	18
2000	17
2000	17
2000	15
2000	13
2000	12
2000	8
2000	6
2000	4
2000	3
2001	586
2001	567
2001	562
2001	537
2001	524
2001	494
2001	492
2001	477
2001	431
2001	431
2001	421
2001	419
2001	416
2001	414
2001	409
2001	405
2001	399
2001	395
2001	373
2001	372
2001	372
2001	369
2001	364
2001	364
2001	362
2001	356
2001	355
2001	346
2001	336
2001	335
2001	320
2001	314
2001	314
2001	314
2001	313
2001	312
2001	309
2001	307
2001	301
2001	301
2001	296
2001	288
2001	279
2001	278
2001	277
2001	277
2001	270
2001	268
2001	266
2001	263
2001	260
2001	258
2001	254
2001	253
2001	252
2001	250
2001	243
2001	243
2001	242
2001	241
2001	239
2001	236
2001	231
2001	230
2001	227
2001	224
2001	221
2001	221
2001	219
2001	219
2001	215
2001	214
2001	213
2001	210
2001	210
2001	208
2001	204
2001	204
2001	199
2001	194
2001	191
2001	191
2001	189
2001	186
2001	186
2001	186
2001	180
2001	179
2001	178
2001	164
2001	164
2001	160
2001	157
2001	155
2001	154
2001	152
2001	151
2001	151
2001	149
2001	146
2001	146
2001	145
2001	145
2001	142
2001	140
2001	135
2001	135
2001	135
2001	133
2001	131
2001	130
2001	128
2001	127
2001	121
2001	120
2001	116
2001	114
2001	112
2001	103
2001	101
2001	99
2001	94
2001	93
2001	93
2001	93
2001	93
2001	92
2001	86
2001	85
2001	84
2001	84
2001	83
2001	81
2001	80
2001	75
2001	74
2001	70
2001	66
2001	65
2001	63
2001	57
2001	55
2001	54
2001	53
2001	50
2001	49
2001	48
2001	47
2001	46
2001	46
2001	40
2001	39
2001	36
2001	34
2001	34
2001	33
2001	31
2001	31
2001	27
2001	26
2001	21
2001	20
2001	20
2001	19
2001	17
2001	17
2001	17
2001	16
2001	12
2001	11
2001	7
2001	7
2001	5
2001	5
2001	5
2002	570
2002	555
2002	544
2002	539
2002	525
2002	485
2002	473
2002	457
2002	440
2002	433
2002	432
2002	424
2002	424
2002	419
2002	413
2002	410
2002	408
2002	404
2002	377
2002	373
2002	372
2002	366
2002	365
2002	363
2002	357
2002	354
2002	351
2002	347
2002	340
2002	334
2002	332
2002	327
2002	325
2002	317
2002	314
2002	311
2002	309
2002	309
2002	306
2002	304
2002	301
2002	300
2002	297
2002	288
2002	283
2002	281
2002	279
2002	277
2002	274
2002	270
2002	269
2002	269
2002	265
2002	265
2002	264
2002	263
2002	251
2002	245
2002	245
2002	243
2002	243
2002	239
2002	239
2002	238
2002	231
2002	224
2002	223
2002	222
2002	220
2002	219
2002	215
2002	213
2002	206
2002	205
2002	201
2002	199
2002	199
2002	198
2002	197
2002	193
2002	188
2002	185
2002	182
2002	180
2002	178
2002	177
2002	173
2002	173
2002	168
2002	165
2002	163
2002	162
2002	158
2002	158
2002	156
2002	153
2002	152
2002	152
2002	147
2002	146
2002	145
2002	144
2002	141
2002	138
2002	134
2002	133
2002	133
2002	132
2002	132
2002	130
2002	129
2002	127
2002	120
2002	117
2002	114
2002	110
2002	109
2002	108
2002	102
2002	101
2002	100
2002	94
2002	93
2002	93
2002	90
2002	90
2002	88
2002	88
2002	87
2002	85
2002	85
2002	84
2002	82
2002	82
2002	81
2002	79
2002	71
2002	70
2002	69
2002	69
2002	67
2002	63
2002	62
2002	61
2002	57
2002	55
2002	50
2002	49
2002	48
2002	47
2002	44
2002	39
2002	37
2002	36
2002	36
2002	35
2002	35
2002	33
2002	31
2002	29
2002	25
2002	24
2002	22
2002	19
2002	19
2002	18
2002	17
2002	16
2002	15
2002	12
2002	11
2002	7
2002	5
2002	5
2002	4
2003	569
2003	549
2003	544
2003	543
2003	534
2003	506
2003	483
2003	458
2003	447
2003	441
2003	441
2003	427
2003	425
2003	412
2003	411
2003	411
2003	404
2003	397
2003	395
2003	389
2003	377
2003	364
2003	361
2003	349
2003	344
2003	344
2003	343
2003	341
2003	333
2003	332
2003	332
2003	325
2003	323
2003	319
2003	318
2003	316
2003	310
2003	310
2003	309
2003	309
2003	305
2003	298
2003	295
2003	292
2003	291
2003	288
2003	288
2003	281
2003	277
2003	275
2003	271
2003	268
2003	268
2003	267
2003	259
2003	257
2003	248
2003	246
2003	241
2003	237
2003	237
2003	235
2003	233
2003	233
2003	226
2003	222
2003	222
2003	222
2003	221
2003	218
2003	218
2003	216
2003	213
2003	211
2003	204
2003	202
2003	198
2003	197
2003	196
2003	191
2003	191
2003	190
2003	184
2003	182
2003	177
2003	176
2003	175
2003	171
2003	170
2003	167
2003	165
2003	162
2003	161
2003	159
2003	158
2003	153
2003	149
2003	147
2003	147
2003	147
2003	146
2003	144
2003	143
2003	143
2003	141
2003	140
2003	138
2003	137
2003	133
2003	133
2003	125
2003	123
2003	122
2003	117
2003	115
2003	115
2003	115
2003	114
2003	114
2003	101
2003	101
2003	101
2003	98
2003	97
2003	96
2003	93
2003	85
2003	85
2003	85
2003	82
2003	82
2003	80
2003	78
2003	77
2003	76
2003	75
2003	73
2003	69
2003	69
2003	68
2003	68
2003	67
2003	63
2003	60
2003	50
2003	48
2003	47
2003	45
2003	45
2003	45
2003	45
2003	44
2003	43
2003	42
2003	36
2003	35
2003	32
2003	30
2003	30
2003	29
2003	28
2003	24
2003	21
2003	21
2003	21
2003	19
2003	19
2003	17
2003	15
2003	11
2003	10
2003	7
2003	5
2003	4
2003	4
2004	607
2004	551
2004	543
2004	539
2004	538
2004	502
2004	474
2004	461
2004	456
2004	455
2004	444
2004	434
2004	432
2004	425
2004	410
2004	408
2004	397
2004	393
2004	385
2004	379
2004	371
2004	363
2004	361
2004	359
2004	358
2004	341
2004	338
2004	338
2004	333
2004	331
2004	329
2004	329
2004	325
2004	319
2004	318
2004	312
2004	308
2004	303
2004	301
2004	298
2004	297
2004	296
2004	292
2004	291
2004	288
2004	288
2004	286
2004	280
2004	279
2004	274
2004	272
2004	270
2004	270
2004	265
2004	256
2004	254
2004	252
2004	248
2004	241
2004	237
2004	236
2004	235
2004	233
2004	228
2004	225
2004	224
2004	224
2004	223
2004	223
2004	222
2004	220
2004	217
2004	214
2004	211
2004	204
2004	197
2004	195
2004	193
2004	191
2004	188
2004	187
2004	184
2004	180
2004	180
2004	179
2004	178
2004	178
2004	173
2004	166
2004	166
2004	166
2004	164
2004	160
2004	156
2004	156
2004	155
2004	151
2004	150
2004	146
2004	143
2004	143
2004	142
2004	141
2004	141
2004	139
2004	139
2004	138
2004	138
2004	134
2004	130
2004	128
2004	123
2004	117
2004	117
2004	114
2004	111
2004	110
2004	103
2004	101
2004	99
2004	98
2004	96
2004	96
2004	96
2004	95
2004	95
2004	92
2004	90
2004	88
2004	86
2004	86
2004	83
2004	82
2004	81
2004	80
2004	74
2004	74
2004	74
2004	72
2004	69
2004	65
2004	62
2004	61
2004	60
2004	55
2004	54
2004	54
2004	51
2004	44
2004	44
2004	43
2004	41
2004	39
2004	38
2004	37
2004	36
2004	36
2004	35
2004	30
2004	30
2004	27
2004	27
2004	19
2004	18
2004	17
2004	17
2004	14
2004	14
2004	14
2004	14
2004	12
2004	12
2004	7
2004	6
2004	5
2005	609
2005	566
2005	540
2005	538
2005	525
2005	487
2005	477
2005	475
2005	474
2005	451
2005	437
2005	429
2005	420
2005	415
2005	406
2005	404
2005	397
2005	396
2005	394
2005	383
2005	379
2005	378
2005	368
2005	366
2005	362
2005	357
2005	344
2005	343
2005	334
2005	328
2005	328
2005	328
2005	327
2005	319
2005	313
2005	312
2005	309
2005	306
2005	305
2005	297
2005	296
2005	291
2005	287
2005	287
2005	283
2005	283
2005	283
2005	279
2005	279
2005	276
2005	274
2005	273
2005	270
2005	266
2005	265
2005	257
2005	251
2005	245
2005	244
2005	240
2005	240
2005	240
2005	239
2005	236
2005	235
2005	232
2005	232
2005	229
2005	229
2005	229
2005	228
2005	222
2005	215
2005	206
2005	206
2005	194
2005	191
2005	188
2005	186
2005	186
2005	183
2005	181
2005	180
2005	180
2005	176
2005	171
2005	170
2005	167
2005	164
2005	161
2005	161
2005	158
2005	156
2005	156
2005	151
2005	150
2005	150
2005	149
2005	145
2005	143
2005	142
2005	142
2005	140
2005	139
2005	138
2005	138
2005	137
2005	136
2005	136
2005	134
2005	133
2005	132
2005	123
2005	113
2005	113
2005	112
2005	106
2005	103
2005	102
2005	99
2005	98
2005	97
2005	96
2005	95
2005	95
2005	93
2005	91
2005	90
2005	89
2005	86
2005	86
2005	80
2005	78
2005	78
2005	75
2005	73
2005	73
2005	73
2005	72
2005	72
2005	66
2005	61
2005	61
2005	59
2005	59
2005	57
2005	56
2005	55
2005	52
2005	51
2005	50
2005	47
2005	45
2005	39
2005	38
2005	37
2005	37
2005	37
2005	35
2005	35
2005	31
2005	25
2005	23
2005	21
2005	20
2005	20
2005	18
2005	18
2005	17
2005	17
2005	16
2005	10
2005	8
2005	6
2005	5
2006	608
2006	553
2006	540
2006	537
2006	513
2006	496
2006	482
2006	469
2006	453
2006	443
2006	433
2006	432
2006	422
2006	408
2006	400
2006	392
2006	392
2006	381
2006	380
2006	375
2006	373
2006	369
2006	366
2006	362
2006	360
2006	344
2006	336
2006	333
2006	325
2006	324
2006	324
2006	323
2006	315
2006	314
2006	311
2006	304
2006	304
2006	304
2006	302
2006	301
2006	297
2006	294
2006	291
2006	289
2006	287
2006	287
2006	285
2006	284
2006	283
2006	282
2006	279
2006	274
2006	267
2006	267
2006	265
2006	263
2006	263
2006	259
2006	252
2006	248
2006	245
2006	244
2006	244
2006	242
2006	237
2006	236
2006	233
2006	231
2006	230
2006	229
2006	229
2006	220
2006	218
2006	213
2006	208
2006	201
2006	189
2006	188
2006	187
2006	187
2006	186
2006	181
2006	180
2006	178
2006	177
2006	173
2006	167
2006	166
2006	166
2006	164
2006	163
2006	162
2006	162
2006	162
2006	159
2006	154
2006	153
2006	147
2006	146
2006	146
2006	144
2006	143
2006	140
2006	139
2006	139
2006	137
2006	135
2006	132
2006	131
2006	123
2006	122
2006	121
2006	118
2006	115
2006	113
2006	112
2006	108
2006	108
2006	107
2006	106
2006	104
2006	103
2006	102
2006	102
2006	97
2006	96
2006	95
2006	94
2006	92
2006	90
2006	87
2006	87
2006	83
2006	79
2006	76
2006	76
2006	76
2006	75
2006	75
2006	72
2006	71
2006	67
2006	64
2006	62
2006	61
2006	61
2006	56
2006	56
2006	52
2006	51
2006	48
2006	47
2006	47
2006	43
2006	40
2006	39
2006	37
2006	37
2006	36
2006	36
2006	33
2006	32
2006	28
2006	26
2006	24
2006	22
2006	21
2006	20
2006	19
2006	18
2006	18
2006	13
2006	13
2006	9
2006	6
2006	4
2007	610
2007	549
2007	546
2007	536
2007	503
2007	479
2007	477
2007	471
2007	455
2007	447
2007	444
2007	427
2007	422
2007	414
2007	409
2007	398
2007	389
2007	388
2007	376
2007	374
2007	373
2007	367
2007	364
2007	351
2007	341
2007	339
2007	332
2007	330
2007	327
2007	320
2007	315
2007	312
2007	309
2007	306
2007	301
2007	298
2007	298
2007	295
2007	293
2007	291
2007	290
2007	287
2007	287
2007	287
2007	286
2007	285
2007	282
2007	282
2007	281
2007	278
2007	275
2007	269
2007	266
2007	264
2007	262
2007	261
2007	260
2007	259
2007	257
2007	254
2007	253
2007	252
2007	244
2007	244
2007	241
2007	237
2007	234
2007	234
2007	229
2007	225
2007	220
2007	219
2007	215
2007	208
2007	202
2007	202
2007	200
2007	195
2007	193
2007	192
2007	187
2007	183
2007	182
2007	181
2007	179
2007	177
2007	169
2007	165
2007	165
2007	164
2007	161
2007	159
2007	159
2007	159
2007	154
2007	153
2007	152
2007	151
2007	150
2007	149
2007	147
2007	146
2007	146
2007	144
2007	140
2007	140
2007	138
2007	134
2007	131
2007	128
2007	126
2007	122
2007	121
2007	116
2007	113
2007	112
2007	109
2007	104
2007	103
2007	103
2007	100
2007	99
2007	98
2007	98
2007	96
2007	95
2007	95
2007	94
2007	91
2007	89
2007	88
2007	84
2007	84
2007	81
2007	80
2007	80
2007	79
2007	76
2007	76
2007	75
2007	73
2007	72
2007	68
2007	64
2007	63
2007	62
2007	57
2007	52
2007	51
2007	50
2007	46
2007	44
2007	44
2007	43
2007	42
2007	39
2007	36
2007	34
2007	34
2007	33
2007	32
2007	29
2007	27
2007	25
2007	24
2007	21
2007	20
2007	19
2007	18
2007	17
2007	16
2007	14
2007	14
2007	9
2007	6
2007	5
2008	579
2008	544
2008	540
2008	534
2008	533
2008	489
2008	480
2008	472
2008	455
2008	445
2008	443
2008	440
2008	435
2008	405
2008	402
2008	399
2008	388
2008	387
2008	385
2008	381
2008	363
2008	361
2008	346
2008	345
2008	344
2008	341
2008	339
2008	321
2008	318
2008	313
2008	307
2008	306
2008	304
2008	302
2008	302
2008	300
2008	298
2008	298
2008	297
2008	297
2008	297
2008	293
2008	292
2008	292
2008	290
2008	287
2008	285
2008	283
2008	283
2008	283
2008	282
2008	276
2008	272
2008	271
2008	271
2008	268
2008	266
2008	263
2008	260
2008	257
2008	249
2008	249
2008	237
2008	237
2008	235
2008	234
2008	234
2008	233
2008	227
2008	220
2008	218
2008	216
2008	211
2008	211
2008	203
2008	201
2008	200
2008	200
2008	198
2008	195
2008	188
2008	187
2008	183
2008	182
2008	182
2008	179
2008	178
2008	173
2008	170
2008	168
2008	165
2008	164
2008	161
2008	159
2008	158
2008	156
2008	154
2008	153
2008	150
2008	150
2008	149
2008	148
2008	147
2008	147
2008	147
2008	142
2008	141
2008	140
2008	133
2008	131
2008	130
2008	127
2008	124
2008	115
2008	113
2008	112
2008	112
2008	111
2008	109
2008	107
2008	106
2008	104
2008	104
2008	96
2008	96
2008	96
2008	94
2008	94
2008	93
2008	90
2008	86
2008	84
2008	84
2008	83
2008	83
2008	82
2008	78
2008	78
2008	76
2008	66
2008	62
2008	62
2008	61
2008	60
2008	58
2008	56
2008	54
2008	53
2008	49
2008	48
2008	40
2008	40
2008	39
2008	38
2008	38
2008	36
2008	36
2008	35
2008	33
2008	31
2008	27
2008	25
2008	24
2008	24
2008	22
2008	22
2008	20
2008	18
2008	17
2008	17
2008	15
2008	12
2008	12
2008	5
2008	4
2008	4
2009	568
2009	564
2009	548
2009	548
2009	532
2009	487
2009	480
2009	473
2009	456
2009	446
2009	430
2009	428
2009	427
2009	398
2009	395
2009	380
2009	379
2009	379
2009	378
2009	364
2009	360
2009	359
2009	358
2009	350
2009	343
2009	339
2009	336
2009	329
2009	322
2009	315
2009	314
2009	305
2009	302
2009	302
2009	299
2009	298
2009	298
2009	296
2009	296
2009	295
2009	295
2009	294
2009	291
2009	290
2009	290
2009	287
2009	287
2009	282
2009	281
2009	280
2009	280
2009	278
2009	275
2009	272
2009	270
2009	270
2009	261
2009	259
2009	258
2009	256
2009	251
2009	245
2009	237
2009	236
2009	236
2009	235
2009	229
2009	223
2009	223
2009	222
2009	221
2009	218
2009	217
2009	212
2009	209
2009	207
2009	206
2009	205
2009	202
2009	200
2009	197
2009	188
2009	185
2009	182
2009	179
2009	173
2009	173
2009	173
2009	171
2009	171
2009	169
2009	168
2009	167
2009	165
2009	162
2009	161
2009	158
2009	155
2009	155
2009	152
2009	150
2009	149
2009	148
2009	148
2009	147
2009	140
2009	137
2009	136
2009	135
2009	134
2009	131
2009	128
2009	126
2009	126
2009	119
2009	118
2009	116
2009	112
2009	110
2009	109
2009	106
2009	105
2009	102
2009	101
2009	97
2009	97
2009	96
2009	95
2009	93
2009	93
2009	90
2009	89
2009	88
2009	83
2009	81
2009	80
2009	77
2009	73
2009	70
2009	69
2009	68
2009	64
2009	64
2009	63
2009	58
2009	57
2009	57
2009	51
2009	50
2009	49
2009	48
2009	48
2009	46
2009	45
2009	44
2009	40
2009	39
2009	35
2009	35
2009	33
2009	31
2009	30
2009	29
2009	29
2009	29
2009	28
2009	28
2009	21
2009	19
2009	18
2009	16
2009	14
2009	13
2009	12
2009	5
2009	5
