1961	2728816
1961	1650015
1961	844780
1961	698400
1961	425650
1961	383360
1961	285000
1961	280705
1961	180941
1961	159912
1961	100000
1961	90000
1961	70795
1961	42000
1961	40611
1961	32335
1961	32122
1961	30564
1961	18000
1961	17000
1961	15330
1961	14000
1961	10000
1961	8043
1961	4400
1961	2776
1961	1500
1961	1000
1961	312
1961	230
1961	225
1962	2783696
1962	1559505
1962	774400
1962	772038
1962	487550
1962	422312
1962	283600
1962	273700
1962	183500
1962	152364
1962	111000
1962	99000
1962	74000
1962	54459
1962	41000
1962	34700
1962	33600
1962	33376
1962	20600
1962	19734
1962	17000
1962	16000
1962	9300
1962	7815
1962	4170
1962	3080
1962	2000
1962	1032
1962	342
1962	230
1962	225
1963	3093296
1963	1378695
1963	874100
1963	824400
1963	496950
1963	446540
1963	319323
1963	287200
1963	173446
1963	156940
1963	135000
1963	84750
1963	80000
1963	64602
1963	52000
1963	35000
1963	32400
1963	30024
1963	21000
1963	20203
1963	19800
1963	16142
1963	10000
1963	7918
1963	3940
1963	3733
1963	2591
1963	2253
1963	336
1963	230
1963	225
1964	2806840
1964	1563375
1964	879360
1964	709591
1964	539792
1964	533050
1964	388815
1964	281000
1964	172000
1964	154340
1964	151910
1964	119350
1964	86500
1964	58530
1964	49000
1964	48205
1964	32350
1964	30000
1964	26683
1964	21568
1964	20400
1964	14000
1964	13000
1964	7969
1964	3710
1964	3089
1964	3069
1964	770
1964	450
1964	342
1964	260
1965	2022592
1965	1831155
1965	846000
1965	837683
1965	619114
1965	420300
1965	404336
1965	273800
1965	226000
1965	195650
1965	172984
1965	159554
1965	92270
1965	54214
1965	49580
1965	47000
1965	33964
1965	30000
1965	28180
1965	21159
1965	20500
1965	15000
1965	12600
1965	8079
1965	5019
1965	4823
1965	3480
1965	886
1965	495
1965	425
1965	260
1966	3414128
1966	1859850
1966	768600
1966	718150
1966	705138
1966	644572
1966	450210
1966	268120
1966	169440
1966	167563
1966	152250
1966	78435
1966	72387
1966	52000
1966	50000
1966	49400
1966	44265
1966	35626
1966	29994
1966	25323
1966	22300
1966	19200
1966	17000
1966	8983
1966	5014
1966	3250
1966	2393
1966	2000
1966	519
1966	415
1966	260
1967	3196824
1967	1392405
1967	851200
1967	845673
1967	642137
1967	376412
1967	265000
1967	191531
1967	177413
1967	126750
1967	95000
1967	79184
1967	68547
1967	65000
1967	53000
1967	49400
1967	45758
1967	37248
1967	36114
1967	26834
1967	23600
1967	22000
1967	14700
1967	9865
1967	4814
1967	4600
1967	4000
1967	1598
1967	579
1967	400
1967	300
1968	3772936
1968	1432500
1968	874400
1968	685985
1968	633665
1968	476425
1968	266000
1968	263620
1968	258932
1968	177885
1968	176921
1968	118950
1968	72282
1968	61000
1968	50000
1968	44638
1968	35100
1968	34232
1968	22906
1968	22600
1968	16940
1968	11186
1968	11000
1968	10997
1968	7600
1968	5950
1968	4600
1968	2000
1968	572
1968	375
1968	300
1969	4205192
1969	1870142
1969	879200
1969	739393
1969	695867
1969	648916
1969	350000
1969	304000
1969	260830
1969	219950
1969	208921
1969	164466
1969	69000
1969	65396
1969	51420
1969	44315
1969	41065
1969	34154
1969	27300
1969	26586
1969	18940
1969	16000
1969	12402
1969	7300
1969	5000
1969	4400
1969	3000
1969	2300
1969	498
1969	400
1969	300
1970	2025360
1970	2003528
1970	1045600
1970	693028
1970	607195
1970	325000
1970	270500
1970	255100
1970	187722
1970	148735
1970	122000
1970	70750
1970	69000
1970	65605
1970	54600
1970	52605
1970	48829
1970	38199
1970	31079
1970	29200
1970	26325
1970	23970
1970	13634
1970	8650
1970	6000
1970	5814
1970	4500
1970	3486
1970	406
1970	350
1970	340
1971	2503392
1971	1895520
1971	1105600
1971	837556
1971	654303
1971	329300
1971	300000
1971	279240
1971	253000
1971	215530
1971	136677
1971	75069
1971	75000
1971	71812
1971	70370
1971	60000
1971	55000
1971	44006
1971	37800
1971	27855
1971	23669
1971	23561
1971	14071
1971	10000
1971	9728
1971	9500
1971	7600
1971	3900
1971	3571
1971	375
1971	340
1971	316
1972	1734216
1972	1703542
1972	992000
1972	840232
1972	645040
1972	296300
1972	280770
1972	280000
1972	278815
1972	192156
1972	181145
1972	136591
1972	81595
1972	77000
1972	63000
1972	63000
1972	57000
1972	52225
1972	44500
1972	42500
1972	32727
1972	24482
1972	14848
1972	12500
1972	10350
1972	10000
1972	4883
1972	4200
1972	1195
1972	390
1972	340
1972	284
1973	1873000
1973	1857024
1973	1118600
1973	772684
1973	657225
1973	475650
1973	314000
1973	286000
1973	273850
1973	231200
1973	165186
1973	117425
1973	101620
1973	73000
1973	65000
1973	60000
1973	55040
1973	48372
1973	46000
1973	40086
1973	24564
1973	20928
1973	15000
1973	14400
1973	12500
1973	11200
1973	5692
1973	3627
1973	3194
1973	400
1973	380
1973	146
1974	2373680
1974	2112075
1974	1395000
1974	844766
1974	669983
1974	666940
1974	417000
1974	332357
1974	286000
1974	204726
1974	155190
1974	112000
1974	84371
1974	72500
1974	70000
1974	60150
1974	56000
1974	55324
1974	50000
1974	44228
1974	27500
1974	26676
1974	15000
1974	14160
1974	13900
1974	9970
1974	9500
1974	8203
1974	3365
1974	2928
1974	400
1974	400
1974	146
1975	2356560
1975	2164334
1975	1434720
1975	840677
1975	729615
1975	716812
1975	386171
1975	280200
1975	191000
1975	181583
1975	169277
1975	109760
1975	99751
1975	97805
1975	76000
1975	60206
1975	51910
1975	50930
1975	48000
1975	48000
1975	39385
1975	25142
1975	23500
1975	17540
1975	16000
1975	15059
1975	11500
1975	11030
1975	8932
1975	3191
1975	1146
1975	420
1975	350
1975	258
1976	2109052
1976	1760448
1976	1548560
1976	995487
1976	961030
1976	627731
1976	288066
1976	277900
1976	201968
1976	167760
1976	158000
1976	149320
1976	142080
1976	131316
1976	81557
1976	68450
1976	53845
1976	50000
1976	50000
1976	44000
1976	39727
1976	26500
1976	25303
1976	20000
1976	15418
1976	15240
1976	13000
1976	11733
1976	10572
1976	7250
1976	2934
1976	2572
1976	848
1976	440
1976	310
1977	2295105
1977	1392800
1977	1304722
1977	1204688
1977	950451
1977	587947
1977	375901
1977	280100
1977	219120
1977	207000
1977	164544
1977	140840
1977	126321
1977	81285
1977	66000
1977	65138
1977	64902
1977	60000
1977	57990
1977	52031
1977	50000
1977	44000
1977	31138
1977	25000
1977	23000
1977	18447
1977	15000
1977	14580
1977	13500
1977	7250
1977	3666
1977	2706
1977	892
1977	460
1977	422
1978	2654475
1978	1280944
1978	1222480
1978	947061
1978	946589
1978	709497
1978	346385
1978	284400
1978	214285
1978	170000
1978	136605
1978	131008
1978	102000
1978	89560
1978	87634
1978	75000
1978	63000
1978	58000
1978	53600
1978	50000
1978	40000
1978	39710
1978	37800
1978	28000
1978	22500
1978	21645
1978	15750
1978	15301
1978	8615
1978	8250
1978	3629
1978	2395
1978	2195
1978	979
1978	480
1978	479
1979	2274826
1979	1308880
1979	1275520
1979	1028026
1979	920600
1979	691748
1979	329972
1979	286000
1979	221993
1979	196708
1979	194000
1979	174545
1979	133623
1979	92037
1979	64350
1979	60000
1979	55000
1979	51000
1979	48300
1979	44000
1979	39993
1979	37000
1979	30000
1979	26800
1979	25554
1979	21000
1979	18320
1979	18000
1979	11000
1979	9100
1979	6871
1979	5805
1979	3281
1979	1305
1979	500
1979	440
1980	1932501
1980	1236000
1980	1043552
1980	705572
1980	703110
1980	641333
1980	330760
1980	300000
1980	217990
1980	191526
1980	167000
1980	126654
1980	108336
1980	73067
1980	68645
1980	61000
1980	57000
1980	40000
1980	38507
1980	36500
1980	33000
1980	29057
1980	27000
1980	25000
1980	20073
1980	17500
1980	15000
1980	13178
1980	11000
1980	10000
1980	8560
1980	5800
1980	2927
1980	1204
1980	520
1980	376
1981	2313720
1981	1264000
1981	1067104
1981	992683
1981	976606
1981	663948
1981	313919
1981	300000
1981	209611
1981	198220
1981	154000
1981	122821
1981	107735
1981	101767
1981	85802
1981	63000
1981	60000
1981	47978
1981	40000
1981	40000
1981	30350
1981	29204
1981	25928
1981	20000
1981	16523
1981	16000
1981	16000
1981	15000
1981	11000
1981	6990
1981	5000
1981	5000
1981	4230
1981	2927
1981	1205
1981	540
1981	279
1982	2795364
1982	1510000
1982	1432000
1982	1089600
1982	966974
1982	710220
1982	300000
1982	271044
1982	228845
1982	195335
1982	183000
1982	137717
1982	136800
1982	115970
1982	74200
1982	61000
1982	59000
1982	58837
1982	55000
1982	30956
1982	30350
1982	30000
1982	29000
1982	21747
1982	20000
1982	17849
1982	17500
1982	12500
1982	11000
1982	8370
1982	8000
1982	8000
1982	2925
1982	2508
1982	1282
1982	550
1982	258
1983	2842584
1983	1220370
1983	1159952
1983	1148000
1983	684640
1983	671144
1983	284475
1983	281002
1983	280000
1983	236000
1983	185910
1983	174056
1983	173394
1983	120335
1983	85563
1983	65000
1983	61609
1983	55000
1983	50000
1983	31503
1983	30350
1983	20782
1983	20000
1983	18204
1983	17000
1983	16800
1983	16500
1983	12500
1983	11000
1983	8500
1983	8000
1983	8000
1983	4295
1983	2576
1983	1517
1983	500
1983	224
1984	2611140
1984	1372000
1984	1239936
1984	1193474
1984	1117800
1984	699395
1984	328330
1984	284912
1984	250000
1984	183130
1984	169094
1984	160669
1984	134745
1984	127830
1984	99000
1984	65600
1984	61000
1984	60000
1984	50907
1984	33000
1984	30543
1984	29200
1984	19920
1984	16000
1984	12613
1984	12000
1984	11000
1984	9860
1984	9000
1984	9000
1984	8000
1984	7000
1984	4500
1984	2726
1984	2612
1984	500
1984	201
1985	2554788
1985	1943264
1985	1252751
1985	940150
1985	913680
1985	688617
1985	277985
1985	266153
1985	249740
1985	230000
1985	188355
1985	163514
1985	136325
1985	120298
1985	79000
1985	65800
1985	65000
1985	40826
1985	35000
1985	31800
1985	31750
1985	29889
1985	20918
1985	17000
1985	13500
1985	11388
1985	10000
1985	8255
1985	8000
1985	7000
1985	6000
1985	5500
1985	5000
1985	3650
1985	2364
1985	520
1985	195
1986	2575215
1986	1204658
1986	912600
1986	885424
1986	864992
1986	839640
1986	619388
1986	269885
1986	248320
1986	200000
1986	192635
1986	168241
1986	158010
1986	137900
1986	70000
1986	70000
1986	55834
1986	53000
1986	45000
1986	39150
1986	35400
1986	29886
1986	20063
1986	17500
1986	16000
1986	12854
1986	10000
1986	10000
1986	8000
1986	7000
1986	6000
1986	5534
1986	5500
1986	3666
1986	2219
1986	520
1986	195
1987	3222384
1987	2791342
1987	1222497
1987	1051051
1987	917485
1987	688440
1987	280619
1987	273370
1987	180000
1987	171650
1987	157500
1987	148489
1987	127574
1987	124100
1987	68706
1987	62000
1987	61658
1987	50000
1987	45000
1987	42700
1987	32000
1987	26589
1987	19394
1987	17000
1987	16000
1987	13464
1987	10000
1987	8750
1987	7000
1987	5643
1987	5500
1987	5000
1987	4300
1987	4110
1987	976
1987	520
1987	195
1987	22
1988	3116000
1988	2951054
1988	1359559
1988	990552
1988	854704
1988	772000
1988	284980
1988	256354
1988	178305
1988	170000
1988	148500
1988	135356
1988	108000
1988	81440
1988	78000
1988	75672
1988	67044
1988	54180
1988	46250
1988	40000
1988	30002
1988	25091
1988	17000
1988	16000
1988	15000
1988	15000
1988	15000
1988	13730
1988	8750
1988	7000
1988	5500
1988	5355
1988	5000
1988	4413
1988	1000
1988	880
1988	540
1988	195
1989	3310000
1989	3045552
1989	1833400
1989	1010520
1989	929353
1989	878210
1989	283176
1989	267230
1989	160000
1989	144831
1989	127050
1989	117320
1989	112000
1989	90301
1989	87816
1989	76153
1989	62186
1989	45250
1989	42000
1989	40000
1989	34055
1989	27247
1989	26001
1989	19000
1989	15000
1989	15000
1989	14520
1989	13500
1989	13352
1989	11000
1989	7000
1989	6302
1989	5500
1989	5108
1989	1300
1989	1000
1989	540
1989	195
1990	3444144
1990	3383538
1990	1678050
1990	1019280
1990	904176
1990	798387
1990	286045
1990	270280
1990	150000
1990	135000
1990	122466
1990	110000
1990	100000
1990	98830
1990	96535
1990	96031
1990	72000
1990	68285
1990	45000
1990	37700
1990	29000
1990	28979
1990	24658
1990	19000
1990	16000
1990	15000
1990	14520
1990	13623
1990	13500
1990	11250
1990	7000
1990	6631
1990	5500
1990	4818
1990	1300
1990	1200
1990	540
1990	195
1991	3615682
1991	2033050
1991	1857888
1991	1003900
1991	993400
1991	768680
1991	345000
1991	308125
1991	150000
1991	146750
1991	140854
1991	116000
1991	110596
1991	107988
1991	105262
1991	100000
1991	80000
1991	65848
1991	51250
1991	40000
1991	27301
1991	26000
1991	25000
1991	24164
1991	22000
1991	20000
1991	16750
1991	15620
1991	14008
1991	11250
1991	7000
1991	5500
1991	5055
1991	4025
1991	1400
1991	800
1991	560
1991	195
1992	3810073
1992	3469872
1992	2374000
1992	1154240
1992	833932
1992	647772
1992	345000
1992	321850
1992	154050
1992	142928
1992	139410
1992	129134
1992	121540
1992	117000
1992	113076
1992	90600
1992	64566
1992	57000
1992	52250
1992	40000
1992	31757
1992	28388
1992	27000
1992	25000
1992	25000
1992	20000
1992	15510
1992	13610
1992	13500
1992	10000
1992	5500
1992	4900
1992	4721
1992	3187
1992	1400
1992	565
1992	560
1992	195
1993	3420488
1993	2350704
1993	1991350
1993	1189920
1993	858619
1993	562222
1993	350000
1993	304135
1993	152800
1993	140573
1993	140000
1993	136587
1993	135950
1993	124000
1993	117411
1993	64900
1993	56973
1993	55600
1993	50000
1993	50000
1993	29188
1993	27000
1993	20000
1993	15081
1993	15000
1993	15000
1993	12742
1993	11000
1993	11000
1993	8000
1993	5500
1993	4478
1993	3690
1993	2450
1993	1437
1993	1400
1993	560
1993	195
1994	3445050
1994	1891150
1994	1771840
1994	1067760
1994	811735
1994	784167
1994	377505
1994	340000
1994	157445
1994	143100
1994	139966
1994	138000
1994	130000
1994	118624
1994	112750
1994	78164
1994	58450
1994	50400
1994	49993
1994	30778
1994	27000
1994	20000
1994	17000
1994	16137
1994	15000
1994	15000
1994	12003
1994	12000
1994	11000
1994	10000
1994	5600
1994	5500
1994	4000
1994	3257
1994	1800
1994	1445
1994	560
1994	195
1995	4133101
1995	2529850
1995	2364512
1995	976000
1995	889059
1995	835684
1995	535555
1995	337500
1995	160463
1995	159960
1995	154438
1995	150000
1995	141000
1995	128800
1995	120000
1995	89000
1995	64473
1995	58500
1995	49743
1995	34630
1995	30591
1995	27000
1995	27000
1995	20000
1995	16500
1995	15177
1995	15000
1995	14124
1995	11722
1995	11000
1995	6265
1995	5500
1995	3116
1995	2400
1995	2100
1995	1489
1995	560
1995	195
1996	4216501
1996	2898700
1996	1705984
1996	1063680
1996	1047548
1996	901613
1996	568590
1996	335000
1996	202200
1996	161095
1996	156870
1996	155829
1996	140000
1996	136800
1996	120000
1996	88000
1996	60470
1996	58650
1996	49890
1996	44652
1996	35802
1996	27000
1996	20000
1996	20000
1996	15059
1996	14500
1996	12360
1996	11500
1996	6995
1996	6317
1996	5800
1996	5256
1996	4353
1996	1800
1996	1574
1996	1000
1996	560
1996	195
1997	4163401
1997	2819700
1997	1207680
1997	1107739
1997	1080000
1997	904390
1997	596045
1997	252829
1997	250000
1997	176870
1997	162930
1997	153676
1997	139750
1997	137000
1997	110000
1997	74690
1997	61469
1997	57500
1997	49990
1997	48744
1997	36371
1997	30000
1997	27000
1997	20000
1997	15500
1997	14278
1997	12702
1997	12000
1997	12000
1997	6975
1997	6900
1997	5579
1997	4750
1997	4528
1997	2400
1997	1570
1997	560
1997	198
1998	4193124
1998	2343650
1998	1146515
1998	1099968
1998	1051480
1998	977905
1998	692175
1998	350000
1998	267195
1998	181894
1998	171755
1998	148300
1998	144000
1998	140000
1998	100010
1998	75000
1998	63464
1998	55500
1998	54963
1998	49999
1998	40000
1998	37785
1998	27000
1998	20000
1998	17000
1998	12000
1998	12000
1998	10823
1998	10811
1998	9433
1998	8510
1998	7374
1998	7335
1998	6900
1998	1814
1998	1400
1998	600
1998	198
1999	4654992
1999	2516600
1999	1061155
1999	951204
1999	937600
1999	917984
1999	888015
1999	278115
1999	268160
1999	200472
1999	197180
1999	170128
1999	162230
1999	155000
1999	143614
1999	100000
1999	52500
1999	51456
1999	48000
1999	40000
1999	37558
1999	27000
1999	20109
1999	20000
1999	17000
1999	14539
1999	13958
1999	13500
1999	11000
1999	9916
1999	8680
1999	8100
1999	7000
1999	3990
1999	1820
1999	1800
1999	600
1999	198
2000	4489863
2000	3480000
2000	2702606
2000	1193808
2000	979640
2000	882000
2000	752215
2000	290042
2000	270119
2000	265192
2000	210343
2000	165524
2000	160000
2000	135485
2000	112246
2000	80000
2000	52500
2000	50236
2000	45470
2000	40000
2000	39740
2000	27000
2000	20256
2000	20000
2000	17500
2000	16720
2000	14905
2000	14848
2000	13500
2000	11000
2000	8100
2000	7946
2000	7000
2000	6215
2000	2400
2000	1800
2000	640
2000	201
2001	4439340
2001	4371936
2001	2478144
2001	1080000
2001	1057827
2001	945000
2001	732845
2001	391350
2001	350190
2001	282697
2001	221178
2001	169349
2001	160000
2001	157050
2001	119814
2001	100810
2001	52350
2001	50000
2001	42958
2001	41170
2001	30000
2001	27000
2001	25000
2001	21000
2001	19433
2001	18000
2001	16528
2001	16500
2001	13512
2001	13500
2001	10442
2001	7000
2001	6900
2001	2581
2001	2400
2001	1800
2001	600
2001	202
2002	4458117
2002	3000649
2002	1781024
2002	1150628
2002	1100000
2002	912706
2002	856000
2002	316365
2002	270382
2002	224799
2002	200891
2002	185400
2002	174899
2002	165000
2002	160492
2002	59500
2002	52350
2002	50000
2002	50000
2002	44977
2002	36600
2002	31725
2002	30000
2002	28000
2002	22500
2002	19250
2002	18000
2002	15442
2002	13500
2002	11102
2002	11000
2002	10949
2002	7000
2002	6900
2002	2400
2002	1800
2002	600
2002	202
2003	4310748
2003	3712926
2003	2119296
2003	1240000
2003	1020947
2003	949680
2003	842735
2003	340215
2003	304298
2003	291741
2003	234305
2003	174000
2003	169125
2003	165000
2003	163024
2003	154035
2003	60000
2003	53628
2003	52350
2003	50000
2003	50000
2003	44156
2003	38816
2003	30000
2003	28000
2003	22500
2003	19000
2003	18000
2003	15421
2003	14000
2003	12644
2003	11400
2003	7000
2003	6900
2003	1800
2003	1400
2003	620
2003	204
2004	3507927
2004	3249787
2004	2138112
2004	1340000
2004	973245
2004	954738
2004	782465
2004	359745
2004	305935
2004	230533
2004	200000
2004	187210
2004	181850
2004	170000
2004	169076
2004	105000
2004	57031
2004	54659
2004	52350
2004	50000
2004	49995
2004	49140
2004	40000
2004	37465
2004	29000
2004	22500
2004	21000
2004	17250
2004	14563
2004	14000
2004	11165
2004	10000
2004	7000
2004	7000
2004	1800
2004	1400
2004	600
2004	204
2005	3556326
2005	2479318
2005	2256640
2005	1256000
2005	1063250
2005	1032911
2005	747435
2005	353650
2005	341704
2005	237610
2005	234540
2005	191001
2005	172000
2005	170000
2005	150290
2005	105000
2005	56254
2005	52350
2005	50000
2005	49999
2005	49606
2005	47709
2005	44940
2005	30000
2005	29000
2005	22500
2005	20000
2005	17250
2005	14563
2005	14000
2005	10000
2005	9805
2005	7000
2005	7000
2005	1800
2005	1400
2005	600
2005	204
2006	4217577
2006	2770656
2006	2382905
2006	1262000
2006	1013772
2006	1013516
2006	835975
2006	401945
2006	349781
2006	246257
2006	187214
2006	170000
2006	160000
2006	148750
2006	110749
2006	107500
2006	105000
2006	55700
2006	52350
2006	50000
2006	50000
2006	49758
2006	41206
2006	30107
2006	29000
2006	22500
2006	20000
2006	18000
2006	14480
2006	14050
2006	10922
2006	7000
2006	7000
2006	2400
2006	1860
2006	1000
2006	600
2006	216
2007	5332796
2007	3218274
2007	2554304
2007	1280000
2007	1041787
2007	986200
2007	869835
2007	483865
2007	418000
2007	259979
2007	214374
2007	205000
2007	154960
2007	150000
2007	110000
2007	105000
2007	63401
2007	60809
2007	52050
2007	50000
2007	50000
2007	41213
2007	30054
2007	29000
2007	22750
2007	20000
2007	18000
2007	17247
2007	16363
2007	16194
2007	14150
2007	7250
2007	7000
2007	5000
2007	2400
2007	1900
2007	600
2007	216
2008	5222818
2008	3675080
2008	2348224
2008	1360000
2008	1022138
2008	962770
2008	807275
2008	495029
2008	467055
2008	253981
2008	248544
2008	198086
2008	145000
2008	138325
2008	111000
2008	95000
2008	63035
2008	61417
2008	52050
2008	50000
2008	50000
2008	49023
2008	33527
2008	29000
2008	22750
2008	20836
2008	20000
2008	18000
2008	17749
2008	16601
2008	14150
2008	7250
2008	7000
2008	4700
2008	2400
2008	1900
2008	600
2008	216
2009	4275435
2009	3340822
2009	2449920
2009	1300000
2009	989854
2009	932754
2009	780415
2009	485771
2009	423657
2009	240000
2009	235441
2009	216907
2009	138300
2009	135000
2009	111000
2009	95000
2009	68953
2009	63514
2009	52050
2009	50000
2009	50000
2009	44140
2009	38078
2009	29000
2009	22750
2009	21675
2009	20000
2009	19139
2009	18000
2009	15786
2009	14150
2009	7250
2009	7000
2009	4700
2009	2400
2009	1900
2009	600
2009	216
