1991	5909.2
1991	2566.1
1991	1157.7
1991	962.2
1991	767.6
1991	761.3
1991	658.7
1991	527.1
1991	472.1
1991	451.8
1991	436.5
1991	416.9
1991	407.2
1991	407
1991	397
1991	369.7
1991	352.6
1991	351.5
1991	314.7
1991	283.6
1991	283.3
1991	280
1991	278.1
1991	270.7
1991	266
1991	265.9
1991	260.4
1991	260.2
1991	257
1991	248.3
1991	231.7
1991	228.6
1991	223.3
1991	220.4
1991	220.2
1991	220.1
1991	212.7
1991	212.6
1991	202.4
1991	201.4
1991	199.7
1991	196.8
1991	185.6
1991	181.1
1991	177.2
1991	174.8
1991	173.6
1991	173
1991	170.4
1991	167
1991	163.8
1991	162.8
1991	161.9
1991	160.4
1991	160.2
1991	160.1
1991	157.8
1991	149.1
1991	144.2
1991	139.1
1991	137.5
1991	137.1
1991	127.5
1991	123.2
1991	119.9
1991	85.8
1991	72.7
1991	62.4
1991	6.4
1992	7238.5
1992	2785.9
1992	1582.5
1992	1144.4
1992	990.1
1992	772.4
1992	728.7
1992	506
1992	461.2
1992	445.1
1992	429.4
1992	415.4
1992	402.7
1992	387.6
1992	375.4
1992	361.1
1992	351.4
1992	298.5
1992	295.7
1992	287.9
1992	283.3
1992	269.1
1992	263.3
1992	263.1
1992	261
1992	258
1992	252.6
1992	249.3
1992	242.3
1992	226.7
1992	226.6
1992	224
1992	220.1
1992	213.3
1992	211.2
1992	208.7
1992	204
1992	204
1992	190.2
1992	188.9
1992	188.5
1992	187.8
1992	186.6
1992	183.9
1992	183.2
1992	180.1
1992	177.7
1992	174.4
1992	169.9
1992	168.8
1992	168.6
1992	167.6
1992	162.4
1992	162
1992	161.8
1992	159
1992	158.5
1992	155.4
1992	152.9
1992	150.5
1992	149.7
1992	146.3
1992	135.8
1992	130.5
1992	130.4
1992	130
1992	127.3
1992	120
1992	119.7
1992	86.8
1992	49.5
1992	26.3
1992	10.5
1992	1.3
1993	3360.4
1993	2287.3
1993	1159
1993	851.1
1993	832.8
1993	723.3
1993	659
1993	506.6
1993	456.2
1993	453.5
1993	441.2
1993	419
1993	416.7
1993	408.7
1993	387
1993	360.7
1993	356.8
1993	341.3
1993	331.4
1993	317.9
1993	303.2
1993	300.2
1993	272.7
1993	267
1993	266.3
1993	265.1
1993	264.9
1993	264.9
1993	259.5
1993	245.6
1993	243.4
1993	239.7
1993	233.1
1993	229.6
1993	206.3
1993	206.2
1993	205.9
1993	204.4
1993	203.4
1993	203.3
1993	203.2
1993	199.1
1993	190.7
1993	182.6
1993	180.2
1993	176
1993	175.2
1993	174.6
1993	174.5
1993	174
1993	174
1993	171.9
1993	169.8
1993	169.7
1993	164.5
1993	161.7
1993	160.6
1993	156.1
1993	155.4
1993	151.8
1993	150.3
1993	149.4
1993	148.6
1993	147.3
1993	146.8
1993	141.4
1993	140.5
1993	130.2
1993	127
1993	126.2
1993	119.6
1993	116.3
1993	64.4
1993	38
1993	20.2
1993	11.4
1994	3338
1994	1803.3
1994	1190.9
1994	602.8
1994	570.7
1994	559.2
1994	542.2
1994	488.8
1994	446.9
1994	435.4
1994	425.8
1994	420.3
1994	412.9
1994	386.7
1994	376.6
1994	367.7
1994	332.5
1994	329.2
1994	306.7
1994	295.4
1994	281.2
1994	276
1994	259.2
1994	255.4
1994	245.7
1994	245.2
1994	239.9
1994	238.6
1994	237.5
1994	234.5
1994	223.3
1994	220.8
1994	211.3
1994	208.7
1994	207.1
1994	203.8
1994	200.7
1994	200.2
1994	199.2
1994	198.1
1994	197.9
1994	196.9
1994	195.6
1994	194.5
1994	189.2
1994	181.1
1994	180.9
1994	180.1
1994	178.7
1994	178.3
1994	178.1
1994	176.9
1994	171.8
1994	171.7
1994	169.3
1994	167.1
1994	164
1994	163.6
1994	162.4
1994	161.5
1994	156.7
1994	153.2
1994	153.2
1994	152.4
1994	149.3
1994	149
1994	147.6
1994	140.6
1994	135.1
1994	135.1
1994	125.7
1994	111.4
1994	102.7
1994	93.6
1994	64.4
1994	14.7
1995	3348.9
1995	1389.8
1995	911.6
1995	899.9
1995	873.4
1995	652.2
1995	616
1995	593.2
1995	590.3
1995	564.8
1995	529.4
1995	479.3
1995	477.1
1995	477.1
1995	445
1995	444.6
1995	393.3
1995	367.6
1995	293.1
1995	286.3
1995	284
1995	281.6
1995	273.7
1995	272.3
1995	265.9
1995	265.2
1995	260.9
1995	260.8
1995	259
1995	251.8
1995	250.5
1995	245.6
1995	245.1
1995	242.8
1995	241.3
1995	236.4
1995	232.4
1995	230.8
1995	221.9
1995	220.4
1995	214.4
1995	212.2
1995	210.6
1995	208.4
1995	206.2
1995	205.2
1995	202
1995	199.6
1995	195.7
1995	193.4
1995	192.9
1995	190.5
1995	190
1995	186.6
1995	184
1995	182.1
1995	177.4
1995	175.5
1995	175.4
1995	170
1995	169.6
1995	168.8
1995	167
1995	166.1
1995	165.8
1995	162.5
1995	157.9
1995	151.6
1995	150.8
1995	150.3
1995	136.2
1995	135.8
1995	117.8
1995	107.2
1995	106.8
1995	106.5
1995	19.8
1996	2845.2
1996	2084.6
1996	1180.7
1996	1157.4
1996	969.4
1996	869
1996	608.1
1996	595.4
1996	566.8
1996	566.5
1996	497.9
1996	491.6
1996	485.9
1996	485.4
1996	453.9
1996	440.9
1996	436
1996	386.6
1996	386.5
1996	384.9
1996	333.6
1996	331.2
1996	310.1
1996	309.8
1996	309.6
1996	296.7
1996	288
1996	287.4
1996	286.3
1996	280.7
1996	274.8
1996	273.5
1996	273.1
1996	272.5
1996	271.1
1996	269.9
1996	263
1996	262.6
1996	260.7
1996	257.6
1996	254
1996	217.1
1996	215
1996	212.7
1996	212
1996	210.1
1996	207.3
1996	207
1996	206
1996	205.7
1996	205.3
1996	205.3
1996	204.8
1996	200.1
1996	195.6
1996	195.3
1996	190
1996	189.1
1996	189
1996	185.7
1996	183.1
1996	181.8
1996	181.3
1996	179.4
1996	179.3
1996	179.1
1996	178.8
1996	176.9
1996	166.2
1996	165.7
1996	154.5
1996	146.6
1996	131.1
1996	121.2
1996	106.2
1996	24.3
1997	2298.7
1997	1858
1997	1155.1
1997	945.8
1997	854.4
1997	770
1997	763.1
1997	625.9
1997	625.9
1997	565.5
1997	506.8
1997	423.2
1997	412.6
1997	376.5
1997	367.6
1997	356.5
1997	347.3
1997	333.2
1997	329.4
1997	323.5
1997	319.3
1997	309.5
1997	309.3
1997	302.5
1997	293.9
1997	287.6
1997	284.6
1997	283.8
1997	283.1
1997	279.5
1997	273.5
1997	272
1997	268.7
1997	265.4
1997	263.9
1997	263.8
1997	257
1997	247.2
1997	239.9
1997	236.5
1997	236.1
1997	232.1
1997	221
1997	213.4
1997	212.6
1997	212.2
1997	211.9
1997	211.1
1997	210.7
1997	206.1
1997	199.8
1997	197
1997	196.7
1997	191.5
1997	191.5
1997	188.5
1997	188.5
1997	188.5
1997	186
1997	185.9
1997	183.6
1997	183.3
1997	180.1
1997	174
1997	173.1
1997	171.6
1997	171.3
1997	169.9
1997	168.5
1997	167.9
1997	149.6
1997	143
1997	129.6
1997	128.5
1997	121.7
1997	119.4
1997	36.1
1998	2214.2
1998	1459.8
1998	1350.9
1998	1244
1998	832
1998	803.5
1998	729.2
1998	594.5
1998	571.9
1998	566.2
1998	469.2
1998	444.7
1998	423.8
1998	392.6
1998	349.7
1998	340.8
1998	329.9
1998	329.4
1998	325.7
1998	323.1
1998	311.8
1998	309.7
1998	301.5
1998	293.7
1998	292.7
1998	291.9
1998	291.5
1998	287.6
1998	283.3
1998	280
1998	278.8
1998	278.7
1998	277.8
1998	275.6
1998	267.5
1998	266.4
1998	254.3
1998	248.2
1998	245
1998	236.3
1998	222
1998	220.1
1998	218.7
1998	218.6
1998	218.6
1998	216.2
1998	213.7
1998	204
1998	203.4
1998	203
1998	199.3
1998	196.6
1998	196
1998	195.1
1998	191.6
1998	186.5
1998	179.6
1998	178
1998	174.7
1998	173.6
1998	166.4
1998	166.1
1998	165.2
1998	164.4
1998	161.5
1998	160.8
1998	160.6
1998	157.6
1998	156.7
1998	149.6
1998	139.2
1998	136
1998	126
1998	119.7
1998	93.9
1998	74.8
1998	69.8
1998	45.8
1999	2257.7
1999	1776.7
1999	1685.5
1999	1087.7
1999	777.3
1999	727.5
1999	666
1999	559.4
1999	523.5
1999	431.4
1999	417.7
1999	407.9
1999	406
1999	361.7
1999	346.2
1999	336
1999	302.9
1999	301.6
1999	299.8
1999	299.2
1999	297.6
1999	295.1
1999	292.7
1999	279
1999	276.2
1999	269.5
1999	267
1999	264
1999	252.4
1999	252.1
1999	247
1999	239.5
1999	235.6
1999	231
1999	220.9
1999	215.3
1999	212.3
1999	211.6
1999	210.2
1999	206.5
1999	201.3
1999	197
1999	188.8
1999	186.4
1999	186
1999	185.7
1999	180.3
1999	178.7
1999	178.4
1999	178.4
1999	175.4
1999	175.2
1999	175.1
1999	172.2
1999	171
1999	168.9
1999	168.7
1999	168.3
1999	162.4
1999	157
1999	154.6
1999	153.6
1999	153.6
1999	153.5
1999	145.5
1999	144.6
1999	132
1999	131
1999	128.4
1999	127.1
1999	121.9
1999	116.2
1999	110.3
1999	108.2
1999	80.4
1999	57.3
2000	2231.7
2000	1833.7
2000	1163.8
2000	1101
2000	1017.8
2000	594.4
2000	582.1
2000	580.1
2000	405.5
2000	400.5
2000	398.7
2000	388.9
2000	356
2000	351.1
2000	319.3
2000	306.6
2000	299.9
2000	282
2000	279.4
2000	277.5
2000	275.8
2000	268.3
2000	267.3
2000	265.1
2000	252.8
2000	243.7
2000	242.8
2000	242.7
2000	239
2000	214.8
2000	213
2000	211.7
2000	210.6
2000	205.4
2000	201.6
2000	201.6
2000	199.5
2000	198.1
2000	190.6
2000	190.5
2000	190.4
2000	178.4
2000	170.2
2000	167.9
2000	166.2
2000	165.7
2000	165.1
2000	162.1
2000	160.5
2000	160.1
2000	159.9
2000	155.2
2000	154.8
2000	154.5
2000	154.5
2000	154.5
2000	144.6
2000	141.6
2000	136.9
2000	136.1
2000	132.6
2000	130.1
2000	128.6
2000	127.1
2000	124
2000	119.4
2000	118.5
2000	116.1
2000	112.4
2000	108.5
2000	107.8
2000	106
2000	103
2000	102.8
2000	96.3
2000	90.6
2001	1970.7
2001	1618.7
2001	1561.4
2001	1360.3
2001	880.7
2001	632.8
2001	531.7
2001	523.9
2001	423.9
2001	390.4
2001	387.8
2001	386.5
2001	355.4
2001	341
2001	337
2001	305.5
2001	282
2001	279.2
2001	277.6
2001	276.8
2001	257.8
2001	256
2001	252.9
2001	249.8
2001	249.7
2001	240.9
2001	237.5
2001	237.1
2001	230.9
2001	224
2001	223.3
2001	221.5
2001	216.8
2001	209.1
2001	205.1
2001	204.9
2001	200.4
2001	185.4
2001	182.8
2001	173.9
2001	170.5
2001	169.8
2001	165.1
2001	163.6
2001	160.2
2001	158.5
2001	151.7
2001	151.5
2001	151.4
2001	149
2001	144.6
2001	143.4
2001	143.2
2001	139.6
2001	136
2001	133.9
2001	133.9
2001	133.1
2001	130.8
2001	127.6
2001	124.7
2001	124.6
2001	121.7
2001	112.3
2001	110.2
2001	110.1
2001	108.6
2001	108.1
2001	106
2001	106
2001	105.2
2001	104.7
2001	102.2
2001	100.5
2001	94.2
2001	94
2002	1888.8
2002	1592.9
2002	1547.1
2002	845.6
2002	648.4
2002	583.5
2002	493.4
2002	437.8
2002	431.3
2002	427.4
2002	411.4
2002	389.4
2002	379.8
2002	377.8
2002	372.7
2002	363.1
2002	358.7
2002	349.3
2002	323.4
2002	282.3
2002	263
2002	258.8
2002	257.7
2002	252.6
2002	247.7
2002	242.5
2002	242.3
2002	223.9
2002	215.5
2002	207.5
2002	205.4
2002	205
2002	203.7
2002	202.5
2002	198.5
2002	193.7
2002	188
2002	182.1
2002	177.9
2002	173
2002	171.9
2002	170.9
2002	170.7
2002	169.8
2002	158.2
2002	157.8
2002	156.5
2002	155
2002	149.1
2002	148.9
2002	147.9
2002	145.7
2002	143.6
2002	143.4
2002	142.3
2002	140.9
2002	135.9
2002	133.9
2002	133.5
2002	130
2002	125.5
2002	125
2002	124.1
2002	122.3
2002	121.4
2002	120.1
2002	119.7
2002	117.6
2002	116
2002	114
2002	112.5
2002	111.1
2002	105.6
2002	99.4
2002	99
2002	74.3
2003	2399.4
2003	1714.2
2003	812.8
2003	611.6
2003	556.3
2003	544.5
2003	509.1
2003	472.8
2003	446.5
2003	446.4
2003	430.1
2003	423.2
2003	411.5
2003	404.9
2003	383.3
2003	370.9
2003	327.3
2003	321.9
2003	310.4
2003	295.8
2003	289.2
2003	279.2
2003	261
2003	248.8
2003	242.5
2003	241.4
2003	241.3
2003	236.7
2003	235
2003	232
2003	225.7
2003	220
2003	215.3
2003	212.7
2003	212.5
2003	208.2
2003	207.8
2003	200.3
2003	199.6
2003	199
2003	197.5
2003	191
2003	190.1
2003	190
2003	189.3
2003	184.2
2003	182
2003	178
2003	177.2
2003	170.3
2003	169.7
2003	167.5
2003	164.8
2003	163.4
2003	163.1
2003	155.2
2003	154
2003	149
2003	143.1
2003	140.5
2003	137.2
2003	134.2
2003	134.2
2003	132.3
2003	128.8
2003	123.8
2003	111.7
2003	105.2
2003	105
2003	103.2
2003	96.9
2003	84.1
2004	2292
2004	1798.1
2004	787.7
2004	667.6
2004	643.5
2004	594.1
2004	583.4
2004	565.7
2004	510.5
2004	476.5
2004	474.1
2004	473.9
2004	471.6
2004	463.4
2004	450.4
2004	444
2004	347.5
2004	328.5
2004	314.1
2004	306.1
2004	271.7
2004	268
2004	264.9
2004	261.6
2004	258.6
2004	247.9
2004	242
2004	240.7
2004	239.4
2004	239
2004	230.9
2004	226
2004	219.4
2004	218.6
2004	217.2
2004	216.1
2004	214.4
2004	209.4
2004	208.5
2004	207.7
2004	198.9
2004	197.1
2004	188.2
2004	176.1
2004	171.5
2004	168.6
2004	167.5
2004	166.5
2004	165.5
2004	165.4
2004	163.2
2004	162
2004	161.5
2004	161
2004	160.3
2004	157.9
2004	155.8
2004	149.7
2004	149
2004	147.5
2004	147.2
2004	144.6
2004	142.8
2004	140.6
2004	138
2004	133.5
2004	103.8
2004	102.4
2005	2016.7
2005	1837.6
2005	1089.4
2005	868.1
2005	757
2005	717.8
2005	649.4
2005	647.7
2005	609.2
2005	577.8
2005	568.2
2005	545.1
2005	543.4
2005	497.3
2005	480.2
2005	474.8
2005	392.2
2005	386.7
2005	378.8
2005	321
2005	313.5
2005	281.1
2005	279
2005	275.4
2005	264
2005	260
2005	258.3
2005	256.7
2005	243.3
2005	241.6
2005	240.7
2005	237.9
2005	232.8
2005	230
2005	226.9
2005	222.2
2005	214.4
2005	210.3
2005	203.7
2005	203.5
2005	203.4
2005	202.2
2005	201.7
2005	198.7
2005	197.3
2005	191
2005	191
2005	189.4
2005	188.8
2005	185
2005	175
2005	174.8
2005	172.2
2005	169
2005	163.7
2005	163.3
2005	159.4
2005	150.9
2005	146.9
2005	143.9
2005	141.5
2005	141.3
2005	139.9
2005	138.2
2005	131.9
2005	127.7
2005	118
2005	117.1
2006	20271.9
2006	1864.9
2006	1814.8
2006	984.5
2006	953.3
2006	817.3
2006	770.4
2006	757.1
2006	751.3
2006	709.1
2006	622
2006	600
2006	597.5
2006	519.6
2006	516.2
2006	451.7
2006	415.4
2006	405.2
2006	331.1
2006	329.3
2006	317.9
2006	303.1
2006	286.4
2006	283.3
2006	279.8
2006	277
2006	274
2006	264.2
2006	262.2
2006	259.8
2006	259
2006	250.8
2006	249
2006	248.9
2006	235.8
2006	233.6
2006	232.3
2006	231.7
2006	225.1
2006	223.4
2006	221.9
2006	220
2006	208.8
2006	205.7
2006	203.9
2006	203.9
2006	195.1
2006	188
2006	180.5
2006	178.2
2006	177.2
2006	177.2
2006	175
2006	166.2
2006	165.4
2006	161.8
2006	157.6
2006	155.2
2006	150.2
2006	149.8
2006	145.7
2006	139
2006	136.5
2006	134.6
2006	134
2006	133.7
2006	123.9
2007	27385.6
2007	1980.4
2007	1811.9
2007	1013.1
2007	858.5
2007	856.7
2007	734.1
2007	694.4
2007	687.8
2007	672.1
2007	624.1
2007	577.8
2007	537.1
2007	505.1
2007	459
2007	452.2
2007	439.1
2007	428
2007	417.9
2007	384.7
2007	379.8
2007	372
2007	354.9
2007	349.1
2007	346.9
2007	345.4
2007	343.1
2007	342.1
2007	335.3
2007	326.7
2007	309.4
2007	283.4
2007	282
2007	277.5
2007	277
2007	275.4
2007	275
2007	269.7
2007	262.3
2007	256.8
2007	256.4
2007	252.8
2007	250.2
2007	249.6
2007	243.6
2007	239.6
2007	238.2
2007	236.1
2007	227
2007	209.7
2007	209.6
2007	204
2007	198.5
2007	193.9
2007	190
2007	189.1
2007	184.2
2007	180.7
2007	177.5
2007	168
2007	166.9
2007	162.8
2007	156.9
2007	153
2007	142.1
2008	51394.9
2008	2046.3
2008	1720.3
2008	1266.4
2008	1162.6
2008	1091.5
2008	1067.4
2008	865.8
2008	861.5
2008	826
2008	813.7
2008	734.4
2008	697
2008	633.8
2008	562.1
2008	542.3
2008	528.1
2008	511.6
2008	481.7
2008	479.6
2008	464.5
2008	445.8
2008	444.3
2008	426.4
2008	418.2
2008	403.4
2008	403
2008	399.1
2008	396.4
2008	392.4
2008	386.4
2008	385.7
2008	375.2
2008	370
2008	365.4
2008	364.3
2008	356.8
2008	348.1
2008	339.4
2008	335.2
2008	333.8
2008	328.2
2008	325.8
2008	319.7
2008	318.8
2008	314.9
2008	295.3
2008	293.4
2008	291.8
2008	290.8
2008	280
2008	278
2008	269.7
2008	268.3
2008	243.4
2008	239.2
2008	224.8
2008	188.2
2009	57464.1
2009	2348.9
2009	1572.8
2009	1505.9
2009	1094.9
2009	889
2009	815
2009	807.1
2009	749.8
2009	652.5
2009	621.8
2009	576.4
2009	570.4
2009	556.7
2009	506.8
2009	487.3
2009	449.2
2009	427.9
2009	422
2009	418.5
2009	412.6
2009	390.2
2009	378.5
2009	371.4
2009	368.7
2009	354.4
2009	341.9
2009	339.2
2009	329.6
2009	317
2009	316.4
2009	314.5
2009	313.1
2009	310.1
2009	309.2
2009	306.9
2009	299.6
2009	296.5
2009	294.4
2009	284
2009	270.2
2009	262.5
2009	255.2
2009	246.1
2009	241.8
2009	241.5
2009	229.2
2009	209
2009	203.6
2009	183.2
2010	53612.7
2010	2402.7
2010	1634.2
2010	1208.4
2010	1126.1
2010	954
2010	891.4
2010	782.7
2010	757.8
2010	719.8
2010	629
2010	519.5
2010	488.7
2010	459.9
2010	456.6
2010	444
2010	438.9
2010	421.1
2010	374.2
2010	368.1
2010	366.3
2010	366.3
2010	364.7
2010	357.6
2010	355.1
2010	353.1
2010	339.5
2010	338.6
2010	333.8
2010	329.9
2010	327
2010	316
2010	299.4
2010	296.6
2010	295.7
2010	287.2
2010	281.4
2010	280.2
2010	273
2010	269.5
2010	269.1
2010	264
2010	263.3
2010	251.5
2010	247.2
2010	232.7
2010	169.8
