1961	91388000
1961	18027091
1961	17113000
1961	9036240
1961	6246110
1961	5739600
1961	5293000
1961	4850000
1961	4554000
1961	4312000
1961	3936000
1961	2736900
1961	2480000
1961	2283100
1961	1617130
1961	1424490
1961	1266270
1961	1245000
1961	1107000
1961	1066800
1961	1017000
1961	1014000
1961	940000
1961	843000
1961	815000
1961	757531
1961	741912
1961	727000
1961	700000
1961	660000
1961	632015
1961	598276
1961	590000
1961	518100
1961	487680
1961	461046
1961	430000
1961	419508
1961	370000
1961	370000
1961	360000
1961	340037
1961	292200
1961	258800
1961	258402
1961	228171
1961	228000
1961	226000
1961	223723
1961	219593
1961	198440
1961	196000
1961	176300
1961	174300
1961	162810
1961	158630
1961	154104
1961	153047
1961	140200
1961	130000
1961	120000
1961	116920
1961	116000
1961	110000
1961	110000
1961	99000
1961	97000
1961	95000
1961	95000
1961	74985
1961	73982
1961	72900
1961	69800
1961	54894
1961	51913
1961	50233
1961	48000
1961	40000
1961	33000
1961	29991
1961	28434
1961	28313
1961	26151
1961	20000
1961	17500
1961	17000
1961	16162
1961	15082
1961	15000
1961	14000
1961	13000
1961	12500
1961	12200
1961	10262
1961	9886
1961	9419
1961	9000
1961	8941
1961	8500
1961	8300
1961	8000
1961	7800
1961	7200
1961	7112
1961	5689
1961	4000
1961	3556
1961	3200
1961	2441
1961	2400
1961	2300
1961	2194
1961	2000
1961	2000
1961	2000
1961	1898
1961	1500
1961	1354
1961	1300
1961	1225
1961	1200
1961	817
1961	729
1961	716
1961	616
1961	550
1961	457
1961	400
1961	400
1961	350
1961	227
1961	220
1961	200
1961	180
1961	130
1961	119
1961	110
1961	100
1961	50
1961	10
1961	3
1962	91604000
1962	16286265
1962	15474000
1962	9587290
1962	6337360
1962	6024000
1962	5275000
1962	5220000
1962	4932400
1962	4607000
1962	3269860
1962	3263300
1962	3242900
1962	2003690
1962	1866560
1962	1555740
1962	1305000
1962	1272900
1962	1100000
1962	991000
1962	920399
1962	894000
1962	850000
1962	848368
1962	842705
1962	800000
1962	753900
1962	739000
1962	700000
1962	665429
1962	640000
1962	600000
1962	590941
1962	559000
1962	540475
1962	482600
1962	471272
1962	430000
1962	420000
1962	360000
1962	357274
1962	350000
1962	330000
1962	314085
1962	280399
1962	264800
1962	229000
1962	222470
1962	220000
1962	215429
1962	213900
1962	192913
1962	190000
1962	185613
1962	180760
1962	170000
1962	155175
1962	151800
1962	149900
1962	138365
1962	123500
1962	122919
1962	117000
1962	110000
1962	103600
1962	102700
1962	98000
1962	92900
1962	90000
1962	87700
1962	84039
1962	78306
1962	71887
1962	68744
1962	66371
1962	56794
1962	49500
1962	48464
1962	45259
1962	34860
1962	30000
1962	27000
1962	21000
1962	20000
1962	19000
1962	18000
1962	17537
1962	16145
1962	15000
1962	15000
1962	14000
1962	13843
1962	13000
1962	12800
1962	12700
1962	9149
1962	9144
1962	9000
1962	8974
1962	8500
1962	8100
1962	8000
1962	6600
1962	6350
1962	5080
1962	3861
1962	3472
1962	3400
1962	2700
1962	2700
1962	2495
1962	2350
1962	2300
1962	2000
1962	2000
1962	1983
1962	1500
1962	1400
1962	1400
1962	1200
1962	1173
1962	899
1962	857
1962	550
1962	514
1962	417
1962	405
1962	400
1962	400
1962	350
1962	293
1962	220
1962	203
1962	181
1962	164
1962	150
1962	130
1962	110
1962	50
1962	10
1962	3
1963	102093000
1963	20614528
1963	11143000
1963	10418300
1963	6870200
1963	6127000
1963	6022700
1963	5382000
1963	4561000
1963	4360000
1963	3877070
1963	3691900
1963	3581860
1963	2357800
1963	1867000
1963	1732040
1963	1430000
1963	1292710
1963	1250000
1963	1171300
1963	1167000
1963	990000
1963	919110
1963	857743
1963	850000
1963	849000
1963	781593
1963	726000
1963	720000
1963	713000
1963	695000
1963	589000
1963	578244
1963	570000
1963	526300
1963	523360
1963	480000
1963	430163
1963	400000
1963	362330
1963	355000
1963	350000
1963	340000
1963	284233
1963	270500
1963	253840
1963	252562
1963	230000
1963	207077
1963	205653
1963	204922
1963	200000
1963	194221
1963	192141
1963	191953
1963	189415
1963	183200
1963	182889
1963	176020
1963	169000
1963	142378
1963	120000
1963	115000
1963	110000
1963	108788
1963	108300
1963	103500
1963	100200
1963	95000
1963	91900
1963	75851
1963	74112
1963	70000
1963	66150
1963	59017
1963	51000
1963	50249
1963	45583
1963	31751
1963	30000
1963	27000
1963	24150
1963	21000
1963	20438
1963	18372
1963	15470
1963	15000
1963	15000
1963	15000
1963	14000
1963	14000
1963	13000
1963	13000
1963	12800
1963	12000
1963	10587
1963	10000
1963	9449
1963	9149
1963	8500
1963	7700
1963	7600
1963	6500
1963	6000
1963	5100
1963	4069
1963	4064
1963	3942
1963	3700
1963	2800
1963	2631
1963	2300
1963	2232
1963	2074
1963	2013
1963	2000
1963	2000
1963	1600
1963	1440
1963	1200
1963	1019
1963	879
1963	764
1963	708
1963	550
1963	406
1963	400
1963	400
1963	350
1963	250
1963	200
1963	179
1963	147
1963	140
1963	117
1963	116
1963	91
1963	70
1963	30
1963	10
1963	4
1964	88504000
1964	22732100
1964	13849000
1964	9408040
1964	8454050
1964	6963000
1964	6691700
1964	5350000
1964	4664000
1964	4310000
1964	3957300
1964	3768600
1964	3551860
1964	2108800
1964	2055740
1964	1934210
1964	1505000
1964	1342190
1964	1312680
1964	1230000
1964	1202810
1964	1118000
1964	1000000
1964	968000
1964	935100
1964	907000
1964	854000
1964	766800
1964	720000
1964	720000
1964	716000
1964	660000
1964	643000
1964	596535
1964	528300
1964	502580
1964	475000
1964	465315
1964	450000
1964	400000
1964	360000
1964	350000
1964	332768
1964	330000
1964	319600
1964	262000
1964	241520
1964	232000
1964	228378
1964	220000
1964	211857
1964	206000
1964	203900
1964	200000
1964	191611
1964	176000
1964	172728
1964	170745
1964	169231
1964	158100
1964	133480
1964	128780
1964	127000
1964	110000
1964	110000
1964	109200
1964	106900
1964	100000
1964	91064
1964	90000
1964	83800
1964	81902
1964	77000
1964	65010
1964	61224
1964	53389
1964	52500
1964	43198
1964	37000
1964	34712
1964	30481
1964	28000
1964	26593
1964	21311
1964	21000
1964	19100
1964	19000
1964	18898
1964	18000
1964	18000
1964	15362
1964	15000
1964	13200
1964	13000
1964	12927
1964	12000
1964	12000
1964	11000
1964	9459
1964	9285
1964	8400
1964	6300
1964	5840
1964	5000
1964	4800
1964	4572
1964	4014
1964	4000
1964	3048
1964	3039
1964	2800
1964	2800
1964	2600
1964	2500
1964	2087
1964	2000
1964	1500
1964	1382
1964	1234
1964	1200
1964	1000
1964	816
1964	550
1964	550
1964	526
1964	508
1964	400
1964	400
1964	400
1964	350
1964	250
1964	200
1964	140
1964	135
1964	113
1964	95
1964	91
1964	25
1964	18
1964	10
1964	4
1965	104217000
1965	23691079
1965	12111900
1965	8936380
1965	8030000
1965	5914000
1965	5877000
1965	5140000
1965	4823000
1965	4608000
1965	3608200
1965	3467800
1965	3316900
1965	2364500
1965	2141000
1965	1511310
1965	1379830
1965	1315000
1965	1300530
1965	1237830
1965	1160000
1965	1141860
1965	1021270
1965	945000
1965	890000
1965	870755
1965	856000
1965	822000
1965	788400
1965	751000
1965	720000
1965	700000
1965	645661
1965	557171
1965	539500
1965	521000
1965	458625
1965	450000
1965	393008
1965	390000
1965	350000
1965	333768
1965	330000
1965	330000
1965	319100
1965	277100
1965	270000
1965	260000
1965	248717
1965	234000
1965	218783
1965	210000
1965	209001
1965	203006
1965	191363
1965	186504
1965	180000
1965	174733
1965	171300
1965	165660
1965	139000
1965	122555
1965	110000
1965	110000
1965	108707
1965	107900
1965	99002
1965	87700
1965	87000
1965	84374
1965	78174
1965	77285
1965	75300
1965	62720
1965	60000
1965	54000
1965	47347
1965	43998
1965	40793
1965	39940
1965	37500
1965	32000
1965	31751
1965	23546
1965	23000
1965	22000
1965	20000
1965	18400
1965	17000
1965	15297
1965	15000
1965	14000
1965	14000
1965	13500
1965	12927
1965	12368
1965	10000
1965	10000
1965	9926
1965	9065
1965	8400
1965	5672
1965	5000
1965	4180
1965	3800
1965	3658
1965	3556
1965	3447
1965	3200
1965	3048
1965	3000
1965	2711
1965	2500
1965	2337
1965	2000
1965	2000
1965	1706
1965	1635
1965	1525
1965	1388
1965	1200
1965	720
1965	560
1965	550
1965	550
1965	500
1965	400
1965	400
1965	400
1965	350
1965	300
1965	296
1965	200
1965	150
1965	105
1965	95
1965	80
1965	45
1965	20
1965	10
1965	4
1966	105861000
1966	29181639
1966	11371500
1966	9271490
1966	8416000
1966	8021600
1966	7985000
1966	7040000
1966	5161000
1966	4893600
1966	4340200
1966	3957890
1966	3717400
1966	3509500
1966	2376000
1966	2206510
1966	1684800
1966	1489950
1966	1465000
1966	1154300
1966	1122400
1966	1090000
1966	1000000
1966	975000
1966	950000
1966	900000
1966	880000
1966	850000
1966	824025
1966	812100
1966	770000
1966	720000
1966	604688
1966	595465
1966	587250
1966	581008
1966	557470
1966	476157
1966	440000
1966	402100
1966	390000
1966	380000
1966	334681
1966	320000
1966	285327
1966	274899
1966	274615
1966	273000
1966	268600
1966	265914
1966	256500
1966	233700
1966	220648
1966	218500
1966	203864
1966	195000
1966	181880
1966	176000
1966	174905
1966	165500
1966	140895
1966	135800
1966	128441
1966	124922
1966	110000
1966	109740
1966	109000
1966	105000
1966	101968
1966	100650
1966	90000
1966	84370
1966	77491
1966	73000
1966	63300
1966	55984
1966	55500
1966	48900
1966	42500
1966	41812
1966	40000
1966	36000
1966	35017
1966	23900
1966	22000
1966	21000
1966	20000
1966	19400
1966	19356
1966	19000
1966	18000
1966	16511
1966	15640
1966	13500
1966	13000
1966	10900
1966	10000
1966	9939
1966	9681
1966	9639
1966	8841
1966	8300
1966	7518
1966	5000
1966	4989
1966	4317
1966	4000
1966	4000
1966	3440
1966	3300
1966	3058
1966	3000
1966	2555
1966	2203
1966	2000
1966	2000
1966	2000
1966	1569
1966	1300
1966	1083
1966	1000
1966	830
1966	600
1966	540
1966	486
1966	457
1966	430
1966	420
1966	420
1966	415
1966	400
1966	330
1966	200
1966	150
1966	111
1966	82
1966	45
1966	30
1966	30
1966	10
1966	5
1966	4
1967	123458000
1967	31014082
1967	12824400
1967	9802000
1967	9163000
1967	8603280
1967	8510000
1967	7204000
1967	6857880
1967	6269300
1967	4152190
1967	3859600
1967	3580120
1967	2369100
1967	2167000
1967	1970650
1967	1882980
1967	1619150
1967	1517590
1967	1440000
1967	1365000
1967	1270000
1967	1217000
1967	1195320
1967	1050000
1967	950000
1967	850000
1967	826600
1967	791500
1967	770000
1967	768000
1967	750000
1967	745600
1967	633372
1967	624303
1967	607426
1967	590575
1967	500000
1967	420779
1967	410000
1967	380000
1967	362200
1967	356500
1967	342917
1967	335655
1967	315829
1967	312900
1967	310000
1967	277700
1967	258131
1967	253000
1967	246000
1967	245411
1967	230000
1967	227769
1967	225000
1967	220000
1967	208840
1967	202300
1967	197485
1967	190278
1967	149900
1967	145515
1967	124000
1967	116885
1967	115600
1967	115000
1967	110000
1967	98100
1967	93050
1967	88883
1967	88000
1967	84771
1967	73000
1967	68075
1967	62595
1967	60900
1967	57000
1967	56800
1967	53200
1967	40000
1967	38548
1967	34000
1967	30000
1967	30000
1967	22000
1967	22000
1967	22000
1967	21600
1967	18492
1967	18226
1967	16761
1967	16328
1967	14000
1967	13000
1967	12650
1967	11000
1967	10000
1967	8900
1967	8300
1967	7938
1967	6713
1967	5700
1967	5185
1967	5000
1967	4467
1967	4215
1967	3647
1967	3500
1967	3500
1967	3000
1967	2961
1967	2700
1967	2631
1967	2300
1967	2000
1967	2000
1967	1996
1967	1534
1967	1498
1967	1255
1967	1000
1967	896
1967	850
1967	800
1967	540
1967	513
1967	476
1967	457
1967	450
1967	430
1967	420
1967	350
1967	160
1967	110
1967	77
1967	45
1967	30
1967	24
1967	18
1967	10
1967	10
1968	113023000
1968	29121485
1968	12813600
1968	9061820
1968	8828000
1968	7105290
1968	6813000
1968	6560000
1968	5701100
1968	5389580
1968	5358000
1968	3990800
1968	3813580
1968	3166050
1968	2300000
1968	2076380
1968	1768270
1968	1732800
1968	1730000
1968	1473100
1968	1331000
1968	1320000
1968	1126000
1968	1089000
1968	1000000
1968	975436
1968	886000
1968	853000
1968	773000
1968	764700
1968	700000
1968	688890
1968	660786
1968	625900
1968	596659
1968	551000
1968	525835
1968	452672
1968	430000
1968	425000
1968	407000
1968	398552
1968	380000
1968	355000
1968	344000
1968	341884
1968	336631
1968	320810
1968	301056
1968	288989
1968	287500
1968	262000
1968	257550
1968	221666
1968	220000
1968	219547
1968	215900
1968	206000
1968	181159
1968	180000
1968	173892
1968	154000
1968	140890
1968	137000
1968	120000
1968	115000
1968	110000
1968	106743
1968	91200
1968	90000
1968	83739
1968	81647
1968	69165
1968	61861
1968	60000
1968	60000
1968	59500
1968	51709
1968	51400
1968	50000
1968	42800
1968	40000
1968	35892
1968	35000
1968	25300
1968	25000
1968	24300
1968	23000
1968	15900
1968	14302
1968	13156
1968	13000
1968	13000
1968	12000
1968	11913
1968	11000
1968	11000
1968	10000
1968	8200
1968	7737
1968	7545
1968	7500
1968	7018
1968	6671
1968	4389
1968	4000
1968	3750
1968	3727
1968	3500
1968	3483
1968	3175
1968	3112
1968	3000
1968	3000
1968	2500
1968	2500
1968	2300
1968	2000
1968	1800
1968	1449
1968	1356
1968	1301
1968	900
1968	625
1968	540
1968	500
1968	470
1968	440
1968	430
1968	380
1968	376
1968	200
1968	160
1968	85
1968	74
1968	70
1968	45
1968	30
1968	25
1968	20
1968	14
1968	10
1969	119056000
1969	28464781
1969	12693400
1969	11954000
1969	8410890
1969	7821000
1969	7675810
1969	6860000
1969	5730000
1969	5674300
1969	5378000
1969	4820190
1969	4519300
1969	2415010
1969	2368000
1969	2292880
1969	2008200
1969	1882880
1969	1720000
1969	1713000
1969	1620000
1969	1571520
1969	1507300
1969	1255000
1969	1057700
1969	1000000
1969	880400
1969	872500
1969	794900
1969	785000
1969	718819
1969	700000
1969	698296
1969	670304
1969	667500
1969	638000
1969	597888
1969	589698
1969	540000
1969	495167
1969	446011
1969	430000
1969	430000
1969	412863
1969	410000
1969	403522
1969	400000
1969	337610
1969	304000
1969	290300
1969	278967
1969	271000
1969	260000
1969	242000
1969	233700
1969	211189
1969	207343
1969	199800
1969	153792
1969	153000
1969	149000
1969	142985
1969	128820
1969	125000
1969	117600
1969	115000
1969	113000
1969	101893
1969	87504
1969	82000
1969	76750
1969	72558
1969	68000
1969	62581
1969	61000
1969	59530
1969	58107
1969	51158
1969	48840
1969	47608
1969	47156
1969	43000
1969	41300
1969	39700
1969	39400
1969	35900
1969	35000
1969	26000
1969	23000
1969	16556
1969	16516
1969	15707
1969	13434
1969	12800
1969	12000
1969	11000
1969	10160
1969	8800
1969	8639
1969	8200
1969	7711
1969	7000
1969	6151
1969	4785
1969	4479
1969	4000
1969	4000
1969	3876
1969	3629
1969	3500
1969	3400
1969	3000
1969	3000
1969	2700
1969	2000
1969	2000
1969	1768
1969	1754
1969	1598
1969	1540
1969	1323
1969	1111
1969	900
1969	600
1969	530
1969	490
1969	462
1969	460
1969	430
1969	405
1969	400
1969	376
1969	281
1969	160
1969	100
1969	69
1969	45
1969	45
1969	31
1969	25
1969	22
1969	10
1970	105471000
1970	33087416
1970	14216000
1970	9428000
1970	9360000
1970	8879390
1970	7491000
1970	7485600
1970	6933000
1970	6535510
1970	6179000
1970	4754300
1970	4072410
1970	2825220
1970	2633680
1970	2397000
1970	2375090
1970	2011810
1970	1938200
1970	1847600
1970	1610000
1970	1470000
1970	1443000
1970	1085330
1970	1040000
1970	909000
1970	900000
1970	876800
1970	833318
1970	785846
1970	717300
1970	709915
1970	667000
1970	628195
1970	614619
1970	611569
1970	570000
1970	521057
1970	513453
1970	511289
1970	488000
1970	481600
1970	456000
1970	428100
1970	412000
1970	388000
1970	373237
1970	363078
1970	338591
1970	319600
1970	285700
1970	257300
1970	256067
1970	240000
1970	239052
1970	236200
1970	231100
1970	230700
1970	227449
1970	220000
1970	191600
1970	189413
1970	182000
1970	137000
1970	130000
1970	108825
1970	108800
1970	85000
1970	71294
1970	68000
1970	66514
1970	64062
1970	63000
1970	62595
1970	62500
1970	58624
1970	57841
1970	56419
1970	55348
1970	54500
1970	47471
1970	45000
1970	42188
1970	42000
1970	38747
1970	35000
1970	32900
1970	25000
1970	23000
1970	16941
1970	16208
1970	15876
1970	14410
1970	13000
1970	12000
1970	12000
1970	10600
1970	10246
1970	8000
1970	8000
1970	7785
1970	6438
1970	5902
1970	4600
1970	4401
1970	4000
1970	4000
1970	4000
1970	3800
1970	3500
1970	3100
1970	3000
1970	2100
1970	2000
1970	2000
1970	1860
1970	1600
1970	1584
1970	1560
1970	1361
1970	1262
1970	1122
1970	1100
1970	924
1970	800
1970	711
1970	530
1970	529
1970	510
1970	470
1970	450
1970	430
1970	225
1970	192
1970	160
1970	140
1970	100
1970	60
1970	45
1970	23
1970	21
1970	10
1970	5
1971	143421000
1971	35906819
1971	14129700
1971	9930000
1971	9785730
1971	8962000
1971	8644000
1971	8597000
1971	7850300
1971	7443000
1971	5100500
1971	4731910
1971	4528400
1971	2945930
1971	2606490
1971	2517970
1971	2344000
1971	2300000
1971	2056300
1971	2024220
1971	1855500
1971	1670000
1971	1400000
1971	1274000
1971	1239200
1971	1135000
1971	939000
1971	927938
1971	818500
1971	758727
1971	747364
1971	721498
1971	719000
1971	713486
1971	705100
1971	670000
1971	616368
1971	602993
1971	570715
1971	570396
1971	524490
1971	465400
1971	445000
1971	435800
1971	421000
1971	404355
1971	389900
1971	377200
1971	339576
1971	310000
1971	296600
1971	280000
1971	258300
1971	252000
1971	249683
1971	242700
1971	237000
1971	230500
1971	224230
1971	212000
1971	182000
1971	174800
1971	166015
1971	132860
1971	121700
1971	113490
1971	104695
1971	101178
1971	101000
1971	90300
1971	88000
1971	74000
1971	71942
1971	70073
1971	68000
1971	66394
1971	64140
1971	64000
1971	57442
1971	56388
1971	54078
1971	49000
1971	43397
1971	38503
1971	35000
1971	26000
1971	25000
1971	23000
1971	23000
1971	18799
1971	16600
1971	15919
1971	15876
1971	14000
1971	13000
1971	13000
1971	12680
1971	12083
1971	11429
1971	11000
1971	11000
1971	10200
1971	8465
1971	8000
1971	7600
1971	5098
1971	5093
1971	5052
1971	5000
1971	5000
1971	4500
1971	3800
1971	3620
1971	3500
1971	2409
1971	2000
1971	1920
1971	1650
1971	1400
1971	1245
1971	1134
1971	1000
1971	1000
1971	1000
1971	910
1971	838
1971	829
1971	530
1971	504
1971	500
1971	480
1971	450
1971	440
1971	406
1971	319
1971	170
1971	100
1971	80
1971	45
1971	25
1971	25
1971	10
1971	1
1972	141733000
1972	32170532
1972	14891400
1972	9830000
1972	9816700
1972	9525000
1972	9222840
1972	8257000
1972	7930000
1972	6388500
1972	5860000
1972	5554450
1972	4741000
1972	2973500
1972	2528370
1972	2421000
1972	2317170
1972	2254380
1972	1922600
1972	1842820
1972	1630000
1972	1595000
1972	1315000
1972	1310000
1972	1143340
1972	1030000
1972	970500
1972	822003
1972	806200
1972	801943
1972	725947
1972	720000
1972	705952
1972	641549
1972	639000
1972	628323
1972	621000
1972	591044
1972	584000
1972	562459
1972	506316
1972	500000
1972	451500
1972	448000
1972	430000
1972	402400
1972	400000
1972	367580
1972	340563
1972	282990
1972	268500
1972	261700
1972	257739
1972	257000
1972	236782
1972	236000
1972	226000
1972	213927
1972	209300
1972	207100
1972	141200
1972	141000
1972	130800
1972	120291
1972	119574
1972	116226
1972	115040
1972	105805
1972	88950
1972	79600
1972	75910
1972	72400
1972	67000
1972	65500
1972	64000
1972	59000
1972	58676
1972	55845
1972	50000
1972	49917
1972	44400
1972	44348
1972	44000
1972	26500
1972	24000
1972	23000
1972	20200
1972	20000
1972	18713
1972	18161
1972	17703
1972	15111
1972	15000
1972	14985
1972	14610
1972	13500
1972	11500
1972	11000
1972	10350
1972	10300
1972	10200
1972	10000
1972	10000
1972	8730
1972	6000
1972	6000
1972	5300
1972	5000
1972	4716
1972	4318
1972	3731
1972	3600
1972	3500
1972	2812
1972	2275
1972	2073
1972	2000
1972	2000
1972	1482
1972	1329
1972	1089
1972	1050
1972	1018
1972	1000
1972	575
1972	570
1972	550
1972	500
1972	500
1972	500
1972	470
1972	450
1972	450
1972	350
1972	336
1972	170
1972	92
1972	60
1972	45
1972	30
1972	30
1972	10
1972	3
1972	1
1973	144042000
1973	38714175
1973	14185900
1973	10698000
1973	10138000
1973	9700000
1973	8609130
1973	8253000
1973	7397200
1973	5963240
1973	5803500
1973	4994700
1973	4202000
1973	3689800
1973	2803380
1973	2565280
1973	2508030
1973	2339000
1973	2257540
1973	2037900
1973	1870000
1973	1790000
1973	1281850
1973	1100000
1973	965974
1973	955358
1973	888400
1973	887000
1973	873632
1973	813583
1973	812680
1973	808000
1973	767727
1973	760000
1973	739100
1973	618865
1973	604800
1973	599490
1973	586399
1973	558796
1973	550000
1973	459100
1973	454423
1973	448000
1973	430000
1973	426800
1973	419000
1973	405520
1973	342561
1973	300500
1973	294016
1973	275825
1973	246000
1973	245661
1973	238200
1973	232000
1973	228575
1973	217300
1973	211600
1973	204000
1973	191190
1973	138800
1973	135782
1973	134900
1973	117507
1973	115704
1973	107870
1973	87834
1973	86924
1973	81000
1973	72700
1973	70000
1973	67000
1973	66320
1973	65476
1973	63000
1973	61877
1973	58330
1973	54795
1973	54755
1973	54000
1973	46600
1973	45600
1973	45000
1973	37000
1973	33800
1973	31000
1973	27022
1973	26800
1973	25000
1973	22300
1973	20677
1973	19108
1973	17000
1973	16102
1973	15519
1973	15430
1973	13000
1973	12000
1973	11714
1973	11363
1973	11000
1973	11000
1973	10400
1973	7000
1973	7000
1973	6000
1973	5343
1973	5100
1973	3896
1973	3700
1973	3331
1973	3270
1973	3000
1973	2562
1973	2382
1973	2000
1973	1500
1973	1500
1973	1208
1973	1050
1973	1000
1973	918
1973	891
1973	714
1973	580
1973	520
1973	503
1973	500
1973	500
1973	442
1973	440
1973	385
1973	251
1973	180
1973	162
1973	45
1973	39
1973	31
1973	30
1973	28
1973	13
1973	10
1973	4
1974	119420000
1974	43027098
1974	16273200
1974	12104000
1974	11083000
1974	9900000
1974	8698000
1974	8031000
1974	7847760
1974	7439600
1974	6247110
1974	5558900
1974	4979200
1974	3010780
1974	2641310
1974	2619700
1974	2513870
1974	2500000
1974	2104360
1974	1992500
1974	1950000
1974	1915000
1974	1626490
1974	1280000
1974	1200000
1974	1146360
1974	882000
1974	856639
1974	826653
1974	799489
1974	791500
1974	770000
1974	761000
1974	746898
1974	605632
1974	573500
1974	553761
1974	532000
1974	528000
1974	523800
1974	500000
1974	485700
1974	476800
1974	459000
1974	450000
1974	430000
1974	400000
1974	389000
1974	366300
1974	352751
1974	343557
1974	315000
1974	281595
1974	276660
1974	255780
1974	240000
1974	233000
1974	228300
1974	225235
1974	204000
1974	203044
1974	127900
1974	125397
1974	122542
1974	118010
1974	117254
1974	108626
1974	105800
1974	94821
1974	88800
1974	88304
1974	87000
1974	73136
1974	70000
1974	68500
1974	67988
1974	65027
1974	63696
1974	61000
1974	60519
1974	59363
1974	51193
1974	50000
1974	48800
1974	45754
1974	45000
1974	43293
1974	33900
1974	27200
1974	26000
1974	24815
1974	23257
1974	22636
1974	19220
1974	19000
1974	15000
1974	14639
1974	13650
1974	13300
1974	13114
1974	12791
1974	11763
1974	11500
1974	10700
1974	10000
1974	9842
1974	7928
1974	4800
1974	4295
1974	4064
1974	3839
1974	3800
1974	3697
1974	3500
1974	3000
1974	2722
1974	2358
1974	2200
1974	2000
1974	2000
1974	1684
1974	1216
1974	1206
1974	950
1974	950
1974	595
1974	530
1974	500
1974	500
1974	454
1974	440
1974	426
1974	415
1974	399
1974	193
1974	180
1974	96
1974	45
1974	37
1974	35
1974	30
1974	30
1974	10
1974	3
1975	148361000
1975	47357880
1975	16334500
1975	9389700
1975	9240660
1975	9139000
1975	8448710
1975	8209000
1975	7700000
1975	7328000
1975	7255800
1975	7171700
1975	5258800
1975	3644870
1975	2902890
1975	2863170
1975	2822480
1975	2780520
1975	2717320
1975	2050000
1975	2000000
1975	1793600
1975	1763080
1975	1483130
1975	1367000
1975	1332000
1975	1200000
1975	1000000
1975	980532
1975	933542
1975	842510
1975	840840
1975	802476
1975	780000
1975	747810
1975	722600
1975	661620
1975	653412
1975	634687
1975	570000
1975	532412
1975	505800
1975	495400
1975	488000
1975	450000
1975	439245
1975	370700
1975	358129
1975	343400
1975	328987
1975	305000
1975	300754
1975	280600
1975	273027
1975	270000
1975	264000
1975	250000
1975	226500
1975	192105
1975	180000
1975	157599
1975	157135
1975	140900
1975	137140
1975	135090
1975	133300
1975	119675
1975	103800
1975	93911
1975	93536
1975	84490
1975	78961
1975	70628
1975	70292
1975	70000
1975	67767
1975	67666
1975	67457
1975	65212
1975	65000
1975	65000
1975	61369
1975	54186
1975	52209
1975	50000
1975	48900
1975	46122
1975	41000
1975	37885
1975	28700
1975	28000
1975	27100
1975	27000
1975	26752
1975	23424
1975	20000
1975	16850
1975	15000
1975	14950
1975	14318
1975	14000
1975	13214
1975	11793
1975	11185
1975	10800
1975	7400
1975	7000
1975	6718
1975	5806
1975	4800
1975	4588
1975	4000
1975	4000
1975	4000
1975	3700
1975	3000
1975	2500
1975	2239
1975	2000
1975	1774
1975	1500
1975	1194
1975	1175
1975	912
1975	686
1975	610
1975	550
1975	550
1975	500
1975	454
1975	450
1975	439
1975	270
1975	198
1975	190
1975	150
1975	122
1975	60
1975	45
1975	35
1975	30
1975	24
1975	10
1975	3
1976	159751000
1976	48264215
1976	17751100
1976	11583200
1976	10138000
1976	9106000
1976	8017290
1976	7518000
1976	6361200
1976	5855000
1976	5625000
1976	5320500
1976	5141000
1976	3759500
1976	3047000
1976	3031270
1976	2774770
1976	2675200
1976	2600000
1976	2572140
1976	2200000
1976	1837750
1976	1641990
1976	1544900
1976	1449000
1976	1370550
1976	1310000
1976	1098000
1976	1068000
1976	936428
1976	883700
1976	845900
1976	800000
1976	797339
1976	763866
1976	725659
1976	674000
1976	514218
1976	505000
1976	503600
1976	492500
1976	479726
1976	465469
1976	450000
1976	450000
1976	428910
1976	417424
1976	388566
1976	386800
1976	351458
1976	342429
1976	338170
1976	286000
1976	280000
1976	274987
1976	247950
1976	247000
1976	230810
1976	210404
1976	201080
1976	184469
1976	181800
1976	180000
1976	138200
1976	136045
1976	131466
1976	114500
1976	107600
1976	97463
1976	94520
1976	94000
1976	91672
1976	76620
1976	75000
1976	75000
1976	71500
1976	70627
1976	69627
1976	68425
1976	66621
1976	63971
1976	62637
1976	60041
1976	58321
1976	54980
1976	52800
1976	50943
1976	49128
1976	49000
1976	42000
1976	35000
1976	30439
1976	30387
1976	27000
1976	26900
1976	25500
1976	25000
1976	18144
1976	16980
1976	16000
1976	14400
1976	13500
1976	13214
1976	11900
1976	11093
1976	11000
1976	8000
1976	7304
1976	5000
1976	5000
1976	5000
1976	4500
1976	4500
1976	4200
1976	4000
1976	2762
1976	2495
1976	2152
1976	2000
1976	2000
1976	1584
1976	1281
1976	1144
1976	1000
1976	625
1976	600
1976	600
1976	580
1976	500
1976	500
1976	492
1976	450
1976	227
1976	200
1976	167
1976	132
1976	120
1976	51
1976	45
1976	35
1976	30
1976	14
1976	10
1976	6
1977	165235000
1977	49495001
1977	19255900
1977	11000000
1977	10137900
1977	10113600
1977	9870000
1977	9793000
1977	8506780
1977	8300000
1977	6396300
1977	6007170
1977	5973300
1977	4249400
1977	3142650
1977	2796090
1977	2724840
1977	2553000
1977	2513280
1977	2300000
1977	1892200
1977	1676520
1977	1664000
1977	1613290
1977	1607920
1977	1321000
1977	1265000
1977	1159410
1977	947810
1977	841900
1977	820900
1977	792408
1977	774419
1977	760000
1977	752800
1977	740470
1977	733873
1977	650000
1977	581311
1977	566000
1977	509600
1977	496000
1977	490993
1977	477338
1977	438518
1977	430000
1977	403700
1977	400983
1977	379738
1977	355320
1977	350000
1977	320000
1977	304715
1977	274000
1977	258000
1977	232085
1977	224800
1977	218450
1977	210419
1977	184270
1977	181330
1977	168260
1977	144177
1977	140000
1977	125932
1977	123731
1977	121965
1977	120996
1977	111300
1977	110800
1977	95000
1977	84703
1977	82705
1977	82210
1977	80000
1977	79698
1977	78000
1977	77166
1977	75289
1977	73748
1977	73000
1977	70000
1977	68764
1977	65488
1977	58651
1977	58000
1977	56407
1977	55000
1977	43000
1977	35400
1977	34921
1977	33000
1977	32000
1977	29390
1977	29000
1977	18000
1977	17960
1977	17111
1977	17055
1977	14000
1977	13214
1977	12900
1977	9500
1977	9242
1977	8600
1977	8130
1977	8000
1977	7000
1977	5600
1977	5000
1977	4600
1977	4005
1977	4000
1977	3800
1977	3266
1977	3000
1977	2005
1977	2000
1977	1961
1977	1500
1977	1328
1977	1200
1977	1111
1977	1000
1977	640
1977	600
1977	585
1977	571
1977	500
1977	450
1977	425
1977	341
1977	285
1977	230
1977	227
1977	200
1977	100
1977	45
1977	35
1977	30
1977	30
1977	13
1977	10
1977	9
1978	184613000
1978	56057169
1978	13569400
1978	10930100
1978	10205000
1978	9700000
1978	9671200
1978	9531000
1978	9000000
1978	7585000
1978	6654640
1978	6199000
1978	6162000
1978	4479500
1978	4029200
1978	3117050
1978	3065260
1978	2790580
1978	2400000
1978	2235760
1978	2169000
1978	1969000
1978	1628230
1978	1465000
1978	1423000
1978	1380940
1978	1300000
1978	1165640
1978	929080
1978	906412
1978	862200
1978	798600
1978	780000
1978	742590
1978	658000
1978	619416
1978	618847
1978	594000
1978	591364
1978	590014
1978	523000
1978	506947
1978	499900
1978	499491
1978	454572
1978	433500
1978	420000
1978	400983
1978	400000
1978	390360
1978	355400
1978	343098
1978	340000
1978	337370
1978	264000
1978	256880
1978	254150
1978	218000
1978	175760
1978	174536
1978	171669
1978	161442
1978	160000
1978	143168
1978	138698
1978	130107
1978	119390
1978	114645
1978	107713
1978	107700
1978	105000
1978	103110
1978	100187
1978	96329
1978	95000
1978	80000
1978	76988
1978	75635
1978	74800
1978	74500
1978	70000
1978	66032
1978	64489
1978	62284
1978	60000
1978	57000
1978	56191
1978	54048
1978	47000
1978	39353
1978	38000
1978	37378
1978	30000
1978	29580
1978	19504
1978	18330
1978	15000
1978	14000
1978	14000
1978	13214
1978	12400
1978	11900
1978	10000
1978	9500
1978	9290
1978	8700
1978	7864
1978	7000
1978	6000
1978	5000
1978	5000
1978	4800
1978	3500
1978	2268
1978	2000
1978	2000
1978	2000
1978	1770
1978	1319
1978	1200
1978	1156
1978	1150
1978	1144
1978	1000
1978	984
1978	800
1978	795
1978	730
1978	663
1978	600
1978	500
1978	470
1978	273
1978	215
1978	200
1978	127
1978	46
1978	35
1978	35
1978	30
1978	10
1978	9
1978	8
1979	201383000
1979	60138515
1979	16306400
1979	11768100
1979	10413000
1979	10084000
1979	8700000
1979	8475000
1979	8457900
1979	8374000
1979	7395820
1979	6197400
1979	5602900
1979	5276100
1979	3605540
1979	3223360
1979	3122790
1979	2938210
1979	2863200
1979	2500000
1979	2211700
1979	1755000
1979	1720000
1979	1393000
1979	1372370
1979	1350000
1979	1346660
1979	1141920
1979	949350
1979	940590
1979	877759
1979	875200
1979	870200
1979	760000
1979	746481
1979	710300
1979	621457
1979	612473
1979	582400
1979	575910
1979	522767
1979	505980
1979	489270
1979	488000
1979	453000
1979	407638
1979	400000
1979	380000
1979	378045
1979	371200
1979	366750
1979	353979
1979	340000
1979	311620
1979	307262
1979	300000
1979	275000
1979	217870
1979	183331
1979	181226
1979	178998
1979	172700
1979	168800
1979	159308
1979	149000
1979	135400
1979	134400
1979	126496
1979	124856
1979	116440
1979	108200
1979	99487
1979	95000
1979	83348
1979	80000
1979	76000
1979	75914
1979	72880
1979	70922
1979	70000
1979	65291
1979	64211
1979	61000
1979	58600
1979	57000
1979	46293
1979	45000
1979	43000
1979	38228
1979	36927
1979	33734
1979	33703
1979	31670
1979	30000
1979	20810
1979	20000
1979	17000
1979	15422
1979	13500
1979	12000
1979	10700
1979	9620
1979	9487
1979	8000
1979	8000
1979	6600
1979	6092
1979	6000
1979	5000
1979	5000
1979	5000
1979	3797
1979	3267
1979	2250
1979	2000
1979	2000
1979	2000
1979	1669
1979	1456
1979	1246
1979	1200
1979	1171
1979	1086
1979	1000
1979	895
1979	890
1979	860
1979	720
1979	600
1979	550
1979	500
1979	497
1979	450
1979	264
1979	220
1979	205
1979	96
1979	48
1979	35
1979	30
1979	20
1979	10
1979	9
1980	168647000
1980	62715141
1980	20372100
1980	12374400
1980	11040000
1980	10563300
1980	9454000
1980	9323400
1980	9317000
1980	6957000
1980	6673200
1980	6400000
1980	6376700
1980	5753200
1980	3990940
1980	3231080
1980	3109690
1980	2997880
1980	2700000
1980	2313600
1980	2255540
1980	1726000
1980	1620000
1980	1524080
1980	1510740
1980	1292750
1980	1279000
1980	1240000
1980	1186000
1980	970400
1980	937266
1980	902419
1980	853560
1980	752000
1980	744973
1980	742940
1980	675807
1980	612000
1980	594000
1980	575400
1980	532000
1980	529368
1980	493307
1980	428800
1980	413680
1980	405190
1980	387424
1980	383365
1980	382000
1980	380000
1980	380000
1980	360000
1980	351000
1980	332700
1980	286000
1980	276700
1980	271300
1980	241680
1980	181605
1980	179170
1980	166347
1980	156461
1980	154071
1980	150903
1980	140000
1980	138391
1980	127570
1980	125824
1980	110000
1980	105618
1980	104510
1980	101000
1980	96735
1980	95000
1980	91300
1980	90000
1980	85059
1980	77500
1980	75314
1980	60000
1980	59600
1980	57800
1980	56777
1980	55021
1980	52000
1980	50000
1980	48146
1980	45387
1980	44488
1980	43000
1980	40857
1980	39062
1980	32000
1980	28398
1980	25000
1980	21200
1980	18825
1980	13700
1980	12000
1980	12000
1980	11600
1980	10274
1980	10000
1980	9980
1980	8987
1980	8500
1980	8000
1980	6300
1980	5200
1980	5000
1980	4393
1980	3500
1980	3182
1980	2000
1980	2000
1980	2000
1980	1678
1980	1550
1980	1543
1980	1478
1980	1377
1980	991
1980	931
1980	785
1980	732
1980	719
1980	700
1980	650
1980	530
1980	459
1980	450
1980	447
1980	290
1980	230
1980	150
1980	49
1980	30
1980	29
1980	27
1980	10
1980	7
1981	206222000
1981	59306226
1981	21116900
1981	14872000
1981	13988100
1981	12900000
1981	9807000
1981	9418000
1981	9145800
1981	8321500
1981	7196700
1981	6997640
1981	6897100
1981	6682600
1981	4509300
1981	3448540
1981	3307640
1981	3290180
1981	2833400
1981	2800000
1981	2400510
1981	2156800
1981	1839000
1981	1768000
1981	1507000
1981	1374390
1981	1245000
1981	1200000
1981	1007280
1981	997464
1981	948249
1981	930400
1981	880000
1981	835360
1981	751520
1981	720000
1981	705687
1981	701000
1981	636700
1981	590805
1981	518150
1981	503710
1981	499919
1981	480672
1981	452220
1981	431495
1981	429600
1981	420240
1981	400000
1981	378000
1981	370000
1981	342000
1981	314000
1981	310800
1981	287491
1981	281245
1981	250000
1981	206066
1981	193154
1981	180780
1981	175700
1981	172800
1981	152080
1981	150970
1981	146000
1981	145342
1981	142000
1981	138600
1981	120665
1981	118563
1981	105674
1981	100000
1981	95000
1981	94825
1981	93691
1981	90000
1981	85000
1981	84800
1981	82796
1981	80700
1981	68705
1981	65489
1981	61145
1981	56970
1981	46150
1981	46073
1981	45000
1981	40271
1981	39300
1981	39000
1981	38251
1981	35000
1981	32780
1981	32000
1981	31000
1981	22100
1981	21415
1981	21137
1981	14800
1981	14000
1981	13500
1981	13000
1981	12500
1981	11000
1981	10560
1981	9520
1981	8000
1981	5300
1981	4514
1981	4000
1981	3150
1981	3148
1981	3000
1981	2277
1981	2155
1981	2121
1981	2000
1981	1400
1981	1344
1981	1099
1981	1081
1981	1000
1981	720
1981	680
1981	650
1981	550
1981	510
1981	500
1981	470
1981	450
1981	410
1981	289
1981	235
1981	125
1981	50
1981	45
1981	30
1981	11
1981	10
1981	8
1981	5
1982	209180000
1982	60678419
1982	21842500
1982	14720000
1982	11137000
1982	10550000
1982	10400200
1982	10119700
1982	9600000
1982	8781000
1982	7959150
1982	6792700
1982	6548500
1982	6522300
1982	3417730
1982	3347290
1982	3234830
1982	3125890
1982	3002300
1982	2900000
1982	2502000
1982	2330100
1982	1808380
1982	1654000
1982	1550780
1982	1550000
1982	1415000
1982	1360000
1982	1199550
1982	1099840
1982	1055270
1982	1005400
1982	940710
1982	898500
1982	766000
1982	750240
1982	718240
1982	666250
1982	663000
1982	658558
1982	503120
1982	500966
1982	463785
1982	449605
1982	438100
1982	430000
1982	425000
1982	414000
1982	393000
1982	365662
1982	350000
1982	346000
1982	344000
1982	341600
1982	323978
1982	272913
1982	250000
1982	246890
1982	239199
1982	212397
1982	190495
1982	172700
1982	170900
1982	170071
1982	150929
1982	149900
1982	144000
1982	117048
1982	113000
1982	111294
1982	100000
1982	97324
1982	95000
1982	91956
1982	83028
1982	82300
1982	80730
1982	76259
1982	74205
1982	67694
1982	61902
1982	52363
1982	52267
1982	51000
1982	49529
1982	48200
1982	48000
1982	47053
1982	34699
1982	32000
1982	29700
1982	29000
1982	28200
1982	28000
1982	28000
1982	27709
1982	22360
1982	21183
1982	17000
1982	15000
1982	13500
1982	12400
1982	12000
1982	9750
1982	9000
1982	7282
1982	6271
1982	5200
1982	4400
1982	4000
1982	3094
1982	3011
1982	2062
1982	2050
1982	2000
1982	1434
1982	1375
1982	1294
1982	1173
1982	1143
1982	1000
1982	1000
1982	1000
1982	740
1982	680
1982	650
1982	600
1982	500
1982	423
1982	320
1982	240
1982	231
1982	210
1982	80
1982	59
1982	50
1982	30
1982	25
1982	18
1982	6
1982	5
1983	106030000
1983	68405449
1983	18731200
1983	13293000
1983	13188000
1983	10719000
1983	10525000
1983	10296000
1983	9000000
1983	7922000
1983	6698900
1983	6425810
1983	5931000
1983	5086880
1983	4399000
1983	3552390
1983	3509000
1983	3346240
1983	3114770
1983	3000000
1983	2300000
1983	1803400
1983	1758000
1983	1651000
1983	1602950
1983	1480000
1983	1453700
1983	1369400
1983	1045800
1983	1027000
1983	1013500
1983	935280
1983	933853
1983	909786
1983	863800
1983	761110
1983	721825
1983	673068
1983	639000
1983	625645
1983	511550
1983	488800
1983	487838
1983	468000
1983	461090
1983	458149
1983	443118
1983	413000
1983	410000
1983	366000
1983	337190
1983	330000
1983	309556
1983	281895
1983	275000
1983	262000
1983	258360
1983	235700
1983	229417
1983	186000
1983	172000
1983	163411
1983	148000
1983	144663
1983	144300
1983	142768
1983	139126
1983	138600
1983	132100
1983	110300
1983	103710
1983	100637
1983	100000
1983	95000
1983	94113
1983	90000
1983	83000
1983	76200
1983	73986
1983	70743
1983	63789
1983	60594
1983	48000
1983	43000
1983	40463
1983	39676
1983	39367
1983	38457
1983	38400
1983	34000
1983	31863
1983	29876
1983	28760
1983	28740
1983	28100
1983	26779
1983	26000
1983	20000
1983	17599
1983	15000
1983	12000
1983	11610
1983	10749
1983	10000
1983	8500
1983	8495
1983	6524
1983	5000
1983	3653
1983	3000
1983	2909
1983	2800
1983	2700
1983	2000
1983	2000
1983	1716
1983	1685
1983	1225
1983	1195
1983	1067
1983	1000
1983	963
1983	816
1983	750
1983	672
1983	650
1983	620
1983	600
1983	393
1983	300
1983	250
1983	200
1983	165
1983	100
1983	68
1983	45
1983	30
1983	18
1983	11
1983	5
1983	4
1984	194880000
1984	73650192
1984	21164100
1984	13573000
1984	12788800
1984	11312300
1984	10493000
1984	9891000
1984	9500000
1984	8441800
1984	6777500
1984	6685690
1984	6672200
1984	5287830
1984	4797000
1984	4225570
1984	3698000
1984	3439000
1984	3200000
1984	2993910
1984	2529100
1984	2162000
1984	1939000
1984	1542070
1984	1532950
1984	1500000
1984	1422000
1984	1397950
1984	1196000
1984	1132800
1984	1027600
1984	1026430
1984	940040
1984	922000
1984	871740
1984	864312
1984	819850
1984	775558
1984	721390
1984	703954
1984	696000
1984	608000
1984	547072
1984	532200
1984	527230
1984	521000
1984	520000
1984	502249
1984	496612
1984	379199
1984	375063
1984	350000
1984	338000
1984	325840
1984	320000
1984	303307
1984	270100
1984	263960
1984	260000
1984	241000
1984	238150
1984	221756
1984	204869
1984	186450
1984	154324
1984	147770
1984	141000
1984	139000
1984	133400
1984	126100
1984	111813
1984	102869
1984	101900
1984	101440
1984	100000
1984	98450
1984	95000
1984	93194
1984	79566
1984	79384
1984	77399
1984	70589
1984	59900
1984	57340
1984	52694
1984	50000
1984	50000
1984	49502
1984	48000
1984	42100
1984	35230
1984	35000
1984	33909
1984	30930
1984	27900
1984	24000
1984	22000
1984	17576
1984	16158
1984	14000
1984	13093
1984	13000
1984	12500
1984	11300
1984	9500
1984	5321
1984	3680
1984	3450
1984	3316
1984	3265
1984	3000
1984	3000
1984	2525
1984	2400
1984	1900
1984	1570
1984	1344
1984	1000
1984	1000
1984	925
1984	800
1984	731
1984	712
1984	700
1984	700
1984	650
1984	630
1984	606
1984	490
1984	442
1984	393
1984	375
1984	230
1984	100
1984	47
1984	36
1984	29
1984	21
1984	19
1984	7
1984	3
1985	225453000
1985	64102307
1985	22018200
1985	14406000
1985	14103500
1985	12409000
1985	11903200
1985	11900000
1985	9900900
1985	8444000
1985	6969900
1985	6817520
1985	6643700
1985	6356600
1985	4934120
1985	4329500
1985	3922000
1985	3686000
1985	3413790
1985	3300000
1985	2828000
1985	2430000
1985	2093000
1985	1908000
1985	1900000
1985	1826000
1985	1726690
1985	1355200
1985	1350430
1985	1204550
1985	1122350
1985	1113790
1985	1088400
1985	1087800
1985	1009400
1985	873750
1985	868431
1985	771776
1985	762600
1985	760000
1985	702470
1985	587100
1985	584000
1985	577000
1985	553938
1985	549736
1985	495380
1985	480000
1985	434675
1985	423075
1985	400000
1985	362611
1985	354000
1985	321000
1985	309752
1985	298798
1985	291430
1985	280000
1985	274000
1985	265000
1985	250000
1985	207800
1985	196295
1985	181576
1985	174604
1985	171867
1985	157200
1985	157000
1985	146934
1985	141782
1985	140200
1985	140066
1985	131770
1985	118660
1985	107979
1985	100000
1985	99452
1985	98100
1985	96083
1985	95000
1985	92350
1985	78800
1985	76000
1985	68593
1985	66786
1985	53000
1985	50480
1985	46000
1985	45592
1985	42000
1985	40951
1985	35147
1985	33333
1985	30250
1985	26350
1985	25000
1985	19631
1985	18000
1985	15128
1985	14000
1985	13000
1985	12390
1985	10000
1985	8700
1985	5867
1985	5000
1985	4890
1985	3893
1985	3550
1985	3270
1985	3000
1985	2716
1985	2000
1985	1869
1985	1700
1985	1638
1985	1560
1985	1489
1985	1435
1985	1400
1985	1323
1985	1256
1985	1100
1985	1076
1985	1000
1985	920
1985	820
1985	728
1985	660
1985	660
1985	390
1985	249
1985	203
1985	200
1985	150
1985	47
1985	38
1985	20
1985	17
1985	7
1985	3
1986	208943000
1986	71177305
1986	20541200
1986	12526000
1986	12479000
1986	12100000
1986	11909700
1986	11641000
1986	10900900
1986	8600000
1986	7592800
1986	7260620
1986	6401100
1986	5920370
1986	5911500
1986	4308770
1986	4091000
1986	3608000
1986	3550000
1986	3423700
1986	3400000
1986	2898000
1986	2848100
1986	2545600
1986	2300000
1986	2211000
1986	1994000
1986	1739740
1986	1303750
1986	1294560
1986	1230590
1986	1196000
1986	1172770
1986	1111200
1986	1036220
1986	992432
1986	876307
1986	868350
1986	800000
1986	788100
1986	721289
1986	627994
1986	569800
1986	567000
1986	559100
1986	483064
1986	466880
1986	459000
1986	457300
1986	437000
1986	420000
1986	389269
1986	378347
1986	347000
1986	336200
1986	322000
1986	306760
1986	285581
1986	280000
1986	277700
1986	262000
1986	213423
1986	205691
1986	192396
1986	187700
1986	173800
1986	164000
1986	154960
1986	152890
1986	127022
1986	120211
1986	113270
1986	112735
1986	107883
1986	103500
1986	100100
1986	100000
1986	95000
1986	94189
1986	92510
1986	89590
1986	86488
1986	75600
1986	74200
1986	73500
1986	56882
1986	54213
1986	53000
1986	52439
1986	51000
1986	47098
1986	41680
1986	40620
1986	36000
1986	33388
1986	26000
1986	25293
1986	22907
1986	20913
1986	20314
1986	18483
1986	17300
1986	13400
1986	12138
1986	10000
1986	8267
1986	7970
1986	6171
1986	4559
1986	3990
1986	3600
1986	3000
1986	3000
1986	2920
1986	2100
1986	2000
1986	2000
1986	1922
1986	1900
1986	1455
1986	1448
1986	1442
1986	1200
1986	1049
1986	1000
1986	932
1986	900
1986	850
1986	820
1986	750
1986	670
1986	245
1986	204
1986	180
1986	180
1986	48
1986	40
1986	20
1986	20
1986	10
1986	3
1987	181142000
1987	79601782
1987	26786700
1987	14808000
1987	12470000
1987	11606900
1987	9250000
1987	8863000
1987	7890000
1987	7526900
1987	7233960
1987	7014800
1987	5763700
1987	5721300
1987	5155680
1987	4612000
1987	4278120
1987	3619000
1987	3557410
1987	3500000
1987	2780860
1987	2415600
1987	2400000
1987	2383000
1987	2359000
1987	1857620
1987	1761130
1987	1685120
1987	1267310
1987	1217260
1987	1201760
1987	1172080
1987	1160180
1987	1130840
1987	1126900
1987	1063450
1987	909434
1987	901500
1987	859600
1987	850000
1987	654692
1987	617244
1987	597700
1987	578496
1987	561000
1987	522173
1987	514000
1987	480694
1987	435000
1987	431040
1987	386887
1987	357000
1987	309000
1987	300000
1987	290543
1987	286200
1987	277237
1987	271000
1987	240000
1987	223687
1987	216365
1987	206419
1987	205000
1987	178609
1987	176134
1987	172132
1987	168300
1987	158100
1987	145574
1987	143700
1987	130502
1987	127390
1987	127000
1987	113625
1987	103699
1987	98218
1987	97900
1987	95000
1987	94912
1987	92300
1987	90665
1987	80000
1987	65993
1987	61300
1987	57000
1987	56900
1987	53876
1987	50000
1987	42845
1987	41640
1987	40300
1987	40036
1987	38000
1987	35725
1987	30000
1987	25000
1987	23649
1987	23225
1987	21182
1987	18895
1987	18661
1987	15440
1987	11000
1987	10500
1987	10000
1987	7778
1987	6779
1987	3969
1987	3865
1987	3450
1987	3275
1987	3184
1987	3000
1987	3000
1987	2946
1987	2934
1987	2471
1987	2414
1987	2130
1987	2100
1987	1950
1987	1300
1987	1200
1987	1000
1987	1000
1987	1000
1987	826
1987	770
1987	750
1987	700
1987	660
1987	347
1987	250
1987	225
1987	180
1987	48
1987	48
1987	20
1987	20
1987	9
1987	1
1988	125194000
1988	77723748
1988	24749600
1988	16030000
1988	14698600
1988	10592300
1988	9200000
1988	8228700
1988	7700000
1988	7670000
1988	7182200
1988	6651920
1988	6288800
1988	6256010
1988	5369200
1988	5268000
1988	4675160
1988	4427960
1988	4088000
1988	3600000
1988	3577000
1988	2761200
1988	2341210
1988	2339000
1988	2268000
1988	2000000
1988	1964020
1988	1943220
1988	1700440
1988	1557200
1988	1537410
1988	1423850
1988	1281370
1988	1204100
1988	1199860
1988	1071610
1988	995534
1988	908336
1988	907800
1988	900000
1988	814850
1988	751000
1988	660855
1988	657768
1988	595985
1988	494000
1988	461000
1988	445570
1988	440489
1988	440000
1988	423490
1988	397622
1988	366735
1988	357990
1988	353300
1988	348071
1988	322000
1988	296347
1988	283400
1988	270000
1988	255800
1988	237000
1988	226715
1988	214519
1988	208230
1988	204416
1988	202329
1988	192990
1988	172000
1988	159726
1988	156400
1988	136944
1988	135516
1988	135000
1988	123327
1988	118330
1988	105859
1988	98200
1988	95000
1988	92466
1988	90278
1988	89488
1988	87300
1988	77200
1988	69993
1988	59776
1988	57500
1988	57098
1988	53965
1988	50822
1988	41000
1988	38610
1988	33871
1988	32000
1988	31130
1988	30000
1988	24942
1988	23121
1988	19740
1988	16507
1988	15974
1988	15520
1988	13019
1988	11400
1988	8074
1988	7640
1988	7467
1988	6418
1988	4895
1988	4000
1988	3787
1988	3682
1988	3500
1988	3470
1988	3072
1988	3000
1988	2900
1988	2555
1988	2200
1988	2062
1988	2000
1988	1995
1988	1500
1988	1500
1988	1500
1988	1414
1988	907
1988	800
1988	700
1988	650
1988	620
1988	310
1988	252
1988	241
1988	160
1988	57
1988	48
1988	25
1988	20
1988	10
1988	3
1989	191319000
1989	79310405
1989	26589900
1989	15305000
1989	13347900
1989	12481000
1989	10952800
1989	9651300
1989	9414030
1989	6996000
1989	6761800
1989	6571000
1989	6359500
1989	6192510
1989	5008000
1989	4900000
1989	4529470
1989	4522200
1989	4392580
1989	3800000
1989	3328000
1989	3128000
1989	2630700
1989	2265450
1989	2221700
1989	2018540
1989	2000000
1989	1844980
1989	1688670
1989	1573480
1989	1509510
1989	1491310
1989	1246780
1989	1200990
1989	1179300
1989	1043800
1989	1009860
1989	999781
1989	960000
1989	938464
1989	921196
1989	837900
1989	715000
1989	678749
1989	623585
1989	588538
1989	509656
1989	484543
1989	472000
1989	458000
1989	424042
1989	402840
1989	400444
1989	387321
1989	367955
1989	330000
1989	307000
1989	302310
1989	299100
1989	287348
1989	256913
1989	255600
1989	244012
1989	225393
1989	216684
1989	204000
1989	196000
1989	193730
1989	169200
1989	160475
1989	138694
1989	137227
1989	131407
1989	120627
1989	112300
1989	108700
1989	103600
1989	99745
1989	95000
1989	94552
1989	90248
1989	82730
1989	80000
1989	68470
1989	61699
1989	60156
1989	60000
1989	58892
1989	54000
1989	53698
1989	52300
1989	43854
1989	34000
1989	31100
1989	30580
1989	30000
1989	24377
1989	20608
1989	19935
1989	19765
1989	19171
1989	18766
1989	14144
1989	13000
1989	11400
1989	10247
1989	9714
1989	5000
1989	4485
1989	4057
1989	3550
1989	3359
1989	3000
1989	3000
1989	2915
1989	2789
1989	2660
1989	2573
1989	2400
1989	2395
1989	2200
1989	2000
1989	2000
1989	2000
1989	800
1989	755
1989	700
1989	673
1989	660
1989	620
1989	545
1989	530
1989	256
1989	186
1989	160
1989	105
1989	60
1989	48
1989	25
1989	20
1989	4
1989	3
1990	201532000
1990	97213875
1990	21347800
1990	14635400
1990	9883000
1990	9400500
1990	9180000
1990	8961700
1990	7066000
1990	6809600
1990	6734030
1990	6723980
1990	5863900
1990	5768000
1990	5400000
1990	4853890
1990	4798640
1990	4500140
1990	4000000
1990	3722270
1990	3041900
1990	2445000
1990	2289600
1990	2100000
1990	2055640
1990	2013000
1990	1971540
1990	1620240
1990	1551760
1990	1342810
1990	1272240
1990	1230950
1990	1221140
1990	1213300
1990	1184500
1990	1092670
1990	1008000
1990	1002490
1990	823150
1990	671000
1990	665560
1990	631815
1990	602609
1990	602000
1990	557969
1990	552600
1990	484000
1990	480000
1990	468027
1990	465399
1990	452911
1990	435620
1990	420019
1990	409994
1990	390952
1990	369000
1990	315000
1990	293030
1990	289949
1990	285448
1990	257900
1990	232900
1990	227000
1990	218730
1990	196579
1990	187024
1990	180000
1990	180000
1990	171900
1990	171579
1990	167900
1990	163000
1990	161651
1990	155000
1990	133147
1990	130000
1990	119868
1990	112313
1990	111175
1990	104232
1990	101000
1990	99284
1990	95630
1990	88000
1990	86090
1990	66566
1990	66499
1990	65639
1990	65045
1990	55700
1990	51100
1990	40000
1990	39694
1990	35000
1990	33390
1990	30000
1990	28823
1990	28523
1990	27000
1990	22864
1990	18671
1990	13675
1990	13630
1990	12300
1990	11800
1990	11418
1990	10430
1990	4627
1990	4257
1990	3734
1990	3570
1990	3381
1990	3350
1990	3000
1990	2900
1990	2700
1990	2500
1990	2500
1990	2408
1990	2300
1990	2265
1990	2161
1990	1950
1990	1758
1990	1064
1990	807
1990	750
1990	700
1990	580
1990	540
1990	400
1990	274
1990	258
1990	231
1990	150
1990	108
1990	52
1990	50
1990	28
1990	21
1990	10
1990	4
1991	189866000
1991	99147818
1991	23624300
1991	14251500
1991	12873200
1991	11557000
1991	10497300
1991	9788000
1991	8614000
1991	8064400
1991	7744610
1991	7684800
1991	7413000
1991	6255910
1991	6237700
1991	5810000
1991	5121710
1991	4655030
1991	4200000
1991	3792650
1991	3233250
1991	2775210
1991	2400000
1991	2331800
1991	2327000
1991	2180000
1991	1936990
1991	1589380
1991	1585760
1991	1571360
1991	1409860
1991	1273600
1991	1233250
1991	1204710
1991	1203100
1991	1095910
1991	1024590
1991	1022620
1991	931500
1991	861762
1991	835723
1991	672000
1991	659779
1991	656175
1991	567000
1991	566174
1991	518731
1991	504289
1991	497000
1991	495000
1991	431004
1991	429713
1991	420000
1991	401339
1991	339872
1991	335040
1991	327089
1991	315100
1991	299000
1991	256775
1991	236000
1991	231400
1991	227300
1991	225000
1991	198900
1991	193701
1991	191165
1991	190000
1991	187631
1991	183388
1991	172200
1991	145000
1991	133500
1991	128779
1991	123920
1991	107938
1991	104000
1991	102632
1991	100000
1991	91076
1991	90000
1991	89820
1991	74606
1991	72752
1991	68575
1991	61000
1991	60000
1991	59279
1991	57640
1991	55349
1991	51469
1991	51185
1991	48918
1991	47775
1991	45936
1991	43209
1991	36756
1991	35000
1991	34050
1991	31809
1991	23677
1991	20420
1991	14500
1991	13270
1991	12838
1991	11000
1991	8258
1991	5570
1991	4811
1991	4787
1991	3600
1991	3570
1991	3100
1991	3100
1991	3040
1991	3013
1991	3000
1991	2904
1991	2120
1991	2113
1991	2100
1991	2000
1991	1292
1991	750
1991	730
1991	650
1991	500
1991	500
1991	496
1991	421
1991	382
1991	295
1991	185
1991	142
1991	134
1991	55
1991	27
1991	17
1991	13
1991	9
1991	2
1992	240719000
1992	95772869
1992	30506100
1992	16929300
1992	14900000
1992	10700500
1992	9992100
1992	7995460
1992	7394130
1992	6828270
1992	5840000
1992	5069000
1992	4882600
1992	4619000
1992	4513000
1992	4404910
1992	3718000
1992	3672020
1992	3277000
1992	2850840
1992	2757500
1992	2430000
1992	2226420
1992	2225000
1992	2139030
1992	2135210
1992	2095000
1992	1742280
1992	1537660
1992	1526280
1992	1366380
1992	1290500
1992	1183600
1992	1118170
1992	1055670
1992	1053260
1992	911056
1992	844301
1992	779555
1992	747900
1992	730600
1992	705585
1992	657000
1992	657000
1992	635640
1992	630000
1992	628415
1992	561206
1992	531000
1992	528292
1992	519965
1992	514000
1992	503481
1992	483492
1992	459546
1992	449700
1992	370000
1992	367200
1992	361900
1992	342700
1992	320000
1992	300000
1992	280700
1992	278042
1992	268947
1992	260000
1992	252000
1992	226318
1992	220000
1992	215600
1992	215000
1992	208321
1992	205692
1992	200000
1992	192530
1992	192500
1992	176300
1992	172334
1992	163842
1992	159000
1992	156063
1992	138120
1992	132047
1992	130259
1992	130000
1992	124900
1992	114564
1992	110823
1992	101000
1992	98000
1992	92971
1992	92203
1992	89109
1992	87424
1992	82275
1992	78650
1992	70373
1992	65000
1992	62600
1992	61074
1992	60000
1992	58947
1992	58699
1992	51000
1992	46154
1992	40000
1992	39391
1992	36000
1992	32278
1992	28800
1992	26462
1992	24635
1992	21300
1992	18265
1992	15700
1992	12415
1992	10715
1992	10277
1992	10265
1992	10000
1992	5036
1992	4954
1992	4195
1992	4000
1992	3828
1992	3590
1992	3500
1992	3500
1992	3380
1992	3200
1992	3142
1992	3000
1992	3000
1992	2725
1992	2267
1992	1995
1992	1800
1992	1000
1992	964
1992	810
1992	700
1992	662
1992	660
1992	502
1992	500
1992	460
1992	411
1992	337
1992	299
1992	161
1992	159
1992	62
1992	30
1992	24
1992	7
1992	4
1993	160985000
1993	103109999
1993	30055600
1993	18125300
1993	14867000
1993	10901000
1993	9997000
1993	9601000
1993	8028990
1993	7987450
1993	6501200
1993	6459740
1993	6290000
1993	5039080
1993	4797980
1993	4044460
1993	4002000
1993	3937000
1993	3786000
1993	3328000
1993	2656450
1993	2500000
1993	2441080
1993	2282200
1993	2097000
1993	2089000
1993	2033960
1993	2011850
1993	1671820
1993	1632930
1993	1597770
1993	1524490
1993	1455920
1993	1324480
1993	1294780
1993	1213000
1993	1210000
1993	1130190
1993	1129750
1993	987784
1993	983281
1993	960900
1993	899496
1993	882200
1993	804000
1993	772382
1993	673714
1993	638143
1993	630130
1993	589263
1993	588998
1993	540000
1993	537025
1993	533083
1993	517000
1993	507000
1993	483400
1993	470000
1993	439145
1993	403600
1993	393076
1993	355000
1993	289832
1993	284364
1993	283373
1993	280000
1993	275000
1993	270723
1993	242800
1993	238256
1993	214000
1993	210000
1993	210000
1993	204597
1993	200005
1993	198766
1993	192700
1993	183800
1993	175751
1993	172100
1993	165000
1993	163910
1993	157045
1993	153950
1993	138400
1993	138317
1993	133100
1993	104600
1993	104523
1993	101063
1993	94600
1993	92320
1993	91805
1993	87000
1993	83815
1993	82107
1993	79000
1993	74687
1993	70710
1993	68000
1993	61076
1993	58030
1993	50000
1993	47620
1993	45414
1993	40608
1993	40000
1993	38000
1993	36110
1993	33500
1993	31660
1993	27188
1993	26920
1993	25500
1993	23772
1993	14108
1993	14100
1993	12516
1993	11888
1993	9600
1993	7463
1993	6000
1993	5540
1993	5529
1993	5339
1993	5124
1993	5000
1993	4000
1993	4000
1993	3910
1993	3610
1993	3500
1993	3500
1993	3295
1993	2976
1993	2725
1993	2207
1993	1816
1993	1600
1993	900
1993	714
1993	670
1993	522
1993	500
1993	428
1993	400
1993	399
1993	386
1993	296
1993	260
1993	225
1993	190
1993	160
1993	60
1993	49
1993	29
1993	18
1993	11
1993	4
1994	255293000
1994	99674118
1994	32487600
1994	18235800
1994	13275000
1994	12958000
1994	10360000
1994	9343000
1994	8884400
1994	7483440
1994	7042900
1994	6902000
1994	6868880
1994	5112000
1994	4761200
1994	4724000
1994	4519250
1994	3965000
1994	3547000
1994	3060000
1994	2445990
1994	2343600
1994	2326200
1994	2071000
1994	1850000
1994	1686990
1994	1539400
1994	1485800
1994	1420650
1994	1396230
1994	1383600
1994	1318100
1994	1273000
1994	1187690
1994	1184430
1994	1161090
1994	1143900
1994	1094500
1994	1040000
1994	1020750
1994	939908
1994	937250
1994	892000
1994	850000
1994	725976
1994	725069
1994	629300
1994	583329
1994	581198
1994	536000
1994	524000
1994	520806
1994	512101
1994	500000
1994	493533
1994	491546
1994	489486
1994	480654
1994	461665
1994	460000
1994	350315
1994	347645
1994	342800
1994	322492
1994	311949
1994	284354
1994	275900
1994	257200
1994	241310
1994	234000
1994	230000
1994	204095
1994	203200
1994	202610
1994	201000
1994	193261
1994	189024
1994	171590
1994	158896
1994	155000
1994	150360
1994	150000
1994	149063
1994	142800
1994	133211
1994	129300
1994	128000
1994	122758
1994	116739
1994	108233
1994	107390
1994	98500
1994	91396
1994	89700
1994	88578
1994	83657
1994	83100
1994	69102
1994	67000
1994	65792
1994	62672
1994	60000
1994	58528
1994	55788
1994	48000
1994	45000
1994	40834
1994	40000
1994	34516
1994	31596
1994	29706
1994	28188
1994	23263
1994	18530
1994	18000
1994	16700
1994	14300
1994	13842
1994	13315
1994	10800
1994	8667
1994	8600
1994	8163
1994	6294
1994	5765
1994	5404
1994	5303
1994	4900
1994	4500
1994	4300
1994	4086
1994	3828
1994	3650
1994	3300
1994	2785
1994	2572
1994	1752
1994	1532
1994	1300
1994	1000
1994	976
1994	880
1994	700
1994	550
1994	420
1994	401
1994	349
1994	347
1994	335
1994	312
1994	300
1994	186
1994	185
1994	70
1994	35
1994	34
1994	19
1994	12
1994	4
1995	187969000
1995	112361571
1995	36267000
1995	18352900
1995	12739600
1995	11404000
1995	9923130
1995	9534000
1995	8454200
1995	8245900
1995	7270900
1995	6931000
1995	5828000
1995	4866000
1995	4679850
1995	4535180
1995	4155000
1995	4128510
1995	3391800
1995	2874400
1995	2698860
1995	2590400
1995	2394570
1995	1989700
1995	1900000
1995	1838780
1995	1817220
1995	1738500
1995	1735060
1995	1661460
1995	1504000
1995	1473660
1995	1366000
1995	1302120
1995	1177200
1995	1166730
1995	1061580
1995	1034300
1995	1019720
1995	1007580
1995	978889
1995	942223
1995	913000
1995	839600
1995	816166
1995	766493
1995	737835
1995	734000
1995	715188
1995	672061
1995	647280
1995	618000
1995	596609
1995	576425
1995	556558
1995	552000
1995	545000
1995	530000
1995	515439
1995	386500
1995	372000
1995	330845
1995	296302
1995	290432
1995	275100
1995	266136
1995	242370
1995	238831
1995	224900
1995	220000
1995	215566
1995	212493
1995	211000
1995	199000
1995	191260
1995	185500
1995	177000
1995	165652
1995	160797
1995	153021
1995	149190
1995	146000
1995	136000
1995	121450
1995	117000
1995	116100
1995	113274
1995	111077
1995	106509
1995	103800
1995	103039
1995	90000
1995	74465
1995	70818
1995	70000
1995	63730
1995	63400
1995	62537
1995	62531
1995	57925
1995	56000
1995	54900
1995	50490
1995	50375
1995	47112
1995	43000
1995	41995
1995	34842
1995	28622
1995	28204
1995	26810
1995	21000
1995	19372
1995	18953
1995	18431
1995	16700
1995	15336
1995	13633
1995	12400
1995	8300
1995	8275
1995	8166
1995	8013
1995	6450
1995	6188
1995	5350
1995	5000
1995	4670
1995	4200
1995	4000
1995	3800
1995	3741
1995	3709
1995	3598
1995	2945
1995	2700
1995	2675
1995	1800
1995	1293
1995	1264
1995	1100
1995	814
1995	800
1995	660
1995	419
1995	390
1995	354
1995	347
1995	336
1995	312
1995	300
1995	289
1995	170
1995	48
1995	45
1995	39
1995	29
1995	22
1995	10
1995	2
1996	234527000
1996	127865412
1996	32185200
1996	18023600
1996	14529700
1996	10769000
1996	10518300
1996	10171000
1996	9607940
1996	9547540
1996	9307420
1996	7536400
1996	5989220
1996	5667000
1996	5367000
1996	5165340
1996	4532610
1996	4151330
1996	3751000
1996	3164180
1996	2912600
1996	2822000
1996	2609000
1996	2160000
1996	2110000
1996	2000000
1996	1885520
1996	1837000
1996	1793460
1996	1735570
1996	1536700
1996	1491000
1996	1409490
1996	1331060
1996	1101130
1996	1088160
1996	1046800
1996	1041950
1996	1036710
1996	1033290
1996	1007610
1996	966922
1996	947000
1996	931572
1996	854352
1996	825000
1996	810460
1996	759000
1996	750000
1996	749978
1996	657768
1996	654074
1996	636647
1996	629961
1996	597657
1996	588000
1996	569000
1996	555755
1996	498414
1996	490900
1996	398158
1996	387562
1996	360000
1996	350041
1996	325000
1996	322877
1996	296875
1996	294183
1996	293707
1996	285891
1996	250000
1996	235090
1996	214059
1996	213180
1996	209700
1996	204058
1996	202500
1996	188489
1996	182167
1996	180000
1996	168684
1996	144462
1996	143900
1996	142421
1996	142000
1996	137000
1996	128100
1996	125000
1996	122060
1996	119028
1996	106616
1996	105762
1996	90047
1996	88634
1996	87200
1996	80000
1996	78095
1996	75800
1996	74910
1996	74631
1996	72168
1996	66595
1996	64563
1996	54000
1996	50384
1996	47589
1996	45000
1996	42856
1996	36877
1996	32963
1996	29794
1996	28444
1996	24629
1996	19020
1996	16255
1996	14800
1996	14415
1996	13956
1996	10190
1996	10021
1996	8900
1996	8885
1996	8870
1996	8497
1996	7892
1996	6759
1996	6576
1996	5500
1996	4772
1996	4600
1996	4500
1996	4381
1996	4037
1996	3800
1996	3700
1996	3100
1996	2695
1996	2132
1996	2000
1996	1792
1996	1080
1996	1000
1996	817
1996	800
1996	750
1996	446
1996	438
1996	400
1996	330
1996	312
1996	250
1996	217
1996	167
1996	64
1996	57
1996	50
1996	29
1996	29
1996	12
1997	233867000
1997	104647617
1997	32948000
1997	17656300
1997	16832000
1997	15536800
1997	12686700
1997	10816000
1997	10136000
1997	10004700
1997	8770850
1997	7180000
1997	6939000
1997	6827780
1997	5806070
1997	5339500
1997	5254000
1997	4451500
1997	4332420
1997	3831650
1997	3188400
1997	2986500
1997	2674600
1997	2214000
1997	2206000
1997	2192170
1997	2183140
1997	2080000
1997	1841680
1997	1831200
1997	1830960
1997	1659240
1997	1650600
1997	1517000
1997	1351840
1997	1316840
1997	1199220
1997	1167310
1997	1055660
1997	1042030
1997	1014000
1997	996000
1997	977911
1997	960188
1997	914594
1997	913017
1997	880735
1997	860936
1997	833360
1997	830445
1997	818728
1997	760000
1997	740000
1997	701046
1997	687526
1997	609627
1997	554618
1997	546300
1997	507650
1997	452159
1997	416516
1997	398000
1997	374460
1997	369505
1997	366467
1997	355718
1997	355285
1997	343357
1997	303260
1997	303000
1997	300000
1997	285199
1997	264068
1997	237610
1997	230000
1997	202500
1997	194818
1997	194000
1997	193500
1997	178000
1997	170565
1997	162100
1997	157234
1997	144991
1997	142050
1997	139200
1997	137726
1997	133706
1997	121000
1997	111210
1997	105415
1997	99141
1997	99000
1997	86763
1997	85000
1997	83427
1997	82600
1997	78300
1997	68110
1997	65656
1997	64000
1997	60281
1997	52378
1997	52000
1997	49460
1997	48000
1997	42423
1997	37358
1997	33877
1997	33329
1997	30306
1997	25689
1997	24000
1997	22649
1997	18929
1997	15000
1997	11700
1997	11616
1997	10649
1997	9905
1997	9565
1997	9400
1997	8892
1997	8466
1997	7900
1997	6406
1997	6100
1997	6000
1997	5843
1997	5300
1997	4900
1997	4000
1997	4000
1997	3700
1997	3121
1997	2800
1997	2650
1997	2000
1997	1676
1997	1255
1997	905
1997	820
1997	700
1997	700
1997	650
1997	348
1997	300
1997	272
1997	270
1997	257
1997	232
1997	221
1997	137
1997	72
1997	71
1997	63
1997	57
1997	32
1997	29
1997	11
1998	247882000
1998	133197612
1998	29601800
1998	19360700
1998	18454700
1998	15206000
1998	11147700
1998	10169500
1998	9030860
1998	8952400
1998	8623370
1998	7693000
1998	6336800
1998	6143270
1998	5174000
1998	5127000
1998	4617460
1998	4349100
1998	3823180
1998	2781460
1998	2684600
1998	2464100
1998	2344300
1998	2300800
1998	2300000
1998	1982550
1998	1898000
1998	1772390
1998	1765000
1998	1665000
1998	1646290
1998	1612000
1998	1418000
1998	1367330
1998	1303440
1998	1238980
1998	1215340
1998	1203950
1998	1124000
1998	1068780
1998	1034500
1998	983121
1998	943276
1998	941000
1998	939079
1998	924000
1998	873904
1998	846638
1998	820580
1998	793000
1998	754578
1998	662227
1998	638134
1998	637446
1998	563095
1998	561951
1998	504662
1998	496363
1998	479601
1998	471327
1998	420220
1998	392972
1998	382464
1998	377758
1998	350484
1998	333456
1998	330000
1998	300469
1998	298000
1998	285009
1998	271000
1998	264840
1998	251100
1998	227886
1998	206096
1998	203300
1998	200562
1998	200500
1998	194700
1998	189130
1998	179999
1998	176600
1998	176000
1998	166840
1998	152000
1998	150700
1998	140949
1998	135665
1998	133000
1998	131830
1998	124000
1998	118578
1998	118074
1998	109900
1998	88000
1998	87300
1998	85000
1998	80203
1998	61842
1998	60641
1998	58931
1998	58618
1998	50000
1998	48510
1998	44339
1998	42000
1998	37606
1998	35511
1998	34174
1998	33874
1998	28986
1998	28856
1998	26200
1998	24066
1998	17860
1998	15000
1998	13011
1998	11710
1998	10927
1998	10474
1998	9781
1998	8811
1998	8600
1998	7800
1998	6566
1998	6333
1998	6100
1998	5738
1998	5000
1998	4883
1998	4200
1998	3742
1998	3100
1998	2970
1998	2344
1998	2198
1998	2000
1998	1853
1998	1352
1998	1300
1998	1012
1998	900
1998	858
1998	700
1998	520
1998	377
1998	326
1998	310
1998	267
1998	259
1998	242
1998	230
1998	110
1998	64
1998	60
1998	56
1998	54
1998	29
1998	24
1998	10
1999	239549000
1999	128287195
1999	32037600
1999	17706400
1999	15356700
1999	13504100
1999	11509600
1999	10934800
1999	10017200
1999	9204040
1999	9161300
1999	7946000
1999	7149300
1999	6143360
1999	6140000
1999	5476000
1999	4584600
1999	4286200
1999	3768600
1999	3256920
1999	2832070
1999	2479410
1999	2420940
1999	2322140
1999	2297000
1999	2135450
1999	2025000
1999	1753100
1999	1739970
1999	1736900
1999	1699580
1999	1652000
1999	1519560
1999	1345910
1999	1336080
1999	1235000
1999	1199000
1999	1155650
1999	1149450
1999	1140290
1999	1069170
1999	1057020
1999	1053000
1999	1024860
1999	1014450
1999	984052
1999	971202
1999	935115
1999	822056
1999	817233
1999	785000
1999	782974
1999	779286
1999	659760
1999	624037
1999	619896
1999	599362
1999	569382
1999	500314
1999	493570
1999	490491
1999	488606
1999	477511
1999	468948
1999	428045
1999	405482
1999	344000
1999	338000
1999	308356
1999	308000
1999	295190
1999	290777
1999	260495
1999	250000
1999	242500
1999	240000
1999	237700
1999	206000
1999	198300
1999	197600
1999	197000
1999	181000
1999	175000
1999	167900
1999	165615
1999	160550
1999	136380
1999	128706
1999	124549
1999	124057
1999	115000
1999	112300
1999	100278
1999	96110
1999	95274
1999	95000
1999	94151
1999	82160
1999	80631
1999	79333
1999	70450
1999	70000
1999	66132
1999	57000
1999	54912
1999	47077
1999	40639
1999	37000
1999	36439
1999	35707
1999	31470
1999	30319
1999	28136
1999	26800
1999	24775
1999	20400
1999	18855
1999	15900
1999	12919
1999	12278
1999	11450
1999	9900
1999	8772
1999	8200
1999	6500
1999	6170
1999	5148
1999	4119
1999	4000
1999	4000
1999	4000
1999	3796
1999	3766
1999	3200
1999	2133
1999	2130
1999	1487
1999	1209
1999	1200
1999	1000
1999	836
1999	750
1999	724
1999	700
1999	537
1999	390
1999	379
1999	339
1999	310
1999	307
1999	201
1999	180
1999	81
1999	71
1999	65
1999	62
1999	33
1999	29
1999	29
1999	12
2000	251852000
2000	106178315
2000	31879400
2000	17556900
2000	16780700
2000	16018400
2000	12043200
2000	11431200
2000	10137500
2000	9677000
2000	6953700
2000	6474450
2000	4984330
2000	4897600
2000	4511100
2000	4472900
2000	4107000
2000	3991750
2000	3848100
2000	3324020
2000	2968000
2000	2682940
2000	2501310
2000	2300000
2000	2160000
2000	2108110
2000	2094000
2000	2005900
2000	1965400
2000	1851650
2000	1689550
2000	1643200
2000	1530290
2000	1526170
2000	1414850
2000	1240970
2000	1204470
2000	1184000
2000	1180430
2000	1119710
2000	1096000
2000	1053550
2000	1041000
2000	1040000
2000	1031200
2000	1012700
2000	923341
2000	875347
2000	804134
2000	750442
2000	741447
2000	653271
2000	652019
2000	647270
2000	611269
2000	582676
2000	576910
2000	533598
2000	482055
2000	471963
2000	440365
2000	423494
2000	412195
2000	406043
2000	397400
2000	394607
2000	359000
2000	338263
2000	329025
2000	303957
2000	295911
2000	282393
2000	273200
2000	265930
2000	248800
2000	223300
2000	219000
2000	214548
2000	205700
2000	202500
2000	190504
2000	181000
2000	169800
2000	156972
2000	131400
2000	125383
2000	117840
2000	117000
2000	115000
2000	112779
2000	106800
2000	103527
2000	100700
2000	95000
2000	94008
2000	88449
2000	78593
2000	70820
2000	65000
2000	64700
2000	64205
2000	64014
2000	62501
2000	55000
2000	53000
2000	48500
2000	47625
2000	40607
2000	37762
2000	31722
2000	31550
2000	31050
2000	30000
2000	25900
2000	25673
2000	24341
2000	23919
2000	22000
2000	18831
2000	18502
2000	13651
2000	12860
2000	10000
2000	9700
2000	9347
2000	8902
2000	7200
2000	6355
2000	5915
2000	5780
2000	5315
2000	4685
2000	3920
2000	3829
2000	3789
2000	3500
2000	2230
2000	2040
2000	1790
2000	1769
2000	1556
2000	979
2000	975
2000	921
2000	623
2000	600
2000	450
2000	391
2000	375
2000	340
2000	312
2000	300
2000	188
2000	79
2000	72
2000	64
2000	48
2000	40
2000	32
2000	31
2000	11
2001	241375000
2001	114253995
2001	41955300
2001	20134300
2001	16408200
2001	15359400
2001	13160200
2001	10553700
2001	9347200
2001	9119200
2001	8389200
2001	7857710
2001	7772000
2001	6093580
2001	5930910
2001	4981900
2001	4596000
2001	4525010
2001	4496960
2001	3640700
2001	3504540
2001	3298330
2001	2790000
2001	2652810
2001	2211520
2001	2200000
2001	2192130
2001	2161700
2001	1801060
2001	1771080
2001	1713060
2001	1664400
2001	1484110
2001	1483000
2001	1466750
2001	1361940
2001	1310920
2001	1191900
2001	1174000
2001	1169190
2001	1143260
2001	1117620
2001	1091480
2001	1064190
2001	947167
2001	937973
2001	906644
2001	872645
2001	847220
2001	802000
2001	778498
2001	770557
2001	738627
2001	725300
2001	685902
2001	677829
2001	606291
2001	584538
2001	571471
2001	537960
2001	524000
2001	516079
2001	460900
2001	442772
2001	428769
2001	419863
2001	408653
2001	356893
2001	345000
2001	337057
2001	320400
2001	301931
2001	298900
2001	288562
2001	287500
2001	266800
2001	257546
2001	242000
2001	232000
2001	224300
2001	215663
2001	198300
2001	185589
2001	180000
2001	179550
2001	176800
2001	160000
2001	158190
2001	135000
2001	124395
2001	117300
2001	116723
2001	111869
2001	108546
2001	107000
2001	105295
2001	82536
2001	80979
2001	79840
2001	69000
2001	67000
2001	64335
2001	60000
2001	58320
2001	57000
2001	53560
2001	53000
2001	50373
2001	36736
2001	36515
2001	34296
2001	31000
2001	28988
2001	28750
2001	28088
2001	27700
2001	25150
2001	19920
2001	19549
2001	12755
2001	12000
2001	10443
2001	10000
2001	10000
2001	9865
2001	9051
2001	8300
2001	6546
2001	6377
2001	6168
2001	4976
2001	4616
2001	4331
2001	3812
2001	3800
2001	2500
2001	2083
2001	2023
2001	2000
2001	1811
2001	1466
2001	1087
2001	818
2001	620
2001	465
2001	436
2001	389
2001	388
2001	351
2001	300
2001	251
2001	250
2001	170
2001	82
2001	70
2001	69
2001	64
2001	52
2001	36
2001	28
2001	12
2002	227765000
2002	121496915
2002	35933000
2002	19297800
2002	16440000
2002	14712100
2002	11151700
2002	10554400
2002	10076000
2002	9585280
2002	8998800
2002	8399800
2002	6430960
2002	6120940
2002	5597210
2002	4890000
2002	4425370
2002	4408420
2002	4319260
2002	4259290
2002	4180300
2002	3738450
2002	2825560
2002	2511200
2002	2501770
2002	2408600
2002	2219000
2002	2100000
2002	1961980
2002	1737100
2002	1666610
2002	1651000
2002	1562890
2002	1556980
2002	1510770
2002	1430000
2002	1400000
2002	1392030
2002	1290860
2002	1288110
2002	1263540
2002	1217000
2002	1193650
2002	1154570
2002	1114770
2002	1050140
2002	924211
2002	903231
2002	867270
2002	861456
2002	796601
2002	753840
2002	672772
2002	653081
2002	644363
2002	622136
2002	616234
2002	606172
2002	605000
2002	593000
2002	592267
2002	583361
2002	546860
2002	530700
2002	510084
2002	503561
2002	499455
2002	454000
2002	435208
2002	400066
2002	388679
2002	373604
2002	371365
2002	363629
2002	315278
2002	309000
2002	298000
2002	287500
2002	248000
2002	231888
2002	198880
2002	197300
2002	194800
2002	179400
2002	171950
2002	163400
2002	148897
2002	148847
2002	147100
2002	140151
2002	128029
2002	126799
2002	124122
2002	117255
2002	113000
2002	111110
2002	93714
2002	91686
2002	84349
2002	80372
2002	73223
2002	72394
2002	70000
2002	67639
2002	65380
2002	55379
2002	53000
2002	41412
2002	41169
2002	33459
2002	30267
2002	30000
2002	29455
2002	27800
2002	26410
2002	24000
2002	22113
2002	18580
2002	16447
2002	15000
2002	13764
2002	12156
2002	12038
2002	11700
2002	11600
2002	8500
2002	8300
2002	7000
2002	6742
2002	5067
2002	4778
2002	3884
2002	3835
2002	3296
2002	3008
2002	2744
2002	2550
2002	2317
2002	2000
2002	1755
2002	1670
2002	1500
2002	943
2002	837
2002	800
2002	631
2002	625
2002	469
2002	391
2002	354
2002	305
2002	295
2002	218
2002	160
2002	83
2002	74
2002	61
2002	60
2002	50
2002	30
2002	30
2002	10
2003	256227000
2003	115997909
2003	48327300
2003	20701400
2003	15044500
2003	14984300
2003	11990900
2003	10886400
2003	9705000
2003	9587300
2003	9576990
2003	8702290
2003	6875100
2003	6530430
2003	5203000
2003	4615630
2003	4532150
2003	4338700
2003	4248990
2003	3825540
2003	3421640
2003	3136300
2003	2800000
2003	2743880
2003	2710850
2003	2613970
2003	2503000
2003	2121900
2003	1983440
2003	1897400
2003	1883680
2003	1823240
2003	1725000
2003	1707770
2003	1653000
2003	1569150
2003	1569140
2003	1513950
2003	1413600
2003	1353810
2003	1300000
2003	1288600
2003	1189730
2003	1178790
2003	1161110
2003	1157860
2003	1154800
2003	1059000
2003	1055540
2003	1053560
2003	912280
2003	798021
2003	788320
2003	693000
2003	691643
2003	665508
2003	627980
2003	625424
2003	618684
2003	601440
2003	600098
2003	588599
2003	554743
2003	545059
2003	537960
2003	514153
2003	476371
2003	461866
2003	451018
2003	437548
2003	423295
2003	400907
2003	398541
2003	360000
2003	317860
2003	314591
2003	310000
2003	286382
2003	268860
2003	233000
2003	226680
2003	224223
2003	210000
2003	206900
2003	197182
2003	182000
2003	178500
2003	146300
2003	143178
2003	143147
2003	141436
2003	138580
2003	127000
2003	119000
2003	117978
2003	117255
2003	94850
2003	90700
2003	86787
2003	82080
2003	78886
2003	77120
2003	72000
2003	70242
2003	70175
2003	69273
2003	53000
2003	50156
2003	49681
2003	43928
2003	35876
2003	33580
2003	33353
2003	32841
2003	31000
2003	29650
2003	28891
2003	20639
2003	20000
2003	16060
2003	15241
2003	14644
2003	12154
2003	12000
2003	10741
2003	8967
2003	6075
2003	6000
2003	6000
2003	4456
2003	4000
2003	4000
2003	3300
2003	2955
2003	2700
2003	2600
2003	2200
2003	2043
2003	1902
2003	1633
2003	1500
2003	1466
2003	1014
2003	981
2003	800
2003	798
2003	593
2003	529
2003	441
2003	340
2003	263
2003	180
2003	177
2003	142
2003	94
2003	80
2003	65
2003	63
2003	55
2003	31
2003	25
2003	10
2004	299874000
2004	130434297
2004	41787600
2004	21670200
2004	16372000
2004	14950800
2004	14541600
2004	14172000
2004	11368000
2004	11225200
2004	9710070
2004	8866800
2004	8836800
2004	8332450
2004	6579000
2004	6236140
2004	5567000
2004	5413390
2004	4831150
2004	4651370
2004	4341470
2004	4213000
2004	3515690
2004	3430900
2004	3000000
2004	2906310
2004	2797000
2004	2607140
2004	2455460
2004	2344030
2004	2200000
2004	2123020
2004	2068470
2004	1944880
2004	1926080
2004	1794480
2004	1727000
2004	1686150
2004	1623210
2004	1608350
2004	1590100
2004	1320610
2004	1214000
2004	1200050
2004	1157620
2004	1155030
2004	1120000
2004	1080000
2004	1072310
2004	1060400
2004	990429
2004	966106
2004	862435
2004	842626
2004	789409
2004	785191
2004	771000
2004	648045
2004	637807
2004	619831
2004	577000
2004	551628
2004	538091
2004	523647
2004	481474
2004	460994
2004	459463
2004	457798
2004	452949
2004	445110
2004	443730
2004	416000
2004	410613
2004	400555
2004	400000
2004	398700
2004	395000
2004	357621
2004	349646
2004	264685
2004	256665
2004	241460
2004	224130
2004	223000
2004	216200
2004	210166
2004	203500
2004	202470
2004	198000
2004	180900
2004	168000
2004	156400
2004	152927
2004	146105
2004	125000
2004	123199
2004	112954
2004	107422
2004	90493
2004	88231
2004	88209
2004	82209
2004	80996
2004	77616
2004	72000
2004	71320
2004	68087
2004	60000
2004	53538
2004	38774
2004	37705
2004	35200
2004	32410
2004	32125
2004	31868
2004	31085
2004	30538
2004	29209
2004	28244
2004	19322
2004	15000
2004	14800
2004	13000
2004	12649
2004	10000
2004	9191
2004	6000
2004	5500
2004	5267
2004	5200
2004	4529
2004	4000
2004	3611
2004	3600
2004	3300
2004	3000
2004	3000
2004	2650
2004	2291
2004	1884
2004	1601
2004	1162
2004	900
2004	883
2004	800
2004	679
2004	650
2004	572
2004	477
2004	369
2004	355
2004	250
2004	195
2004	150
2004	102
2004	84
2004	70
2004	60
2004	56
2004	34
2004	28
2004	11
2005	282261000
2005	139498473
2005	35113300
2005	20482600
2005	19338700
2005	14709900
2005	13687700
2005	12523900
2005	11715900
2005	10427900
2005	10388500
2005	9332200
2005	9050000
2005	7166600
2005	7095030
2005	7085190
2005	5957000
2005	5253160
2005	4200000
2005	4093630
2005	4082700
2005	3981370
2005	3911870
2005	3787100
2005	3210770
2005	3131610
2005	3109600
2005	2905560
2005	2534080
2005	2206730
2005	2193460
2005	2020960
2005	1995250
2005	1945400
2005	1716040
2005	1630000
2005	1588320
2005	1585700
2005	1507770
2005	1492000
2005	1240780
2005	1225230
2005	1171000
2005	1170000
2005	1155260
2005	1079810
2005	1074040
2005	1050400
2005	1004100
2005	942000
2005	915366
2005	904000
2005	866187
2005	864698
2005	830000
2005	799052
2005	788837
2005	738352
2005	734372
2005	727607
2005	702933
2005	640213
2005	634464
2005	634088
2005	555595
2005	513118
2005	509468
2005	502051
2005	467741
2005	437305
2005	432100
2005	421347
2005	419672
2005	401000
2005	399958
2005	391000
2005	372560
2005	362500
2005	356280
2005	351168
2005	315000
2005	253132
2005	251000
2005	247760
2005	219900
2005	210253
2005	201305
2005	200500
2005	200000
2005	198900
2005	187200
2005	164340
2005	155813
2005	151389
2005	148234
2005	144055
2005	135000
2005	131000
2005	97251
2005	93968
2005	92219
2005	90634
2005	89100
2005	78739
2005	75000
2005	74540
2005	73470
2005	59671
2005	50120
2005	41800
2005	40723
2005	39835
2005	39247
2005	39051
2005	34686
2005	34644
2005	31108
2005	30800
2005	29002
2005	16000
2005	14127
2005	13581
2005	13223
2005	12234
2005	11700
2005	10000
2005	8000
2005	7000
2005	6290
2005	4900
2005	4087
2005	4000
2005	3648
2005	3600
2005	3400
2005	3050
2005	2957
2005	2060
2005	1929
2005	1608
2005	1148
2005	1000
2005	989
2005	836
2005	800
2005	730
2005	620
2005	543
2005	475
2005	360
2005	315
2005	260
2005	190
2005	156
2005	97
2005	80
2005	78
2005	57
2005	50
2005	31
2005	24
2005	9
2006	267501000
2006	151731433
2006	42661700
2006	21893200
2006	15097000
2006	14445500
2006	12775200
2006	11609500
2006	9671210
2006	8989800
2006	8984730
2006	8281670
2006	7100000
2006	6935060
2006	6425600
2006	6374300
2006	6082110
2006	6016770
2006	4029630
2006	3918330
2006	3854500
2006	3811000
2006	3510350
2006	3423020
2006	3355720
2006	3247200
2006	3220300
2006	3088000
2006	2611490
2006	2359000
2006	2336830
2006	2166130
2006	2000000
2006	1934520
2006	1750000
2006	1734420
2006	1587800
2006	1531150
2006	1484840
2006	1471670
2006	1424400
2006	1417800
2006	1381890
2006	1322190
2006	1268980
2006	1260660
2006	1258000
2006	1249490
2006	1189000
2006	1183900
2006	1155490
2006	1016000
2006	993850
2006	894436
2006	866664
2006	838326
2006	742067
2006	733627
2006	706737
2006	671949
2006	638753
2006	606366
2006	575898
2006	546765
2006	543342
2006	526084
2006	521525
2006	513700
2006	501890
2006	501583
2006	449950
2006	437969
2006	413610
2006	405344
2006	399000
2006	380000
2006	376938
2006	359000
2006	305400
2006	297380
2006	276106
2006	245400
2006	227054
2006	217400
2006	205000
2006	205000
2006	194228
2006	183946
2006	181585
2006	181200
2006	158930
2006	152631
2006	152400
2006	147494
2006	145883
2006	138885
2006	131000
2006	125887
2006	118984
2006	116825
2006	109000
2006	100815
2006	97000
2006	91813
2006	84383
2006	80079
2006	80000
2006	77633
2006	67127
2006	65890
2006	64623
2006	60853
2006	48813
2006	47530
2006	41827
2006	32000
2006	30899
2006	28404
2006	28398
2006	27750
2006	19085
2006	17285
2006	16000
2006	15000
2006	14452
2006	13002
2006	10929
2006	9066
2006	8421
2006	8000
2006	7200
2006	5122
2006	4700
2006	4116
2006	3956
2006	3100
2006	3070
2006	3000
2006	3000
2006	2700
2006	2456
2006	1895.1
2006	1875
2006	1130
2006	939
2006	830
2006	800
2006	750
2006	500
2006	452
2006	380
2006	300
2006	270
2006	200
2006	147
2006	90
2006	87
2006	80
2006	75
2006	65
2006	46
2006	32
2006	10
2007	331175000
2007	152418870
2007	52112200
2007	23512800
2007	21755400
2007	18955400
2007	14357300
2007	13287500
2007	11648700
2007	9809270
2007	7421100
2007	7125000
2007	6736940
2007	6724000
2007	6243220
2007	4303200
2007	4026730
2007	3904830
2007	3890220
2007	3853920
2007	3809320
2007	3798020
2007	3659000
2007	3610940
2007	3605000
2007	3535000
2007	3336800
2007	3226420
2007	2928790
2007	2379110
2007	2361300
2007	2339490
2007	1900000
2007	1819930
2007	1733290
2007	1722300
2007	1696490
2007	1587000
2007	1459560
2007	1424600
2007	1368240
2007	1366160
2007	1322160
2007	1262000
2007	1219600
2007	1155720
2007	1152050
2007	1128000
2007	1122650
2007	952600
2007	944952
2007	902150
2007	798356
2007	770365
2007	758781
2007	699416
2007	698899
2007	689918
2007	688190
2007	646500
2007	635344
2007	634881
2007	623907
2007	615894
2007	595460
2007	553874
2007	546050
2007	541066
2007	531940
2007	523000
2007	486672
2007	460678
2007	421220
2007	416767
2007	384000
2007	368800
2007	362711
2007	360000
2007	337763
2007	312860
2007	308259
2007	295800
2007	270000
2007	239879
2007	230600
2007	215900
2007	205500
2007	201257
2007	185627
2007	177600
2007	177036
2007	158266
2007	158192
2007	139776
2007	135000
2007	130075
2007	118378
2007	115507
2007	102000
2007	99000
2007	94860
2007	92981
2007	86600
2007	86097
2007	84729
2007	83513
2007	71526
2007	70000
2007	60312
2007	56440
2007	55523
2007	38313
2007	33000
2007	32075
2007	31408
2007	29429
2007	26170
2007	26000
2007	22848
2007	19900
2007	19486
2007	19324
2007	18860
2007	16966
2007	16400
2007	15000
2007	13907
2007	13686
2007	8465
2007	8000
2007	7900
2007	6937
2007	5741
2007	4850
2007	3750
2007	3100
2007	3070
2007	3068
2007	3000
2007	2120
2007	1673
2007	1644
2007	1270
2007	1130
2007	1021
2007	1000
2007	800
2007	670
2007	550
2007	400
2007	320
2007	304
2007	280
2007	210
2007	155
2007	107
2007	92
2007	82
2007	80
2007	55
2007	49
2007	35
2007	13
2008	307142000
2008	166032097
2008	58933300
2008	24320100
2008	22016900
2008	19730000
2008	16323900
2008	15818500
2008	12700000
2008	11446800
2008	10592000
2008	9491200
2008	8897140
2008	7849080
2008	7525000
2008	7401410
2008	6928220
2008	6682300
2008	6158120
2008	5105860
2008	4573100
2008	4274000
2008	4249350
2008	3776440
2008	3628600
2008	3593000
2008	3555800
2008	2726100
2008	2634700
2008	2504940
2008	2472000
2008	2471710
2008	2367240
2008	2147240
2008	1878650
2008	1844440
2008	1777490
2008	1726550
2008	1566200
2008	1480900
2008	1478560
2008	1470080
2008	1411390
2008	1394830
2008	1368350
2008	1365410
2008	1346470
2008	1284930
2008	1266000
2008	1260620
2008	1211570
2008	1185000
2008	1155950
2008	1107780
2008	1013630
2008	1004360
2008	1001800
2008	978063
2008	868259
2008	858837
2008	858407
2008	804503
2008	702387
2008	699700
2008	695073
2008	630188
2008	611865
2008	590106
2008	536277
2008	522695
2008	496000
2008	494653
2008	462100
2008	430334
2008	423881
2008	420160
2008	397326
2008	387000
2008	334700
2008	328200
2008	325700
2008	319902
2008	287955
2008	281300
2008	280000
2008	252300
2008	245000
2008	227700
2008	225993
2008	210000
2008	205557
2008	170699
2008	167000
2008	163446
2008	158620
2008	146765
2008	136428
2008	135900
2008	127125
2008	120950
2008	117681
2008	100173
2008	100000
2008	99287
2008	92830
2008	84759
2008	69252
2008	65813
2008	62000
2008	60012
2008	59651
2008	58101
2008	44894
2008	37051
2008	34836
2008	32959
2008	32000
2008	27537
2008	23533
2008	21172
2008	19241
2008	16690
2008	16000
2008	15461
2008	14100
2008	12766
2008	11584
2008	10000
2008	9900
2008	9625
2008	8967
2008	7968
2008	4581
2008	4203
2008	4148
2008	4000
2008	3500
2008	3400
2008	3167
2008	3000
2008	2276
2008	1897
2008	1270
2008	1130
2008	1015
2008	820
2008	750
2008	700
2008	604
2008	464
2008	337
2008	270
2008	236
2008	177
2008	160
2008	90
2008	90
2008	90
2008	76
2008	68
2008	48
2008	27
2008	12
2009	332549000
2009	164107560
2009	50719800
2009	20142800
2009	17629700
2009	16680000
2009	15288200
2009	13121400
2009	12050000
2009	10486300
2009	9561200
2009	7973260
2009	7877700
2009	7686090
2009	7528380
2009	7338840
2009	7034030
2009	6396260
2009	4616120
2009	4527230
2009	4371700
2009	4250000
2009	3963430
2009	3932520
2009	3582500
2009	3492100
2009	3324200
2009	3261500
2009	2439000
2009	2352000
2009	2182520
2009	1932000
2009	1930670
2009	1890500
2009	1887010
2009	1857840
2009	1803560
2009	1706600
2009	1705000
2009	1686890
2009	1642660
2009	1636640
2009	1619590
2009	1559750
2009	1476990
2009	1450000
2009	1345650
2009	1290830
2009	1272000
2009	1226000
2009	1205200
2009	1174450
2009	1156180
2009	1141080
2009	1134390
2009	988053
2009	970231
2009	962921
2009	924026
2009	894558
2009	889574
2009	811385
2009	807866
2009	785965
2009	729629
2009	700000
2009	651739
2009	637372
2009	635700
2009	587235
2009	565667
2009	522024
2009	486636
2009	471200
2009	448663
2009	425204
2009	375670
2009	328644
2009	304800
2009	303700
2009	302600
2009	300000
2009	291000
2009	286946
2009	269800
2009	265100
2009	244911
2009	238113
2009	237844
2009	230800
2009	209030
2009	204520
2009	183255
2009	174035
2009	161479
2009	157547
2009	151172
2009	151168
2009	142870
2009	142515
2009	134715
2009	120379
2009	111838
2009	85544
2009	81097
2009	76975
2009	66000
2009	61158
2009	60765
2009	57320
2009	57126
2009	56087
2009	54625
2009	46005
2009	45041
2009	35763
2009	35037
2009	29641
2009	23860
2009	23800
2009	19754
2009	16652
2009	16600
2009	16000
2009	15232
2009	13193
2009	11830
2009	11200
2009	10200
2009	10200
2009	10009
2009	7380
2009	5123
2009	5000
2009	3600
2009	3200
2009	3000
2009	2953
2009	2587
2009	2453
2009	2350
2009	1389
2009	1350
2009	1200
2009	846
2009	670
2009	575
2009	525
2009	447
2009	325
2009	260
2009	227
2009	171
2009	165
2009	112
2009	94
2009	87
2009	78
2009	74
2009	66
2009	50
2009	24
2009	10
2010	316165000
2010	177540788
2010	55394800
2010	23301900
2010	22676900
2010	18327600
2010	14060000
2010	13975000
2010	12815000
2010	11953000
2010	11714500
2010	9042030
2010	8827810
2010	7305530
2010	7207190
2010	7183000
2010	6967170
2010	6376800
2010	4736190
2010	4606800
2010	4454450
2010	4310000
2010	4072900
2010	3897160
2010	3707000
2010	3419410
2010	3222000
2010	3178800
2010	3108820
2010	3084350
2010	2795480
2010	2168840
2010	2145000
2010	2067820
2010	2044100
2010	1878000
2010	1871700
2010	1855180
2010	1735940
2010	1719860
2010	1716200
2010	1683000
2010	1674400
2010	1634000
2010	1541200
2010	1536290
2010	1419850
2010	1403580
2010	1373000
2010	1357920
2010	1249100
2010	1192400
2010	1156410
2010	1133450
2010	1132700
2010	1072740
2010	1020880
2010	984096
2010	952300
2010	887391
2010	853376
2010	797998
2010	773269
2010	745891
2010	718014
2010	692600
2010	658000
2010	641610
2010	638129
2010	580100
2010	550586
2010	529100
2010	508941
2010	462000
2010	456974
2010	440900
2010	432404
2010	411914
2010	362000
2010	328000
2010	324500
2010	311117
2010	301000
2010	279150
2010	266699
2010	233700
2010	231600
2010	200000
2010	196903
2010	188812
2010	186511
2010	182200
2010	161690
2010	151061
2010	150000
2010	148891
2010	143502
2010	141100
2010	136061
2010	133100
2010	132006
2010	128213
2010	126412
2010	120000
2010	89454
2010	87626
2010	84037.3
2010	74339
2010	68000
2010	66000
2010	58000
2010	57663
2010	54300
2010	47300
2010	39500
2010	37792
2010	36658
2010	36420
2010	35000
2010	29006
2010	19910
2010	18765
2010	18000
2010	17000
2010	14100
2010	13800
2010	12751
2010	12312
2010	10500
2010	10484
2010	9700
2010	9381
2010	7600
2010	6400
2010	6000
2010	3600
2010	3400
2010	3335
2010	3200
2010	3116
2010	2900
2010	2363
2010	1300
2010	1100
2010	923
2010	720
2010	720
2010	510
2010	447
2010	350
2010	328
2010	280
2010	240
2010	170
2010	160
2010	90
2010	90
2010	90
2010	70
2010	70
2010	40
2010	35
2010	10
