1961	138
1961	135
1961	134
1961	131
1961	130
1961	130
1961	128
1961	122
1961	118
1961	116
1961	115
1961	115
1961	114
1961	113
1961	112
1961	109
1961	107
1961	100
1961	99
1961	99
1961	98
1961	98
1961	96
1961	95
1961	94
1961	92
1961	92
1961	92
1961	91
1961	89
1961	89
1961	88
1961	88
1961	88
1961	88
1961	87
1961	85
1961	84
1961	83
1961	83
1961	83
1961	80
1961	78
1961	78
1961	78
1961	76
1961	76
1961	76
1961	76
1961	75
1961	75
1961	75
1961	74
1961	73
1961	72
1961	71
1961	71
1961	68
1961	68
1961	67
1961	67
1961	66
1961	62
1961	62
1961	58
1961	58
1961	57
1961	55
1961	54
1961	53
1961	52
1961	51
1961	51
1961	51
1961	51
1961	51
1961	50
1961	50
1961	49
1961	48
1961	48
1961	47
1961	45
1961	45
1961	44
1961	44
1961	43
1961	42
1961	41
1961	37
1961	37
1961	37
1961	35
1961	34
1961	34
1961	33
1961	32
1961	30
1961	30
1961	28
1961	28
1961	28
1961	27
1961	27
1961	26
1961	26
1961	25
1961	25
1961	21
1961	20
1961	19
1961	18
1961	17
1961	17
1961	17
1961	16
1961	16
1961	16
1961	14
1961	13
1961	13
1961	13
1961	12
1961	12
1961	10
1961	9
1961	8
1961	8
1961	7
1961	7
1961	7
1961	6
1961	6
1961	5
1961	5
1961	5
1961	5
1961	4
1961	4
1961	4
1961	4
1961	4
1961	3
1961	3
1961	3
1961	3
1961	3
1961	3
1961	2
1961	2
1961	2
1961	1
1962	135
1962	134
1962	133
1962	132
1962	131
1962	127
1962	126
1962	123
1962	119
1962	118
1962	117
1962	116
1962	114
1962	113
1962	113
1962	112
1962	109
1962	109
1962	106
1962	104
1962	103
1962	101
1962	100
1962	100
1962	100
1962	99
1962	98
1962	97
1962	95
1962	93
1962	90
1962	90
1962	89
1962	88
1962	88
1962	87
1962	87
1962	84
1962	83
1962	83
1962	82
1962	82
1962	82
1962	81
1962	81
1962	80
1962	79
1962	77
1962	77
1962	77
1962	77
1962	77
1962	76
1962	74
1962	74
1962	74
1962	72
1962	71
1962	68
1962	68
1962	68
1962	67
1962	66
1962	64
1962	63
1962	63
1962	59
1962	59
1962	58
1962	57
1962	56
1962	55
1962	53
1962	53
1962	52
1962	50
1962	50
1962	50
1962	49
1962	48
1962	46
1962	46
1962	45
1962	45
1962	45
1962	45
1962	44
1962	43
1962	41
1962	38
1962	37
1962	37
1962	37
1962	36
1962	35
1962	33
1962	33
1962	31
1962	31
1962	31
1962	30
1962	29
1962	29
1962	29
1962	28
1962	28
1962	27
1962	24
1962	24
1962	23
1962	20
1962	20
1962	18
1962	18
1962	17
1962	17
1962	16
1962	15
1962	15
1962	15
1962	15
1962	14
1962	14
1962	13
1962	12
1962	11
1962	11
1962	10
1962	10
1962	9
1962	9
1962	8
1962	8
1962	8
1962	7
1962	5
1962	5
1962	5
1962	5
1962	5
1962	5
1962	4
1962	4
1962	4
1962	3
1962	3
1962	3
1962	3
1962	3
1962	3
1962	2
1962	1
1963	140
1963	132
1963	132
1963	131
1963	130
1963	128
1963	126
1963	124
1963	116
1963	114
1963	114
1963	111
1963	111
1963	109
1963	108
1963	107
1963	107
1963	106
1963	106
1963	105
1963	103
1963	100
1963	99
1963	98
1963	96
1963	93
1963	91
1963	90
1963	90
1963	89
1963	89
1963	89
1963	88
1963	88
1963	87
1963	86
1963	84
1963	83
1963	83
1963	83
1963	82
1963	82
1963	82
1963	82
1963	81
1963	80
1963	79
1963	79
1963	77
1963	77
1963	76
1963	76
1963	75
1963	75
1963	74
1963	74
1963	71
1963	69
1963	69
1963	68
1963	67
1963	66
1963	65
1963	59
1963	58
1963	58
1963	57
1963	56
1963	56
1963	55
1963	55
1963	55
1963	54
1963	54
1963	52
1963	52
1963	52
1963	50
1963	50
1963	48
1963	47
1963	45
1963	45
1963	45
1963	44
1963	43
1963	41
1963	41
1963	40
1963	39
1963	38
1963	38
1963	36
1963	35
1963	35
1963	34
1963	34
1963	33
1963	33
1963	32
1963	32
1963	31
1963	30
1963	30
1963	29
1963	28
1963	26
1963	25
1963	25
1963	21
1963	21
1963	18
1963	17
1963	17
1963	17
1963	17
1963	16
1963	16
1963	15
1963	15
1963	15
1963	14
1963	13
1963	12
1963	11
1963	11
1963	9
1963	9
1963	9
1963	8
1963	8
1963	8
1963	7
1963	7
1963	7
1963	6
1963	6
1963	6
1963	6
1963	5
1963	5
1963	5
1963	5
1963	4
1963	4
1963	4
1963	3
1963	3
1963	3
1963	2
1963	1
1963	1
1964	135
1964	134
1964	131
1964	130
1964	128
1964	128
1964	121
1964	121
1964	120
1964	117
1964	115
1964	112
1964	111
1964	111
1964	109
1964	109
1964	109
1964	108
1964	108
1964	105
1964	104
1964	104
1964	101
1964	101
1964	99
1964	98
1964	98
1964	97
1964	97
1964	97
1964	92
1964	90
1964	88
1964	88
1964	88
1964	87
1964	87
1964	86
1964	86
1964	86
1964	85
1964	85
1964	83
1964	81
1964	80
1964	80
1964	80
1964	79
1964	78
1964	77
1964	76
1964	75
1964	74
1964	74
1964	74
1964	73
1964	73
1964	73
1964	72
1964	70
1964	69
1964	68
1964	68
1964	65
1964	63
1964	61
1964	59
1964	58
1964	57
1964	57
1964	57
1964	57
1964	56
1964	55
1964	55
1964	55
1964	54
1964	53
1964	51
1964	50
1964	49
1964	48
1964	47
1964	47
1964	46
1964	46
1964	45
1964	45
1964	43
1964	41
1964	41
1964	38
1964	38
1964	38
1964	37
1964	37
1964	36
1964	36
1964	36
1964	33
1964	33
1964	32
1964	31
1964	30
1964	30
1964	29
1964	28
1964	28
1964	25
1964	23
1964	20
1964	18
1964	18
1964	17
1964	17
1964	16
1964	16
1964	15
1964	15
1964	15
1964	15
1964	13
1964	11
1964	11
1964	11
1964	11
1964	10
1964	9
1964	9
1964	9
1964	8
1964	7
1964	7
1964	7
1964	7
1964	6
1964	6
1964	6
1964	5
1964	5
1964	5
1964	4
1964	4
1964	4
1964	4
1964	4
1964	4
1964	3
1964	2
1964	2
1964	2
1965	134
1965	134
1965	133
1965	133
1965	132
1965	130
1965	130
1965	129
1965	127
1965	126
1965	121
1965	118
1965	117
1965	115
1965	115
1965	115
1965	115
1965	113
1965	111
1965	109
1965	107
1965	106
1965	105
1965	103
1965	100
1965	100
1965	97
1965	96
1965	96
1965	94
1965	94
1965	94
1965	92
1965	89
1965	88
1965	87
1965	86
1965	86
1965	85
1965	85
1965	85
1965	84
1965	83
1965	83
1965	81
1965	81
1965	80
1965	79
1965	78
1965	78
1965	77
1965	77
1965	77
1965	76
1965	75
1965	75
1965	74
1965	73
1965	73
1965	71
1965	70
1965	69
1965	68
1965	68
1965	68
1965	68
1965	67
1965	66
1965	63
1965	62
1965	62
1965	62
1965	61
1965	58
1965	58
1965	58
1965	56
1965	54
1965	52
1965	52
1965	51
1965	51
1965	50
1965	49
1965	49
1965	47
1965	46
1965	44
1965	43
1965	43
1965	43
1965	42
1965	41
1965	40
1965	40
1965	39
1965	39
1965	37
1965	36
1965	35
1965	35
1965	35
1965	35
1965	34
1965	34
1965	33
1965	32
1965	32
1965	32
1965	30
1965	21
1965	21
1965	20
1965	20
1965	19
1965	18
1965	18
1965	17
1965	16
1965	16
1965	16
1965	16
1965	16
1965	15
1965	14
1965	14
1965	12
1965	11
1965	11
1965	11
1965	11
1965	9
1965	9
1965	7
1965	7
1965	6
1965	6
1965	6
1965	6
1965	6
1965	5
1965	5
1965	5
1965	4
1965	4
1965	4
1965	3
1965	3
1965	3
1965	3
1965	3
1965	2
1965	1
1966	148
1966	134
1966	133
1966	133
1966	131
1966	131
1966	130
1966	127
1966	126
1966	126
1966	120
1966	120
1966	119
1966	118
1966	118
1966	117
1966	117
1966	116
1966	115
1966	112
1966	112
1966	111
1966	105
1966	101
1966	100
1966	100
1966	99
1966	97
1966	96
1966	95
1966	94
1966	94
1966	92
1966	92
1966	92
1966	91
1966	90
1966	89
1966	87
1966	87
1966	86
1966	86
1966	86
1966	85
1966	85
1966	83
1966	82
1966	82
1966	82
1966	82
1966	81
1966	80
1966	76
1966	76
1966	76
1966	76
1966	74
1966	73
1966	73
1966	72
1966	71
1966	70
1966	70
1966	70
1966	69
1966	69
1966	69
1966	68
1966	62
1966	61
1966	60
1966	60
1966	60
1966	60
1966	60
1966	58
1966	58
1966	56
1966	56
1966	55
1966	54
1966	53
1966	53
1966	51
1966	50
1966	49
1966	48
1966	47
1966	45
1966	45
1966	44
1966	43
1966	42
1966	42
1966	41
1966	40
1966	40
1966	40
1966	40
1966	38
1966	38
1966	36
1966	34
1966	34
1966	33
1966	33
1966	33
1966	32
1966	30
1966	25
1966	22
1966	21
1966	21
1966	20
1966	20
1966	20
1966	18
1966	17
1966	17
1966	16
1966	16
1966	15
1966	15
1966	15
1966	14
1966	14
1966	12
1966	12
1966	11
1966	10
1966	10
1966	10
1966	10
1966	9
1966	9
1966	7
1966	7
1966	7
1966	6
1966	6
1966	6
1966	6
1966	5
1966	5
1966	5
1966	4
1966	4
1966	4
1966	4
1966	3
1966	2
1966	2
1966	2
1967	148
1967	141
1967	137
1967	132
1967	131
1967	131
1967	129
1967	129
1967	128
1967	123
1967	121
1967	119
1967	119
1967	117
1967	117
1967	116
1967	116
1967	115
1967	115
1967	114
1967	111
1967	109
1967	106
1967	103
1967	101
1967	100
1967	99
1967	97
1967	97
1967	96
1967	96
1967	94
1967	94
1967	94
1967	92
1967	92
1967	91
1967	90
1967	90
1967	90
1967	88
1967	88
1967	88
1967	87
1967	86
1967	86
1967	85
1967	85
1967	85
1967	84
1967	84
1967	83
1967	82
1967	82
1967	77
1967	75
1967	73
1967	72
1967	71
1967	71
1967	71
1967	71
1967	71
1967	70
1967	69
1967	69
1967	68
1967	68
1967	67
1967	66
1967	66
1967	64
1967	63
1967	61
1967	60
1967	60
1967	59
1967	57
1967	57
1967	56
1967	56
1967	56
1967	54
1967	54
1967	51
1967	50
1967	47
1967	46
1967	46
1967	46
1967	45
1967	43
1967	42
1967	41
1967	41
1967	41
1967	41
1967	40
1967	40
1967	39
1967	38
1967	38
1967	35
1967	35
1967	35
1967	35
1967	35
1967	33
1967	32
1967	30
1967	25
1967	22
1967	20
1967	20
1967	19
1967	19
1967	19
1967	19
1967	19
1967	18
1967	18
1967	17
1967	17
1967	16
1967	15
1967	15
1967	14
1967	14
1967	13
1967	11
1967	10
1967	9
1967	9
1967	8
1967	8
1967	8
1967	8
1967	7
1967	7
1967	7
1967	6
1967	6
1967	6
1967	6
1967	5
1967	5
1967	5
1967	4
1967	4
1967	3
1967	2
1967	2
1967	2
1968	146
1968	144
1968	140
1968	132
1968	131
1968	129
1968	129
1968	129
1968	126
1968	123
1968	123
1968	122
1968	122
1968	122
1968	120
1968	118
1968	117
1968	115
1968	113
1968	111
1968	111
1968	109
1968	108
1968	106
1968	103
1968	102
1968	101
1968	101
1968	98
1968	98
1968	98
1968	98
1968	98
1968	96
1968	96
1968	96
1968	96
1968	95
1968	91
1968	90
1968	89
1968	88
1968	87
1968	87
1968	85
1968	85
1968	85
1968	83
1968	83
1968	83
1968	83
1968	83
1968	81
1968	80
1968	80
1968	79
1968	78
1968	76
1968	75
1968	71
1968	71
1968	71
1968	71
1968	71
1968	70
1968	69
1968	69
1968	68
1968	68
1968	68
1968	67
1968	63
1968	63
1968	62
1968	62
1968	61
1968	61
1968	60
1968	60
1968	60
1968	59
1968	55
1968	53
1968	53
1968	51
1968	50
1968	50
1968	48
1968	47
1968	47
1968	47
1968	44
1968	44
1968	44
1968	44
1968	43
1968	42
1968	42
1968	41
1968	41
1968	39
1968	38
1968	37
1968	36
1968	35
1968	35
1968	35
1968	34
1968	33
1968	32
1968	30
1968	25
1968	24
1968	23
1968	22
1968	21
1968	20
1968	20
1968	20
1968	19
1968	18
1968	18
1968	17
1968	17
1968	16
1968	16
1968	16
1968	16
1968	13
1968	13
1968	12
1968	12
1968	11
1968	9
1968	9
1968	9
1968	8
1968	8
1968	8
1968	7
1968	7
1968	6
1968	6
1968	6
1968	6
1968	5
1968	5
1968	4
1968	3
1968	3
1968	3
1968	3
1968	2
1969	137
1969	137
1969	134
1969	133
1969	131
1969	130
1969	129
1969	127
1969	124
1969	124
1969	123
1969	122
1969	121
1969	121
1969	120
1969	120
1969	120
1969	115
1969	115
1969	111
1969	110
1969	107
1969	106
1969	104
1969	104
1969	103
1969	102
1969	102
1969	100
1969	99
1969	98
1969	97
1969	97
1969	96
1969	95
1969	95
1969	94
1969	94
1969	94
1969	93
1969	93
1969	91
1969	90
1969	89
1969	88
1969	88
1969	88
1969	87
1969	87
1969	87
1969	85
1969	83
1969	83
1969	82
1969	82
1969	79
1969	78
1969	78
1969	76
1969	75
1969	75
1969	73
1969	73
1969	73
1969	72
1969	71
1969	71
1969	71
1969	68
1969	68
1969	68
1969	67
1969	67
1969	66
1969	66
1969	64
1969	63
1969	62
1969	62
1969	62
1969	60
1969	60
1969	57
1969	53
1969	51
1969	51
1969	50
1969	50
1969	49
1969	48
1969	48
1969	46
1969	46
1969	46
1969	45
1969	44
1969	42
1969	42
1969	41
1969	40
1969	39
1969	38
1969	37
1969	37
1969	36
1969	36
1969	33
1969	32
1969	32
1969	31
1969	30
1969	30
1969	24
1969	24
1969	24
1969	23
1969	22
1969	21
1969	21
1969	20
1969	20
1969	20
1969	18
1969	17
1969	17
1969	17
1969	15
1969	14
1969	13
1969	13
1969	13
1969	12
1969	9
1969	9
1969	9
1969	8
1969	8
1969	8
1969	8
1969	7
1969	7
1969	6
1969	6
1969	6
1969	6
1969	6
1969	5
1969	5
1969	5
1969	4
1969	3
1969	3
1969	2
1970	137
1970	136
1970	133
1970	132
1970	132
1970	128
1970	126
1970	126
1970	125
1970	125
1970	124
1970	123
1970	122
1970	120
1970	120
1970	120
1970	117
1970	114
1970	113
1970	113
1970	112
1970	109
1970	106
1970	106
1970	105
1970	105
1970	104
1970	104
1970	103
1970	103
1970	103
1970	100
1970	100
1970	99
1970	98
1970	98
1970	98
1970	96
1970	95
1970	94
1970	92
1970	92
1970	92
1970	91
1970	91
1970	90
1970	90
1970	89
1970	89
1970	87
1970	86
1970	86
1970	85
1970	82
1970	82
1970	81
1970	79
1970	78
1970	77
1970	77
1970	76
1970	76
1970	75
1970	75
1970	74
1970	73
1970	73
1970	73
1970	71
1970	70
1970	70
1970	69
1970	69
1970	68
1970	68
1970	67
1970	67
1970	64
1970	62
1970	62
1970	61
1970	59
1970	57
1970	56
1970	54
1970	53
1970	52
1970	50
1970	50
1970	49
1970	47
1970	46
1970	46
1970	44
1970	43
1970	42
1970	42
1970	42
1970	40
1970	40
1970	39
1970	39
1970	39
1970	39
1970	37
1970	37
1970	36
1970	33
1970	33
1970	32
1970	32
1970	31
1970	26
1970	25
1970	24
1970	23
1970	23
1970	22
1970	21
1970	21
1970	21
1970	21
1970	19
1970	19
1970	18
1970	18
1970	18
1970	17
1970	17
1970	16
1970	15
1970	12
1970	10
1970	10
1970	10
1970	9
1970	9
1970	9
1970	8
1970	8
1970	7
1970	7
1970	6
1970	6
1970	6
1970	6
1970	5
1970	5
1970	5
1970	4
1970	3
1970	2
1970	2
1971	142
1971	140
1971	132
1971	131
1971	131
1971	129
1971	128
1971	125
1971	124
1971	123
1971	122
1971	122
1971	121
1971	120
1971	119
1971	118
1971	114
1971	113
1971	111
1971	110
1971	109
1971	109
1971	108
1971	108
1971	108
1971	107
1971	107
1971	106
1971	106
1971	105
1971	104
1971	103
1971	102
1971	101
1971	101
1971	100
1971	100
1971	99
1971	97
1971	97
1971	96
1971	95
1971	93
1971	92
1971	90
1971	87
1971	85
1971	84
1971	84
1971	83
1971	82
1971	82
1971	82
1971	81
1971	81
1971	81
1971	80
1971	78
1971	78
1971	78
1971	77
1971	76
1971	76
1971	75
1971	75
1971	74
1971	74
1971	74
1971	72
1971	72
1971	71
1971	70
1971	69
1971	69
1971	68
1971	68
1971	67
1971	63
1971	62
1971	62
1971	61
1971	59
1971	59
1971	59
1971	54
1971	53
1971	53
1971	52
1971	49
1971	49
1971	49
1971	48
1971	48
1971	47
1971	46
1971	46
1971	46
1971	45
1971	43
1971	43
1971	41
1971	40
1971	40
1971	39
1971	38
1971	38
1971	37
1971	35
1971	34
1971	33
1971	33
1971	32
1971	28
1971	28
1971	24
1971	24
1971	24
1971	24
1971	23
1971	22
1971	22
1971	22
1971	21
1971	20
1971	20
1971	19
1971	19
1971	18
1971	18
1971	15
1971	15
1971	14
1971	11
1971	10
1971	10
1971	9
1971	8
1971	8
1971	8
1971	8
1971	7
1971	7
1971	6
1971	6
1971	6
1971	6
1971	5
1971	5
1971	4
1971	4
1971	3
1971	2
1971	1
1972	137
1972	132
1972	132
1972	129
1972	129
1972	127
1972	126
1972	126
1972	125
1972	124
1972	123
1972	122
1972	121
1972	120
1972	119
1972	118
1972	114
1972	114
1972	114
1972	112
1972	112
1972	111
1972	110
1972	109
1972	108
1972	107
1972	106
1972	106
1972	106
1972	105
1972	103
1972	103
1972	103
1972	102
1972	101
1972	100
1972	99
1972	99
1972	98
1972	97
1972	96
1972	95
1972	94
1972	93
1972	93
1972	90
1972	87
1972	87
1972	87
1972	86
1972	86
1972	85
1972	83
1972	82
1972	82
1972	82
1972	82
1972	81
1972	81
1972	80
1972	79
1972	79
1972	79
1972	77
1972	76
1972	76
1972	76
1972	75
1972	74
1972	74
1972	73
1972	72
1972	71
1972	70
1972	69
1972	68
1972	68
1972	66
1972	65
1972	65
1972	64
1972	61
1972	60
1972	59
1972	59
1972	57
1972	55
1972	53
1972	51
1972	51
1972	50
1972	49
1972	48
1972	47
1972	47
1972	45
1972	45
1972	44
1972	41
1972	41
1972	40
1972	40
1972	39
1972	38
1972	38
1972	36
1972	35
1972	35
1972	34
1972	30
1972	30
1972	30
1972	27
1972	26
1972	25
1972	24
1972	24
1972	23
1972	22
1972	22
1972	21
1972	19
1972	19
1972	19
1972	18
1972	18
1972	18
1972	17
1972	17
1972	16
1972	12
1972	12
1972	11
1972	11
1972	10
1972	10
1972	9
1972	9
1972	8
1972	8
1972	8
1972	8
1972	7
1972	7
1972	6
1972	6
1972	5
1972	3
1972	3
1972	3
1972	2
1972	2
1972	1
1973	141
1973	135
1973	135
1973	131
1973	130
1973	129
1973	128
1973	128
1973	127
1973	124
1973	124
1973	123
1973	121
1973	120
1973	120
1973	119
1973	118
1973	116
1973	115
1973	115
1973	113
1973	112
1973	112
1973	112
1973	111
1973	109
1973	109
1973	108
1973	105
1973	104
1973	102
1973	101
1973	101
1973	100
1973	100
1973	98
1973	98
1973	98
1973	97
1973	97
1973	94
1973	93
1973	92
1973	91
1973	90
1973	89
1973	88
1973	87
1973	87
1973	87
1973	87
1973	86
1973	85
1973	85
1973	83
1973	82
1973	81
1973	81
1973	81
1973	81
1973	80
1973	80
1973	80
1973	79
1973	78
1973	77
1973	75
1973	74
1973	74
1973	72
1973	72
1973	71
1973	71
1973	71
1973	70
1973	69
1973	69
1973	66
1973	65
1973	64
1973	62
1973	61
1973	60
1973	59
1973	59
1973	55
1973	55
1973	53
1973	53
1973	50
1973	50
1973	48
1973	47
1973	47
1973	45
1973	44
1973	43
1973	43
1973	42
1973	40
1973	40
1973	39
1973	39
1973	36
1973	35
1973	35
1973	34
1973	33
1973	31
1973	31
1973	27
1973	26
1973	26
1973	26
1973	25
1973	25
1973	24
1973	24
1973	23
1973	23
1973	21
1973	20
1973	19
1973	19
1973	18
1973	18
1973	17
1973	17
1973	16
1973	16
1973	16
1973	13
1973	13
1973	10
1973	10
1973	9
1973	9
1973	8
1973	8
1973	8
1973	8
1973	7
1973	7
1973	7
1973	6
1973	5
1973	5
1973	5
1973	4
1973	4
1973	2
1973	1
1973	1
1974	161
1974	147
1974	142
1974	134
1974	133
1974	129
1974	127
1974	127
1974	124
1974	123
1974	123
1974	121
1974	118
1974	118
1974	118
1974	115
1974	115
1974	115
1974	114
1974	113
1974	111
1974	111
1974	111
1974	110
1974	109
1974	108
1974	106
1974	106
1974	105
1974	105
1974	103
1974	103
1974	103
1974	101
1974	101
1974	100
1974	97
1974	97
1974	97
1974	93
1974	93
1974	92
1974	91
1974	90
1974	90
1974	89
1974	89
1974	87
1974	86
1974	86
1974	84
1974	84
1974	82
1974	82
1974	81
1974	81
1974	81
1974	81
1974	81
1974	81
1974	80
1974	80
1974	80
1974	79
1974	79
1974	78
1974	77
1974	75
1974	75
1974	74
1974	74
1974	72
1974	72
1974	70
1974	70
1974	69
1974	69
1974	68
1974	66
1974	63
1974	62
1974	61
1974	60
1974	58
1974	58
1974	58
1974	58
1974	56
1974	56
1974	52
1974	48
1974	47
1974	46
1974	46
1974	45
1974	41
1974	39
1974	38
1974	37
1974	37
1974	36
1974	36
1974	35
1974	33
1974	33
1974	33
1974	32
1974	32
1974	32
1974	31
1974	28
1974	26
1974	25
1974	24
1974	21
1974	20
1974	20
1974	20
1974	19
1974	19
1974	19
1974	19
1974	19
1974	18
1974	18
1974	17
1974	16
1974	16
1974	15
1974	15
1974	12
1974	12
1974	11
1974	11
1974	10
1974	9
1974	8
1974	7
1974	7
1974	7
1974	6
1974	6
1974	5
1974	4
1974	4
1974	4
1974	4
1974	4
1974	4
1974	3
1974	2
1974	2
1974	1
1975	150
1975	142
1975	141
1975	134
1975	130
1975	127
1975	126
1975	124
1975	122
1975	117
1975	117
1975	116
1975	116
1975	115
1975	115
1975	114
1975	113
1975	112
1975	110
1975	109
1975	109
1975	108
1975	108
1975	107
1975	107
1975	106
1975	106
1975	106
1975	106
1975	102
1975	101
1975	99
1975	99
1975	98
1975	98
1975	96
1975	94
1975	94
1975	93
1975	93
1975	92
1975	92
1975	90
1975	90
1975	90
1975	89
1975	89
1975	88
1975	86
1975	86
1975	86
1975	82
1975	81
1975	81
1975	81
1975	81
1975	81
1975	79
1975	78
1975	78
1975	76
1975	76
1975	76
1975	76
1975	75
1975	74
1975	73
1975	72
1975	71
1975	70
1975	70
1975	70
1975	70
1975	67
1975	67
1975	67
1975	65
1975	64
1975	64
1975	62
1975	62
1975	61
1975	60
1975	59
1975	57
1975	57
1975	57
1975	56
1975	55
1975	52
1975	52
1975	47
1975	46
1975	43
1975	41
1975	41
1975	41
1975	41
1975	40
1975	40
1975	39
1975	37
1975	36
1975	36
1975	34
1975	33
1975	32
1975	31
1975	30
1975	25
1975	25
1975	23
1975	23
1975	22
1975	22
1975	21
1975	20
1975	18
1975	18
1975	17
1975	16
1975	16
1975	16
1975	15
1975	15
1975	15
1975	15
1975	14
1975	12
1975	12
1975	11
1975	11
1975	8
1975	8
1975	8
1975	8
1975	7
1975	7
1975	7
1975	6
1975	6
1975	5
1975	4
1975	4
1975	4
1975	3
1975	3
1975	3
1975	2
1975	2
1975	2
1975	1
1975	1
1976	148
1976	146
1976	141
1976	141
1976	133
1976	132
1976	131
1976	131
1976	123
1976	121
1976	118
1976	118
1976	117
1976	116
1976	116
1976	116
1976	116
1976	115
1976	115
1976	114
1976	114
1976	113
1976	113
1976	111
1976	110
1976	108
1976	106
1976	105
1976	104
1976	104
1976	101
1976	101
1976	101
1976	100
1976	99
1976	99
1976	98
1976	98
1976	97
1976	95
1976	94
1976	93
1976	93
1976	93
1976	93
1976	91
1976	91
1976	90
1976	87
1976	87
1976	87
1976	87
1976	86
1976	83
1976	83
1976	83
1976	82
1976	82
1976	82
1976	81
1976	81
1976	80
1976	80
1976	79
1976	76
1976	76
1976	75
1976	75
1976	75
1976	75
1976	73
1976	72
1976	71
1976	71
1976	70
1976	69
1976	68
1976	67
1976	67
1976	65
1976	64
1976	64
1976	63
1976	62
1976	61
1976	61
1976	57
1976	55
1976	52
1976	52
1976	52
1976	50
1976	50
1976	47
1976	45
1976	42
1976	42
1976	41
1976	40
1976	39
1976	39
1976	39
1976	38
1976	38
1976	36
1976	35
1976	33
1976	33
1976	32
1976	31
1976	31
1976	26
1976	26
1976	22
1976	22
1976	21
1976	20
1976	20
1976	18
1976	18
1976	17
1976	17
1976	17
1976	16
1976	16
1976	16
1976	16
1976	15
1976	14
1976	14
1976	14
1976	12
1976	12
1976	12
1976	9
1976	8
1976	8
1976	8
1976	8
1976	7
1976	7
1976	6
1976	6
1976	5
1976	3
1976	3
1976	3
1976	3
1976	3
1976	2
1976	2
1976	2
1976	1
1977	153
1977	142
1977	136
1977	136
1977	135
1977	131
1977	129
1977	129
1977	124
1977	121
1977	119
1977	118
1977	116
1977	114
1977	114
1977	113
1977	112
1977	112
1977	112
1977	111
1977	111
1977	109
1977	109
1977	108
1977	107
1977	106
1977	105
1977	103
1977	103
1977	102
1977	102
1977	102
1977	101
1977	100
1977	99
1977	97
1977	96
1977	96
1977	94
1977	94
1977	93
1977	93
1977	92
1977	92
1977	92
1977	91
1977	91
1977	89
1977	89
1977	88
1977	87
1977	87
1977	87
1977	87
1977	86
1977	85
1977	84
1977	84
1977	83
1977	82
1977	82
1977	82
1977	81
1977	80
1977	80
1977	80
1977	80
1977	80
1977	79
1977	79
1977	78
1977	78
1977	76
1977	75
1977	73
1977	73
1977	72
1977	72
1977	70
1977	69
1977	69
1977	65
1977	65
1977	65
1977	64
1977	63
1977	61
1977	58
1977	56
1977	55
1977	53
1977	53
1977	53
1977	49
1977	47
1977	46
1977	46
1977	46
1977	44
1977	44
1977	44
1977	41
1977	39
1977	38
1977	37
1977	35
1977	34
1977	34
1977	32
1977	31
1977	31
1977	27
1977	26
1977	24
1977	24
1977	24
1977	24
1977	23
1977	22
1977	21
1977	18
1977	17
1977	17
1977	16
1977	16
1977	16
1977	16
1977	16
1977	15
1977	15
1977	15
1977	14
1977	14
1977	13
1977	10
1977	10
1977	9
1977	9
1977	8
1977	8
1977	7
1977	6
1977	6
1977	5
1977	4
1977	4
1977	3
1977	3
1977	3
1977	3
1977	2
1977	2
1977	1
1978	155
1978	144
1978	142
1978	138
1978	135
1978	132
1978	130
1978	128
1978	127
1978	120
1978	118
1978	117
1978	117
1978	117
1978	115
1978	115
1978	115
1978	115
1978	114
1978	112
1978	111
1978	110
1978	110
1978	110
1978	108
1978	106
1978	105
1978	105
1978	105
1978	104
1978	104
1978	101
1978	101
1978	100
1978	98
1978	98
1978	98
1978	98
1978	97
1978	96
1978	95
1978	95
1978	95
1978	94
1978	93
1978	93
1978	92
1978	90
1978	90
1978	90
1978	89
1978	89
1978	89
1978	87
1978	86
1978	85
1978	85
1978	85
1978	84
1978	84
1978	83
1978	83
1978	83
1978	82
1978	82
1978	82
1978	81
1978	81
1978	81
1978	81
1978	80
1978	80
1978	78
1978	78
1978	77
1978	72
1978	72
1978	72
1978	71
1978	70
1978	69
1978	69
1978	68
1978	66
1978	65
1978	65
1978	64
1978	63
1978	61
1978	56
1978	56
1978	54
1978	54
1978	49
1978	49
1978	49
1978	47
1978	46
1978	44
1978	43
1978	43
1978	41
1978	41
1978	39
1978	39
1978	38
1978	37
1978	36
1978	34
1978	34
1978	34
1978	31
1978	31
1978	30
1978	28
1978	28
1978	27
1978	25
1978	24
1978	23
1978	20
1978	19
1978	19
1978	19
1978	18
1978	18
1978	17
1978	16
1978	16
1978	15
1978	15
1978	14
1978	13
1978	12
1978	11
1978	10
1978	10
1978	9
1978	9
1978	8
1978	8
1978	7
1978	6
1978	5
1978	5
1978	4
1978	4
1978	4
1978	3
1978	3
1978	3
1978	2
1978	1
1979	158
1979	139
1979	137
1979	134
1979	133
1979	132
1979	127
1979	126
1979	125
1979	122
1979	121
1979	120
1979	118
1979	118
1979	116
1979	116
1979	115
1979	113
1979	112
1979	111
1979	110
1979	109
1979	109
1979	109
1979	108
1979	108
1979	108
1979	107
1979	106
1979	106
1979	102
1979	102
1979	100
1979	98
1979	97
1979	96
1979	96
1979	96
1979	95
1979	95
1979	95
1979	94
1979	94
1979	94
1979	93
1979	93
1979	91
1979	91
1979	90
1979	90
1979	89
1979	87
1979	87
1979	87
1979	86
1979	86
1979	85
1979	85
1979	85
1979	84
1979	83
1979	83
1979	83
1979	82
1979	82
1979	82
1979	81
1979	81
1979	80
1979	80
1979	80
1979	80
1979	79
1979	78
1979	77
1979	77
1979	76
1979	75
1979	75
1979	73
1979	70
1979	70
1979	68
1979	67
1979	66
1979	65
1979	64
1979	63
1979	56
1979	55
1979	53
1979	52
1979	50
1979	48
1979	47
1979	47
1979	47
1979	46
1979	45
1979	45
1979	45
1979	44
1979	44
1979	43
1979	43
1979	42
1979	41
1979	41
1979	40
1979	35
1979	34
1979	33
1979	31
1979	31
1979	29
1979	28
1979	27
1979	27
1979	25
1979	25
1979	23
1979	21
1979	19
1979	19
1979	19
1979	19
1979	18
1979	17
1979	17
1979	17
1979	16
1979	16
1979	16
1979	16
1979	15
1979	11
1979	11
1979	11
1979	11
1979	10
1979	7
1979	5
1979	5
1979	5
1979	5
1979	4
1979	4
1979	4
1979	3
1979	3
1979	3
1979	3
1979	3
1980	159
1980	142
1980	139
1980	137
1980	136
1980	136
1980	130
1980	130
1980	129
1980	127
1980	122
1980	116
1980	115
1980	115
1980	114
1980	113
1980	113
1980	113
1980	113
1980	112
1980	110
1980	110
1980	109
1980	108
1980	107
1980	107
1980	107
1980	105
1980	105
1980	104
1980	104
1980	102
1980	101
1980	101
1980	101
1980	100
1980	99
1980	98
1980	98
1980	97
1980	96
1980	96
1980	95
1980	95
1980	95
1980	95
1980	94
1980	93
1980	92
1980	91
1980	91
1980	90
1980	90
1980	88
1980	88
1980	87
1980	87
1980	87
1980	86
1980	86
1980	86
1980	85
1980	84
1980	83
1980	83
1980	82
1980	81
1980	79
1980	78
1980	78
1980	77
1980	77
1980	77
1980	76
1980	76
1980	75
1980	75
1980	74
1980	72
1980	72
1980	68
1980	68
1980	68
1980	67
1980	66
1980	65
1980	65
1980	65
1980	63
1980	63
1980	59
1980	58
1980	58
1980	54
1980	53
1980	51
1980	50
1980	48
1980	48
1980	47
1980	46
1980	45
1980	45
1980	45
1980	44
1980	44
1980	43
1980	38
1980	37
1980	33
1980	32
1980	30
1980	29
1980	28
1980	28
1980	28
1980	27
1980	26
1980	25
1980	25
1980	23
1980	22
1980	20
1980	20
1980	18
1980	18
1980	17
1980	17
1980	17
1980	16
1980	16
1980	16
1980	15
1980	15
1980	13
1980	12
1980	11
1980	11
1980	10
1980	10
1980	8
1980	7
1980	5
1980	5
1980	5
1980	5
1980	5
1980	3
1980	3
1980	3
1980	2
1980	1
1981	166
1981	147
1981	146
1981	141
1981	134
1981	134
1981	126
1981	123
1981	122
1981	121
1981	120
1981	119
1981	119
1981	119
1981	117
1981	115
1981	115
1981	113
1981	113
1981	111
1981	110
1981	109
1981	109
1981	108
1981	106
1981	103
1981	103
1981	102
1981	101
1981	101
1981	101
1981	99
1981	99
1981	98
1981	97
1981	97
1981	97
1981	96
1981	96
1981	96
1981	95
1981	94
1981	94
1981	93
1981	93
1981	92
1981	92
1981	92
1981	91
1981	90
1981	90
1981	89
1981	88
1981	88
1981	88
1981	87
1981	87
1981	87
1981	86
1981	85
1981	85
1981	85
1981	85
1981	84
1981	80
1981	80
1981	79
1981	78
1981	78
1981	77
1981	77
1981	75
1981	75
1981	75
1981	75
1981	75
1981	74
1981	74
1981	70
1981	69
1981	69
1981	69
1981	68
1981	68
1981	66
1981	66
1981	62
1981	62
1981	61
1981	61
1981	60
1981	59
1981	55
1981	55
1981	53
1981	53
1981	51
1981	49
1981	49
1981	47
1981	47
1981	47
1981	47
1981	46
1981	44
1981	43
1981	43
1981	40
1981	32
1981	30
1981	29
1981	28
1981	28
1981	27
1981	26
1981	26
1981	26
1981	26
1981	26
1981	24
1981	23
1981	21
1981	20
1981	19
1981	19
1981	17
1981	17
1981	16
1981	16
1981	15
1981	15
1981	14
1981	13
1981	12
1981	12
1981	11
1981	10
1981	10
1981	10
1981	9
1981	8
1981	7
1981	6
1981	6
1981	6
1981	5
1981	4
1981	4
1981	3
1981	3
1981	3
1981	2
1981	1
1982	165
1982	154
1982	147
1982	135
1982	129
1982	127
1982	126
1982	124
1982	123
1982	122
1982	122
1982	121
1982	119
1982	118
1982	118
1982	116
1982	114
1982	113
1982	111
1982	111
1982	109
1982	109
1982	108
1982	107
1982	106
1982	105
1982	104
1982	104
1982	104
1982	102
1982	102
1982	100
1982	100
1982	100
1982	99
1982	98
1982	98
1982	96
1982	96
1982	96
1982	95
1982	95
1982	94
1982	93
1982	93
1982	92
1982	92
1982	92
1982	92
1982	90
1982	90
1982	89
1982	88
1982	88
1982	88
1982	88
1982	87
1982	85
1982	85
1982	85
1982	83
1982	83
1982	83
1982	83
1982	82
1982	82
1982	81
1982	80
1982	79
1982	78
1982	78
1982	76
1982	76
1982	75
1982	73
1982	72
1982	70
1982	69
1982	69
1982	69
1982	68
1982	67
1982	67
1982	67
1982	66
1982	66
1982	64
1982	61
1982	61
1982	60
1982	59
1982	58
1982	57
1982	56
1982	54
1982	54
1982	54
1982	52
1982	51
1982	50
1982	50
1982	49
1982	49
1982	48
1982	46
1982	45
1982	43
1982	37
1982	35
1982	32
1982	32
1982	29
1982	28
1982	28
1982	26
1982	26
1982	25
1982	25
1982	25
1982	24
1982	24
1982	24
1982	21
1982	20
1982	19
1982	19
1982	18
1982	17
1982	16
1982	16
1982	15
1982	14
1982	14
1982	14
1982	13
1982	12
1982	12
1982	11
1982	9
1982	7
1982	7
1982	6
1982	6
1982	5
1982	5
1982	5
1982	5
1982	4
1982	4
1982	4
1982	3
1982	2
1982	1
1983	172
1983	165
1983	138
1983	137
1983	130
1983	129
1983	129
1983	127
1983	126
1983	123
1983	121
1983	121
1983	117
1983	117
1983	115
1983	114
1983	111
1983	111
1983	111
1983	109
1983	108
1983	107
1983	106
1983	106
1983	106
1983	105
1983	105
1983	105
1983	103
1983	101
1983	100
1983	99
1983	98
1983	98
1983	98
1983	97
1983	97
1983	97
1983	96
1983	96
1983	95
1983	94
1983	94
1983	94
1983	93
1983	93
1983	93
1983	93
1983	92
1983	91
1983	90
1983	89
1983	89
1983	88
1983	87
1983	85
1983	85
1983	85
1983	84
1983	83
1983	81
1983	81
1983	80
1983	80
1983	80
1983	80
1983	77
1983	76
1983	76
1983	75
1983	75
1983	74
1983	74
1983	73
1983	73
1983	72
1983	71
1983	71
1983	69
1983	69
1983	69
1983	69
1983	68
1983	67
1983	67
1983	65
1983	65
1983	64
1983	63
1983	63
1983	60
1983	59
1983	58
1983	58
1983	57
1983	57
1983	55
1983	53
1983	53
1983	51
1983	51
1983	49
1983	49
1983	45
1983	45
1983	45
1983	43
1983	41
1983	38
1983	36
1983	32
1983	31
1983	31
1983	29
1983	28
1983	26
1983	25
1983	24
1983	23
1983	22
1983	22
1983	21
1983	21
1983	20
1983	18
1983	18
1983	17
1983	17
1983	17
1983	17
1983	16
1983	15
1983	15
1983	14
1983	14
1983	14
1983	14
1983	10
1983	9
1983	7
1983	7
1983	6
1983	6
1983	5
1983	5
1983	4
1983	4
1983	4
1983	4
1983	3
1983	2
1983	2
1983	1
1984	176
1984	144
1984	142
1984	129
1984	128
1984	128
1984	126
1984	124
1984	123
1984	122
1984	121
1984	119
1984	118
1984	117
1984	116
1984	116
1984	112
1984	111
1984	109
1984	108
1984	108
1984	106
1984	106
1984	106
1984	106
1984	104
1984	104
1984	103
1984	103
1984	101
1984	100
1984	99
1984	99
1984	98
1984	98
1984	97
1984	96
1984	96
1984	95
1984	94
1984	94
1984	94
1984	94
1984	93
1984	92
1984	91
1984	91
1984	90
1984	90
1984	89
1984	89
1984	88
1984	88
1984	87
1984	86
1984	86
1984	86
1984	85
1984	84
1984	83
1984	82
1984	82
1984	81
1984	81
1984	80
1984	80
1984	79
1984	79
1984	77
1984	76
1984	76
1984	75
1984	75
1984	74
1984	74
1984	73
1984	73
1984	72
1984	71
1984	71
1984	70
1984	68
1984	65
1984	64
1984	64
1984	63
1984	63
1984	63
1984	62
1984	61
1984	61
1984	60
1984	59
1984	58
1984	58
1984	57
1984	55
1984	52
1984	51
1984	51
1984	50
1984	49
1984	49
1984	48
1984	47
1984	45
1984	44
1984	44
1984	43
1984	35
1984	33
1984	33
1984	32
1984	30
1984	28
1984	27
1984	25
1984	23
1984	23
1984	22
1984	22
1984	21
1984	21
1984	21
1984	20
1984	19
1984	19
1984	18
1984	16
1984	15
1984	15
1984	15
1984	15
1984	15
1984	13
1984	12
1984	11
1984	11
1984	10
1984	10
1984	7
1984	6
1984	6
1984	6
1984	6
1984	5
1984	5
1984	5
1984	4
1984	4
1984	3
1984	2
1984	1
1985	165
1985	145
1985	138
1985	131
1985	129
1985	127
1985	124
1985	123
1985	122
1985	120
1985	118
1985	116
1985	114
1985	113
1985	113
1985	112
1985	112
1985	111
1985	109
1985	109
1985	107
1985	107
1985	106
1985	106
1985	105
1985	104
1985	103
1985	103
1985	102
1985	101
1985	100
1985	100
1985	99
1985	99
1985	99
1985	98
1985	98
1985	98
1985	96
1985	96
1985	95
1985	94
1985	93
1985	92
1985	92
1985	92
1985	92
1985	91
1985	90
1985	90
1985	89
1985	89
1985	88
1985	88
1985	88
1985	87
1985	85
1985	85
1985	84
1985	83
1985	82
1985	82
1985	81
1985	81
1985	79
1985	79
1985	78
1985	78
1985	78
1985	76
1985	75
1985	74
1985	73
1985	73
1985	72
1985	71
1985	71
1985	70
1985	70
1985	69
1985	68
1985	68
1985	68
1985	68
1985	68
1985	66
1985	66
1985	65
1985	64
1985	63
1985	63
1985	62
1985	59
1985	59
1985	58
1985	57
1985	57
1985	57
1985	55
1985	53
1985	52
1985	50
1985	49
1985	48
1985	44
1985	43
1985	38
1985	37
1985	37
1985	35
1985	33
1985	33
1985	31
1985	30
1985	29
1985	27
1985	26
1985	25
1985	25
1985	24
1985	24
1985	22
1985	22
1985	22
1985	22
1985	21
1985	20
1985	18
1985	17
1985	17
1985	15
1985	15
1985	14
1985	13
1985	13
1985	12
1985	11
1985	10
1985	10
1985	8
1985	8
1985	7
1985	7
1985	7
1985	6
1985	6
1985	5
1985	4
1985	4
1985	3
1985	3
1985	3
1985	2
1986	167
1986	151
1986	137
1986	135
1986	134
1986	133
1986	133
1986	130
1986	127
1986	121
1986	120
1986	119
1986	117
1986	116
1986	116
1986	112
1986	112
1986	112
1986	112
1986	111
1986	109
1986	109
1986	108
1986	107
1986	106
1986	105
1986	105
1986	105
1986	104
1986	104
1986	104
1986	103
1986	103
1986	102
1986	100
1986	100
1986	100
1986	99
1986	99
1986	98
1986	98
1986	95
1986	95
1986	95
1986	95
1986	94
1986	93
1986	93
1986	92
1986	91
1986	90
1986	90
1986	89
1986	89
1986	89
1986	88
1986	88
1986	87
1986	87
1986	85
1986	84
1986	84
1986	82
1986	82
1986	79
1986	79
1986	78
1986	78
1986	76
1986	76
1986	74
1986	74
1986	73
1986	73
1986	73
1986	72
1986	70
1986	70
1986	69
1986	69
1986	68
1986	68
1986	68
1986	68
1986	67
1986	67
1986	66
1986	65
1986	64
1986	64
1986	62
1986	61
1986	60
1986	59
1986	58
1986	58
1986	58
1986	57
1986	57
1986	56
1986	54
1986	54
1986	51
1986	48
1986	46
1986	44
1986	40
1986	38
1986	36
1986	36
1986	32
1986	32
1986	31
1986	30
1986	28
1986	28
1986	28
1986	28
1986	27
1986	24
1986	24
1986	23
1986	22
1986	21
1986	21
1986	21
1986	17
1986	17
1986	17
1986	16
1986	16
1986	15
1986	14
1986	14
1986	14
1986	13
1986	12
1986	11
1986	10
1986	10
1986	10
1986	9
1986	8
1986	7
1986	6
1986	6
1986	6
1986	6
1986	5
1986	4
1986	4
1986	4
1986	2
1987	174
1987	153
1987	147
1987	139
1987	135
1987	131
1987	131
1987	130
1987	129
1987	127
1987	126
1987	124
1987	121
1987	119
1987	117
1987	117
1987	111
1987	111
1987	110
1987	110
1987	109
1987	108
1987	106
1987	105
1987	104
1987	104
1987	104
1987	104
1987	103
1987	102
1987	102
1987	101
1987	101
1987	100
1987	99
1987	99
1987	99
1987	98
1987	97
1987	97
1987	97
1987	96
1987	96
1987	96
1987	96
1987	95
1987	95
1987	94
1987	94
1987	92
1987	90
1987	89
1987	88
1987	87
1987	87
1987	86
1987	86
1987	86
1987	85
1987	85
1987	83
1987	83
1987	82
1987	81
1987	79
1987	79
1987	78
1987	78
1987	77
1987	76
1987	75
1987	74
1987	73
1987	72
1987	70
1987	69
1987	69
1987	68
1987	68
1987	68
1987	68
1987	68
1987	67
1987	67
1987	65
1987	65
1987	65
1987	64
1987	64
1987	62
1987	60
1987	59
1987	59
1987	58
1987	57
1987	57
1987	56
1987	56
1987	55
1987	54
1987	53
1987	53
1987	53
1987	52
1987	48
1987	45
1987	45
1987	39
1987	38
1987	38
1987	31
1987	30
1987	30
1987	29
1987	28
1987	28
1987	27
1987	26
1987	26
1987	24
1987	21
1987	21
1987	21
1987	20
1987	20
1987	19
1987	19
1987	18
1987	18
1987	17
1987	17
1987	15
1987	14
1987	13
1987	13
1987	13
1987	11
1987	11
1987	11
1987	10
1987	9
1987	9
1987	9
1987	9
1987	8
1987	7
1987	6
1987	5
1987	5
1987	5
1987	4
1987	3
1987	2
1988	153
1988	146
1988	142
1988	140
1988	138
1988	132
1988	132
1988	130
1988	128
1988	127
1988	125
1988	124
1988	123
1988	122
1988	122
1988	115
1988	113
1988	112
1988	111
1988	111
1988	109
1988	109
1988	108
1988	106
1988	105
1988	104
1988	103
1988	102
1988	101
1988	100
1988	99
1988	99
1988	99
1988	99
1988	99
1988	98
1988	98
1988	96
1988	96
1988	95
1988	95
1988	95
1988	95
1988	94
1988	94
1988	93
1988	92
1988	91
1988	91
1988	91
1988	90
1988	87
1988	87
1988	86
1988	86
1988	85
1988	84
1988	84
1988	83
1988	83
1988	82
1988	82
1988	82
1988	82
1988	82
1988	79
1988	79
1988	76
1988	76
1988	75
1988	75
1988	75
1988	74
1988	74
1988	72
1988	71
1988	71
1988	70
1988	70
1988	69
1988	68
1988	68
1988	67
1988	67
1988	66
1988	66
1988	65
1988	64
1988	61
1988	60
1988	60
1988	60
1988	60
1988	57
1988	57
1988	56
1988	56
1988	54
1988	53
1988	53
1988	51
1988	49
1988	49
1988	48
1988	47
1988	46
1988	44
1988	42
1988	39
1988	37
1988	36
1988	32
1988	31
1988	31
1988	30
1988	29
1988	28
1988	25
1988	23
1988	23
1988	21
1988	21
1988	20
1988	20
1988	20
1988	20
1988	19
1988	19
1988	16
1988	16
1988	15
1988	15
1988	15
1988	14
1988	12
1988	12
1988	11
1988	10
1988	10
1988	10
1988	9
1988	9
1988	9
1988	8
1988	8
1988	8
1988	7
1988	7
1988	6
1988	5
1988	5
1988	3
1988	2
1989	155
1989	137
1989	134
1989	134
1989	133
1989	131
1989	131
1989	129
1989	129
1989	126
1989	122
1989	120
1989	118
1989	117
1989	116
1989	115
1989	113
1989	111
1989	111
1989	109
1989	109
1989	107
1989	106
1989	106
1989	106
1989	104
1989	104
1989	104
1989	103
1989	103
1989	102
1989	101
1989	100
1989	99
1989	98
1989	98
1989	97
1989	96
1989	96
1989	96
1989	95
1989	95
1989	94
1989	94
1989	92
1989	92
1989	91
1989	90
1989	90
1989	90
1989	90
1989	89
1989	88
1989	88
1989	87
1989	87
1989	86
1989	85
1989	85
1989	85
1989	85
1989	85
1989	85
1989	83
1989	82
1989	81
1989	80
1989	78
1989	78
1989	78
1989	77
1989	77
1989	76
1989	75
1989	74
1989	74
1989	73
1989	71
1989	71
1989	70
1989	70
1989	70
1989	68
1989	66
1989	66
1989	66
1989	66
1989	65
1989	63
1989	62
1989	60
1989	59
1989	59
1989	59
1989	58
1989	57
1989	57
1989	57
1989	56
1989	55
1989	54
1989	53
1989	52
1989	49
1989	48
1989	47
1989	45
1989	45
1989	42
1989	41
1989	38
1989	32
1989	31
1989	31
1989	30
1989	30
1989	28
1989	26
1989	26
1989	25
1989	24
1989	24
1989	23
1989	20
1989	19
1989	18
1989	17
1989	17
1989	17
1989	17
1989	17
1989	16
1989	16
1989	13
1989	12
1989	11
1989	10
1989	10
1989	9
1989	8
1989	8
1989	8
1989	8
1989	8
1989	8
1989	8
1989	7
1989	7
1989	6
1989	5
1989	5
1989	4
1989	2
1990	150
1990	140
1990	140
1990	131
1990	130
1990	128
1990	124
1990	123
1990	122
1990	122
1990	122
1990	121
1990	121
1990	117
1990	114
1990	113
1990	111
1990	110
1990	109
1990	107
1990	106
1990	106
1990	106
1990	105
1990	105
1990	104
1990	104
1990	103
1990	103
1990	103
1990	103
1990	102
1990	101
1990	101
1990	99
1990	99
1990	99
1990	98
1990	98
1990	97
1990	97
1990	96
1990	93
1990	92
1990	91
1990	90
1990	90
1990	90
1990	90
1990	89
1990	87
1990	87
1990	87
1990	86
1990	86
1990	85
1990	84
1990	83
1990	83
1990	81
1990	79
1990	78
1990	78
1990	78
1990	77
1990	76
1990	76
1990	76
1990	76
1990	75
1990	74
1990	73
1990	72
1990	71
1990	71
1990	70
1990	70
1990	69
1990	69
1990	67
1990	67
1990	67
1990	67
1990	65
1990	65
1990	64
1990	63
1990	62
1990	62
1990	62
1990	62
1990	61
1990	59
1990	58
1990	54
1990	53
1990	53
1990	51
1990	51
1990	50
1990	50
1990	49
1990	49
1990	48
1990	47
1990	46
1990	45
1990	43
1990	43
1990	41
1990	41
1990	40
1990	39
1990	34
1990	32
1990	30
1990	30
1990	25
1990	25
1990	24
1990	24
1990	24
1990	23
1990	23
1990	21
1990	21
1990	18
1990	17
1990	16
1990	15
1990	14
1990	13
1990	12
1990	11
1990	11
1990	10
1990	10
1990	10
1990	9
1990	9
1990	8
1990	8
1990	8
1990	7
1990	7
1990	7
1990	7
1990	6
1990	6
1990	5
1990	5
1990	4
1990	2
1991	150
1991	149
1991	139
1991	128
1991	126
1991	123
1991	123
1991	122
1991	122
1991	115
1991	115
1991	111
1991	109
1991	109
1991	108
1991	107
1991	107
1991	107
1991	107
1991	103
1991	103
1991	102
1991	102
1991	102
1991	101
1991	101
1991	101
1991	101
1991	100
1991	97
1991	97
1991	97
1991	97
1991	97
1991	97
1991	96
1991	96
1991	96
1991	95
1991	94
1991	92
1991	92
1991	90
1991	90
1991	90
1991	90
1991	90
1991	89
1991	89
1991	89
1991	89
1991	87
1991	87
1991	86
1991	86
1991	86
1991	86
1991	86
1991	86
1991	84
1991	83
1991	82
1991	81
1991	81
1991	80
1991	79
1991	77
1991	77
1991	77
1991	76
1991	75
1991	75
1991	75
1991	73
1991	72
1991	72
1991	70
1991	69
1991	69
1991	69
1991	68
1991	68
1991	68
1991	68
1991	67
1991	65
1991	65
1991	64
1991	63
1991	63
1991	61
1991	61
1991	61
1991	56
1991	55
1991	54
1991	51
1991	51
1991	51
1991	50
1991	48
1991	48
1991	47
1991	44
1991	43
1991	43
1991	42
1991	41
1991	40
1991	39
1991	39
1991	38
1991	37
1991	37
1991	35
1991	33
1991	30
1991	27
1991	25
1991	25
1991	25
1991	24
1991	24
1991	23
1991	20
1991	17
1991	16
1991	16
1991	15
1991	15
1991	14
1991	14
1991	14
1991	13
1991	12
1991	12
1991	11
1991	11
1991	10
1991	9
1991	9
1991	8
1991	8
1991	8
1991	7
1991	7
1991	7
1991	7
1991	7
1991	6
1991	6
1991	4
1991	2
1992	148
1992	141
1992	141
1992	131
1992	125
1992	123
1992	123
1992	122
1992	122
1992	121
1992	120
1992	118
1992	114
1992	113
1992	110
1992	109
1992	109
1992	109
1992	108
1992	108
1992	106
1992	105
1992	105
1992	104
1992	103
1992	103
1992	102
1992	102
1992	102
1992	101
1992	100
1992	100
1992	100
1992	100
1992	99
1992	99
1992	99
1992	98
1992	97
1992	97
1992	97
1992	96
1992	95
1992	95
1992	94
1992	93
1992	92
1992	92
1992	92
1992	91
1992	90
1992	88
1992	87
1992	87
1992	87
1992	87
1992	85
1992	85
1992	84
1992	84
1992	83
1992	83
1992	83
1992	80
1992	80
1992	79
1992	78
1992	78
1992	78
1992	77
1992	76
1992	76
1992	75
1992	75
1992	74
1992	73
1992	71
1992	71
1992	71
1992	71
1992	70
1992	70
1992	69
1992	69
1992	68
1992	68
1992	66
1992	65
1992	64
1992	63
1992	62
1992	62
1992	62
1992	60
1992	60
1992	60
1992	59
1992	57
1992	56
1992	56
1992	55
1992	55
1992	54
1992	54
1992	54
1992	54
1992	52
1992	52
1992	51
1992	50
1992	49
1992	49
1992	47
1992	47
1992	46
1992	46
1992	45
1992	41
1992	39
1992	39
1992	39
1992	37
1992	37
1992	37
1992	37
1992	35
1992	34
1992	34
1992	32
1992	31
1992	30
1992	29
1992	28
1992	27
1992	27
1992	26
1992	26
1992	26
1992	23
1992	23
1992	21
1992	21
1992	19
1992	18
1992	17
1992	17
1992	16
1992	14
1992	14
1992	14
1992	13
1992	13
1992	12
1992	11
1992	11
1992	10
1992	10
1992	10
1992	9
1992	9
1992	9
1992	9
1992	8
1992	8
1992	7
1992	7
1992	6
1992	6
1992	4
1992	4
1992	3
1993	148
1993	141
1993	136
1993	128
1993	124
1993	124
1993	123
1993	119
1993	119
1993	118
1993	114
1993	114
1993	114
1993	113
1993	113
1993	111
1993	110
1993	109
1993	108
1993	108
1993	107
1993	106
1993	105
1993	105
1993	105
1993	104
1993	103
1993	103
1993	102
1993	101
1993	101
1993	100
1993	99
1993	98
1993	98
1993	96
1993	96
1993	95
1993	94
1993	93
1993	92
1993	91
1993	91
1993	91
1993	90
1993	90
1993	90
1993	89
1993	89
1993	89
1993	88
1993	88
1993	88
1993	88
1993	88
1993	88
1993	87
1993	87
1993	87
1993	86
1993	83
1993	83
1993	82
1993	80
1993	79
1993	79
1993	78
1993	77
1993	76
1993	76
1993	75
1993	75
1993	74
1993	74
1993	73
1993	73
1993	73
1993	72
1993	72
1993	72
1993	71
1993	71
1993	70
1993	70
1993	70
1993	69
1993	69
1993	68
1993	67
1993	66
1993	65
1993	63
1993	62
1993	62
1993	61
1993	59
1993	58
1993	58
1993	57
1993	57
1993	54
1993	54
1993	53
1993	52
1993	52
1993	51
1993	51
1993	50
1993	49
1993	48
1993	48
1993	47
1993	47
1993	45
1993	45
1993	43
1993	42
1993	42
1993	41
1993	41
1993	40
1993	39
1993	39
1993	38
1993	36
1993	35
1993	35
1993	34
1993	33
1993	32
1993	31
1993	30
1993	28
1993	28
1993	27
1993	26
1993	26
1993	25
1993	23
1993	22
1993	22
1993	20
1993	19
1993	19
1993	18
1993	16
1993	16
1993	16
1993	15
1993	15
1993	15
1993	15
1993	13
1993	13
1993	13
1993	13
1993	11
1993	11
1993	9
1993	9
1993	9
1993	8
1993	8
1993	7
1993	7
1993	7
1993	6
1993	5
1993	5
1993	5
1993	4
1993	3
1993	2
1994	139
1994	139
1994	128
1994	127
1994	127
1994	127
1994	124
1994	124
1994	123
1994	121
1994	119
1994	117
1994	117
1994	115
1994	115
1994	114
1994	109
1994	109
1994	109
1994	108
1994	108
1994	108
1994	107
1994	107
1994	105
1994	104
1994	103
1994	101
1994	101
1994	100
1994	100
1994	98
1994	98
1994	98
1994	97
1994	95
1994	95
1994	95
1994	95
1994	95
1994	94
1994	94
1994	94
1994	93
1994	93
1994	91
1994	89
1994	89
1994	89
1994	88
1994	88
1994	88
1994	88
1994	88
1994	87
1994	87
1994	87
1994	86
1994	85
1994	85
1994	84
1994	84
1994	83
1994	82
1994	80
1994	79
1994	79
1994	79
1994	78
1994	77
1994	76
1994	76
1994	76
1994	75
1994	75
1994	75
1994	74
1994	74
1994	73
1994	73
1994	72
1994	72
1994	72
1994	72
1994	72
1994	70
1994	69
1994	69
1994	68
1994	67
1994	67
1994	66
1994	64
1994	64
1994	62
1994	62
1994	61
1994	59
1994	56
1994	56
1994	56
1994	55
1994	55
1994	55
1994	54
1994	53
1994	52
1994	52
1994	51
1994	51
1994	50
1994	49
1994	46
1994	46
1994	45
1994	44
1994	43
1994	43
1994	42
1994	40
1994	39
1994	38
1994	38
1994	37
1994	36
1994	36
1994	34
1994	34
1994	32
1994	30
1994	29
1994	29
1994	29
1994	28
1994	26
1994	26
1994	25
1994	25
1994	25
1994	24
1994	24
1994	22
1994	21
1994	20
1994	19
1994	19
1994	15
1994	15
1994	15
1994	15
1994	14
1994	14
1994	13
1994	13
1994	12
1994	12
1994	12
1994	11
1994	9
1994	9
1994	9
1994	9
1994	8
1994	8
1994	7
1994	7
1994	7
1994	6
1994	5
1994	5
1994	4
1994	4
1994	3
1995	147
1995	138
1995	137
1995	129
1995	125
1995	123
1995	122
1995	120
1995	120
1995	120
1995	118
1995	112
1995	111
1995	111
1995	111
1995	110
1995	108
1995	108
1995	108
1995	107
1995	106
1995	106
1995	104
1995	104
1995	103
1995	103
1995	103
1995	102
1995	102
1995	102
1995	101
1995	101
1995	101
1995	100
1995	99
1995	98
1995	97
1995	97
1995	96
1995	96
1995	95
1995	95
1995	94
1995	94
1995	94
1995	94
1995	94
1995	93
1995	93
1995	92
1995	91
1995	90
1995	89
1995	88
1995	88
1995	87
1995	87
1995	87
1995	86
1995	84
1995	83
1995	83
1995	83
1995	83
1995	82
1995	82
1995	82
1995	80
1995	80
1995	80
1995	79
1995	78
1995	76
1995	76
1995	74
1995	74
1995	74
1995	74
1995	73
1995	72
1995	71
1995	71
1995	70
1995	70
1995	69
1995	69
1995	68
1995	67
1995	67
1995	66
1995	66
1995	65
1995	65
1995	64
1995	63
1995	62
1995	61
1995	60
1995	59
1995	58
1995	58
1995	56
1995	53
1995	53
1995	53
1995	51
1995	51
1995	50
1995	50
1995	48
1995	47
1995	47
1995	47
1995	47
1995	45
1995	45
1995	43
1995	41
1995	40
1995	39
1995	39
1995	37
1995	37
1995	37
1995	36
1995	35
1995	35
1995	35
1995	34
1995	33
1995	33
1995	32
1995	30
1995	30
1995	27
1995	27
1995	25
1995	24
1995	23
1995	22
1995	22
1995	21
1995	20
1995	20
1995	19
1995	19
1995	19
1995	17
1995	17
1995	16
1995	16
1995	16
1995	16
1995	15
1995	14
1995	14
1995	11
1995	11
1995	11
1995	9
1995	9
1995	8
1995	8
1995	8
1995	8
1995	8
1995	7
1995	7
1995	6
1995	6
1995	5
1995	4
1995	3
1996	154
1996	146
1996	138
1996	135
1996	135
1996	128
1996	126
1996	125
1996	124
1996	123
1996	118
1996	118
1996	117
1996	117
1996	116
1996	114
1996	113
1996	111
1996	110
1996	109
1996	109
1996	108
1996	108
1996	107
1996	107
1996	106
1996	105
1996	102
1996	102
1996	102
1996	100
1996	100
1996	99
1996	99
1996	98
1996	97
1996	97
1996	97
1996	96
1996	96
1996	96
1996	94
1996	94
1996	94
1996	94
1996	93
1996	93
1996	93
1996	92
1996	92
1996	91
1996	90
1996	90
1996	90
1996	89
1996	89
1996	88
1996	87
1996	86
1996	86
1996	86
1996	86
1996	85
1996	83
1996	82
1996	82
1996	81
1996	80
1996	80
1996	78
1996	78
1996	78
1996	77
1996	77
1996	76
1996	75
1996	75
1996	74
1996	74
1996	73
1996	73
1996	72
1996	72
1996	71
1996	70
1996	70
1996	70
1996	69
1996	68
1996	68
1996	67
1996	67
1996	67
1996	67
1996	64
1996	63
1996	63
1996	61
1996	60
1996	60
1996	59
1996	58
1996	58
1996	58
1996	57
1996	57
1996	56
1996	54
1996	53
1996	52
1996	52
1996	50
1996	48
1996	47
1996	47
1996	46
1996	46
1996	45
1996	42
1996	40
1996	40
1996	40
1996	39
1996	38
1996	38
1996	37
1996	37
1996	37
1996	36
1996	36
1996	36
1996	35
1996	35
1996	34
1996	33
1996	32
1996	28
1996	27
1996	25
1996	23
1996	22
1996	22
1996	21
1996	21
1996	19
1996	19
1996	19
1996	19
1996	18
1996	18
1996	17
1996	15
1996	15
1996	15
1996	14
1996	13
1996	12
1996	12
1996	11
1996	11
1996	10
1996	10
1996	9
1996	9
1996	9
1996	9
1996	9
1996	9
1996	8
1996	7
1996	6
1996	5
1996	5
1996	3
1997	168
1997	154
1997	141
1997	133
1997	132
1997	127
1997	125
1997	123
1997	122
1997	120
1997	120
1997	117
1997	116
1997	115
1997	115
1997	115
1997	114
1997	113
1997	112
1997	112
1997	110
1997	108
1997	108
1997	108
1997	108
1997	106
1997	105
1997	105
1997	103
1997	101
1997	100
1997	99
1997	98
1997	97
1997	97
1997	96
1997	96
1997	96
1997	96
1997	96
1997	95
1997	95
1997	94
1997	93
1997	93
1997	93
1997	93
1997	92
1997	92
1997	90
1997	90
1997	90
1997	89
1997	89
1997	89
1997	88
1997	88
1997	86
1997	85
1997	85
1997	85
1997	84
1997	83
1997	82
1997	82
1997	82
1997	81
1997	81
1997	80
1997	78
1997	78
1997	77
1997	77
1997	76
1997	76
1997	75
1997	74
1997	74
1997	74
1997	73
1997	73
1997	73
1997	73
1997	73
1997	72
1997	72
1997	72
1997	71
1997	71
1997	70
1997	70
1997	67
1997	67
1997	67
1997	67
1997	66
1997	66
1997	64
1997	63
1997	63
1997	62
1997	59
1997	58
1997	58
1997	56
1997	54
1997	53
1997	53
1997	53
1997	53
1997	51
1997	50
1997	50
1997	49
1997	49
1997	49
1997	48
1997	45
1997	45
1997	42
1997	42
1997	40
1997	38
1997	38
1997	38
1997	38
1997	37
1997	36
1997	36
1997	36
1997	36
1997	36
1997	35
1997	35
1997	29
1997	29
1997	27
1997	26
1997	25
1997	24
1997	24
1997	22
1997	22
1997	21
1997	21
1997	21
1997	18
1997	17
1997	17
1997	17
1997	16
1997	16
1997	16
1997	16
1997	15
1997	14
1997	13
1997	13
1997	12
1997	12
1997	12
1997	11
1997	9
1997	9
1997	9
1997	9
1997	9
1997	8
1997	8
1997	8
1997	8
1997	5
1997	5
1997	3
1998	163
1998	142
1998	134
1998	130
1998	128
1998	127
1998	124
1998	122
1998	121
1998	120
1998	119
1998	117
1998	116
1998	115
1998	112
1998	112
1998	112
1998	111
1998	111
1998	110
1998	110
1998	109
1998	109
1998	108
1998	107
1998	105
1998	104
1998	103
1998	103
1998	102
1998	102
1998	101
1998	98
1998	97
1998	97
1998	96
1998	96
1998	94
1998	94
1998	94
1998	93
1998	93
1998	92
1998	92
1998	92
1998	92
1998	91
1998	90
1998	90
1998	89
1998	89
1998	88
1998	88
1998	87
1998	87
1998	87
1998	86
1998	85
1998	84
1998	84
1998	83
1998	82
1998	82
1998	82
1998	82
1998	82
1998	82
1998	81
1998	80
1998	80
1998	80
1998	79
1998	79
1998	78
1998	78
1998	76
1998	76
1998	75
1998	75
1998	74
1998	74
1998	74
1998	74
1998	74
1998	72
1998	72
1998	70
1998	69
1998	69
1998	69
1998	68
1998	68
1998	68
1998	67
1998	67
1998	66
1998	65
1998	64
1998	63
1998	63
1998	58
1998	58
1998	58
1998	57
1998	57
1998	55
1998	55
1998	55
1998	53
1998	52
1998	52
1998	51
1998	51
1998	50
1998	49
1998	49
1998	48
1998	45
1998	44
1998	44
1998	43
1998	41
1998	40
1998	39
1998	39
1998	38
1998	38
1998	37
1998	36
1998	35
1998	35
1998	33
1998	33
1998	33
1998	32
1998	29
1998	28
1998	28
1998	27
1998	25
1998	24
1998	22
1998	21
1998	21
1998	21
1998	20
1998	20
1998	19
1998	19
1998	18
1998	17
1998	17
1998	15
1998	15
1998	14
1998	14
1998	14
1998	13
1998	13
1998	11
1998	11
1998	11
1998	10
1998	10
1998	10
1998	10
1998	10
1998	9
1998	9
1998	9
1998	8
1998	7
1998	5
1998	2
1999	171
1999	138
1999	134
1999	131
1999	129
1999	129
1999	125
1999	122
1999	117
1999	117
1999	117
1999	114
1999	114
1999	113
1999	113
1999	111
1999	111
1999	111
1999	111
1999	110
1999	107
1999	107
1999	104
1999	103
1999	103
1999	102
1999	101
1999	100
1999	100
1999	99
1999	98
1999	98
1999	98
1999	98
1999	97
1999	97
1999	96
1999	93
1999	93
1999	93
1999	92
1999	92
1999	91
1999	91
1999	91
1999	90
1999	90
1999	89
1999	89
1999	89
1999	88
1999	87
1999	86
1999	86
1999	85
1999	84
1999	84
1999	83
1999	83
1999	83
1999	83
1999	82
1999	81
1999	80
1999	80
1999	80
1999	79
1999	79
1999	77
1999	77
1999	76
1999	76
1999	76
1999	76
1999	75
1999	74
1999	74
1999	74
1999	73
1999	72
1999	72
1999	72
1999	71
1999	71
1999	70
1999	70
1999	69
1999	69
1999	69
1999	68
1999	68
1999	68
1999	68
1999	67
1999	67
1999	67
1999	64
1999	63
1999	62
1999	61
1999	61
1999	58
1999	57
1999	56
1999	55
1999	55
1999	55
1999	54
1999	54
1999	54
1999	53
1999	51
1999	51
1999	51
1999	50
1999	49
1999	48
1999	48
1999	44
1999	43
1999	43
1999	42
1999	42
1999	41
1999	37
1999	37
1999	37
1999	36
1999	35
1999	33
1999	33
1999	32
1999	31
1999	31
1999	31
1999	29
1999	29
1999	29
1999	28
1999	25
1999	25
1999	22
1999	22
1999	21
1999	21
1999	19
1999	19
1999	18
1999	17
1999	17
1999	17
1999	17
1999	16
1999	16
1999	16
1999	16
1999	15
1999	12
1999	12
1999	11
1999	11
1999	11
1999	11
1999	11
1999	11
1999	10
1999	10
1999	10
1999	9
1999	8
1999	7
1999	7
1999	6
1999	4
2000	165
2000	152
2000	140
2000	133
2000	133
2000	131
2000	131
2000	129
2000	127
2000	124
2000	121
2000	117
2000	113
2000	113
2000	113
2000	112
2000	111
2000	110
2000	109
2000	108
2000	108
2000	106
2000	106
2000	106
2000	104
2000	103
2000	103
2000	102
2000	102
2000	101
2000	101
2000	100
2000	99
2000	98
2000	96
2000	95
2000	95
2000	94
2000	94
2000	94
2000	94
2000	94
2000	93
2000	93
2000	92
2000	92
2000	92
2000	92
2000	91
2000	91
2000	90
2000	90
2000	90
2000	90
2000	90
2000	88
2000	87
2000	86
2000	84
2000	84
2000	83
2000	82
2000	81
2000	81
2000	80
2000	80
2000	79
2000	79
2000	79
2000	78
2000	78
2000	78
2000	77
2000	76
2000	76
2000	75
2000	75
2000	75
2000	74
2000	74
2000	74
2000	73
2000	71
2000	71
2000	71
2000	71
2000	71
2000	70
2000	69
2000	67
2000	67
2000	67
2000	66
2000	66
2000	66
2000	64
2000	63
2000	63
2000	62
2000	61
2000	61
2000	60
2000	60
2000	58
2000	58
2000	55
2000	55
2000	54
2000	54
2000	54
2000	51
2000	50
2000	50
2000	50
2000	50
2000	48
2000	47
2000	46
2000	45
2000	44
2000	41
2000	40
2000	40
2000	39
2000	39
2000	38
2000	38
2000	38
2000	35
2000	35
2000	34
2000	34
2000	32
2000	32
2000	30
2000	30
2000	29
2000	29
2000	29
2000	28
2000	27
2000	25
2000	25
2000	22
2000	20
2000	19
2000	19
2000	19
2000	18
2000	18
2000	18
2000	18
2000	17
2000	16
2000	16
2000	16
2000	15
2000	14
2000	13
2000	13
2000	12
2000	12
2000	11
2000	11
2000	10
2000	10
2000	10
2000	9
2000	8
2000	8
2000	7
2000	7
2000	5
2000	5
2000	4
2001	157
2001	154
2001	139
2001	139
2001	134
2001	130
2001	127
2001	125
2001	124
2001	122
2001	121
2001	114
2001	114
2001	114
2001	111
2001	108
2001	107
2001	107
2001	107
2001	106
2001	106
2001	105
2001	105
2001	105
2001	105
2001	105
2001	104
2001	103
2001	102
2001	102
2001	101
2001	101
2001	99
2001	99
2001	99
2001	99
2001	98
2001	98
2001	97
2001	97
2001	97
2001	96
2001	96
2001	95
2001	94
2001	94
2001	93
2001	92
2001	92
2001	91
2001	91
2001	90
2001	90
2001	89
2001	89
2001	87
2001	86
2001	85
2001	85
2001	83
2001	83
2001	83
2001	82
2001	82
2001	82
2001	81
2001	79
2001	79
2001	78
2001	77
2001	77
2001	77
2001	77
2001	76
2001	76
2001	76
2001	75
2001	75
2001	74
2001	74
2001	74
2001	73
2001	73
2001	73
2001	73
2001	72
2001	72
2001	71
2001	71
2001	70
2001	70
2001	69
2001	69
2001	66
2001	66
2001	65
2001	65
2001	64
2001	62
2001	62
2001	61
2001	60
2001	59
2001	59
2001	59
2001	57
2001	56
2001	54
2001	54
2001	54
2001	54
2001	53
2001	50
2001	50
2001	48
2001	47
2001	46
2001	46
2001	45
2001	45
2001	42
2001	42
2001	41
2001	38
2001	38
2001	37
2001	37
2001	35
2001	35
2001	33
2001	32
2001	32
2001	31
2001	31
2001	30
2001	30
2001	29
2001	29
2001	29
2001	28
2001	26
2001	25
2001	24
2001	22
2001	20
2001	20
2001	19
2001	19
2001	19
2001	18
2001	18
2001	18
2001	16
2001	16
2001	15
2001	15
2001	14
2001	14
2001	14
2001	13
2001	13
2001	13
2001	12
2001	11
2001	11
2001	10
2001	10
2001	10
2001	9
2001	8
2001	7
2001	7
2001	7
2001	6
2001	5
2002	143
2002	137
2002	136
2002	136
2002	132
2002	127
2002	127
2002	124
2002	124
2002	123
2002	116
2002	114
2002	114
2002	114
2002	112
2002	111
2002	110
2002	109
2002	107
2002	107
2002	107
2002	106
2002	106
2002	106
2002	105
2002	104
2002	103
2002	102
2002	101
2002	101
2002	100
2002	100
2002	100
2002	99
2002	98
2002	97
2002	96
2002	96
2002	96
2002	95
2002	94
2002	94
2002	94
2002	93
2002	93
2002	93
2002	93
2002	92
2002	92
2002	91
2002	91
2002	91
2002	90
2002	90
2002	88
2002	87
2002	86
2002	85
2002	85
2002	84
2002	83
2002	83
2002	82
2002	82
2002	82
2002	82
2002	81
2002	81
2002	80
2002	80
2002	79
2002	79
2002	79
2002	79
2002	78
2002	78
2002	77
2002	77
2002	76
2002	76
2002	76
2002	75
2002	75
2002	73
2002	73
2002	72
2002	72
2002	72
2002	71
2002	69
2002	67
2002	67
2002	67
2002	67
2002	65
2002	65
2002	65
2002	64
2002	64
2002	64
2002	63
2002	63
2002	61
2002	61
2002	60
2002	60
2002	55
2002	54
2002	54
2002	52
2002	52
2002	52
2002	49
2002	49
2002	48
2002	48
2002	48
2002	48
2002	46
2002	44
2002	44
2002	43
2002	43
2002	42
2002	39
2002	38
2002	38
2002	37
2002	36
2002	35
2002	33
2002	33
2002	32
2002	32
2002	32
2002	31
2002	31
2002	31
2002	27
2002	27
2002	27
2002	26
2002	25
2002	24
2002	23
2002	23
2002	20
2002	20
2002	19
2002	18
2002	18
2002	17
2002	17
2002	17
2002	15
2002	15
2002	15
2002	14
2002	13
2002	13
2002	13
2002	12
2002	12
2002	12
2002	11
2002	10
2002	10
2002	10
2002	9
2002	8
2002	8
2002	7
2002	6
2002	6
2002	5
2003	141
2003	138
2003	137
2003	136
2003	133
2003	130
2003	129
2003	127
2003	126
2003	124
2003	119
2003	114
2003	114
2003	114
2003	113
2003	112
2003	111
2003	110
2003	109
2003	108
2003	107
2003	106
2003	106
2003	104
2003	104
2003	102
2003	101
2003	101
2003	101
2003	100
2003	100
2003	100
2003	100
2003	99
2003	99
2003	98
2003	98
2003	98
2003	97
2003	97
2003	97
2003	96
2003	95
2003	94
2003	94
2003	94
2003	92
2003	92
2003	92
2003	92
2003	91
2003	91
2003	91
2003	89
2003	88
2003	88
2003	87
2003	87
2003	87
2003	86
2003	86
2003	85
2003	84
2003	83
2003	82
2003	81
2003	81
2003	81
2003	80
2003	80
2003	80
2003	80
2003	79
2003	79
2003	79
2003	78
2003	78
2003	78
2003	77
2003	76
2003	76
2003	75
2003	74
2003	74
2003	73
2003	73
2003	72
2003	72
2003	70
2003	70
2003	70
2003	68
2003	67
2003	67
2003	66
2003	66
2003	66
2003	65
2003	65
2003	65
2003	63
2003	63
2003	62
2003	62
2003	61
2003	60
2003	58
2003	55
2003	55
2003	54
2003	52
2003	52
2003	50
2003	49
2003	49
2003	49
2003	48
2003	48
2003	46
2003	46
2003	45
2003	44
2003	44
2003	43
2003	41
2003	38
2003	38
2003	38
2003	38
2003	38
2003	37
2003	35
2003	34
2003	33
2003	32
2003	31
2003	31
2003	30
2003	30
2003	29
2003	29
2003	28
2003	28
2003	25
2003	25
2003	25
2003	23
2003	21
2003	21
2003	20
2003	20
2003	18
2003	17
2003	17
2003	17
2003	16
2003	16
2003	16
2003	15
2003	15
2003	13
2003	13
2003	13
2003	13
2003	12
2003	11
2003	11
2003	11
2003	10
2003	9
2003	8
2003	7
2003	7
2003	5
2003	4
2004	156
2004	146
2004	136
2004	136
2004	135
2004	132
2004	129
2004	127
2004	126
2004	123
2004	122
2004	118
2004	114
2004	113
2004	113
2004	112
2004	112
2004	111
2004	109
2004	108
2004	107
2004	107
2004	106
2004	105
2004	104
2004	104
2004	104
2004	104
2004	104
2004	102
2004	101
2004	101
2004	100
2004	100
2004	100
2004	99
2004	99
2004	98
2004	97
2004	97
2004	96
2004	96
2004	95
2004	94
2004	94
2004	94
2004	94
2004	93
2004	92
2004	91
2004	91
2004	91
2004	90
2004	90
2004	90
2004	89
2004	89
2004	88
2004	88
2004	88
2004	87
2004	86
2004	86
2004	86
2004	86
2004	85
2004	84
2004	83
2004	83
2004	81
2004	81
2004	80
2004	80
2004	80
2004	79
2004	79
2004	79
2004	79
2004	79
2004	78
2004	78
2004	77
2004	76
2004	76
2004	73
2004	73
2004	73
2004	70
2004	69
2004	69
2004	68
2004	68
2004	68
2004	68
2004	68
2004	66
2004	66
2004	65
2004	65
2004	65
2004	64
2004	62
2004	61
2004	61
2004	60
2004	60
2004	60
2004	58
2004	58
2004	54
2004	53
2004	53
2004	53
2004	52
2004	52
2004	49
2004	49
2004	49
2004	49
2004	48
2004	46
2004	45
2004	45
2004	43
2004	43
2004	43
2004	41
2004	38
2004	38
2004	38
2004	37
2004	37
2004	36
2004	36
2004	32
2004	32
2004	31
2004	31
2004	30
2004	29
2004	29
2004	28
2004	28
2004	27
2004	25
2004	25
2004	24
2004	23
2004	22
2004	22
2004	21
2004	20
2004	20
2004	20
2004	18
2004	18
2004	17
2004	15
2004	15
2004	15
2004	15
2004	13
2004	13
2004	13
2004	13
2004	12
2004	11
2004	11
2004	10
2004	10
2004	9
2004	9
2004	8
2004	3
2004	3
2005	147
2005	140
2005	136
2005	135
2005	134
2005	133
2005	131
2005	125
2005	123
2005	120
2005	117
2005	115
2005	115
2005	113
2005	110
2005	109
2005	108
2005	108
2005	108
2005	108
2005	106
2005	106
2005	105
2005	104
2005	104
2005	104
2005	103
2005	102
2005	102
2005	102
2005	102
2005	102
2005	101
2005	100
2005	99
2005	98
2005	98
2005	96
2005	96
2005	96
2005	94
2005	94
2005	94
2005	94
2005	93
2005	93
2005	93
2005	92
2005	91
2005	91
2005	90
2005	90
2005	90
2005	90
2005	90
2005	87
2005	86
2005	85
2005	85
2005	85
2005	84
2005	84
2005	84
2005	83
2005	83
2005	83
2005	82
2005	81
2005	80
2005	80
2005	79
2005	79
2005	79
2005	78
2005	77
2005	77
2005	77
2005	76
2005	76
2005	76
2005	74
2005	74
2005	73
2005	73
2005	71
2005	70
2005	70
2005	70
2005	69
2005	69
2005	69
2005	69
2005	68
2005	67
2005	66
2005	66
2005	65
2005	64
2005	64
2005	63
2005	62
2005	62
2005	62
2005	61
2005	61
2005	60
2005	59
2005	59
2005	58
2005	57
2005	57
2005	55
2005	54
2005	53
2005	51
2005	51
2005	50
2005	50
2005	49
2005	46
2005	45
2005	44
2005	43
2005	42
2005	42
2005	41
2005	39
2005	39
2005	37
2005	37
2005	36
2005	36
2005	36
2005	36
2005	32
2005	32
2005	31
2005	30
2005	30
2005	30
2005	29
2005	26
2005	26
2005	25
2005	25
2005	24
2005	24
2005	23
2005	23
2005	23
2005	22
2005	22
2005	22
2005	22
2005	21
2005	19
2005	18
2005	17
2005	16
2005	16
2005	15
2005	14
2005	14
2005	14
2005	13
2005	13
2005	13
2005	11
2005	11
2005	11
2005	9
2005	8
2005	6
2005	5
2005	2
2006	149
2006	136
2006	136
2006	135
2006	133
2006	129
2006	128
2006	120
2006	118
2006	117
2006	116
2006	116
2006	113
2006	109
2006	107
2006	106
2006	106
2006	106
2006	106
2006	105
2006	105
2006	104
2006	104
2006	103
2006	102
2006	102
2006	102
2006	102
2006	101
2006	100
2006	99
2006	98
2006	98
2006	98
2006	98
2006	98
2006	96
2006	96
2006	96
2006	96
2006	93
2006	93
2006	92
2006	92
2006	92
2006	92
2006	91
2006	91
2006	91
2006	91
2006	90
2006	89
2006	88
2006	88
2006	88
2006	87
2006	87
2006	87
2006	86
2006	85
2006	85
2006	84
2006	84
2006	83
2006	83
2006	83
2006	82
2006	82
2006	80
2006	78
2006	78
2006	78
2006	78
2006	77
2006	77
2006	76
2006	75
2006	75
2006	75
2006	74
2006	74
2006	73
2006	73
2006	72
2006	71
2006	71
2006	70
2006	69
2006	69
2006	68
2006	68
2006	67
2006	67
2006	67
2006	66
2006	66
2006	65
2006	65
2006	65
2006	65
2006	65
2006	64
2006	62
2006	61
2006	61
2006	61
2006	60
2006	60
2006	59
2006	57
2006	57
2006	57
2006	56
2006	55
2006	55
2006	54
2006	51
2006	50
2006	50
2006	48
2006	48
2006	47
2006	45
2006	44
2006	44
2006	43
2006	42
2006	40
2006	39
2006	39
2006	39
2006	38
2006	37
2006	37
2006	34
2006	34
2006	34
2006	33
2006	33
2006	32
2006	32
2006	31
2006	31
2006	29
2006	28
2006	26
2006	23
2006	23
2006	23
2006	22
2006	22
2006	22
2006	22
2006	22
2006	22
2006	20
2006	19
2006	18
2006	17
2006	17
2006	16
2006	16
2006	16
2006	15
2006	15
2006	15
2006	13
2006	13
2006	13
2006	11
2006	11
2006	11
2006	11
2006	8
2006	7
2006	2
2007	146
2007	140
2007	139
2007	137
2007	136
2007	130
2007	126
2007	118
2007	117
2007	116
2007	115
2007	114
2007	114
2007	112
2007	111
2007	110
2007	108
2007	107
2007	107
2007	106
2007	104
2007	104
2007	104
2007	104
2007	104
2007	103
2007	101
2007	101
2007	100
2007	100
2007	99
2007	99
2007	98
2007	97
2007	97
2007	97
2007	97
2007	97
2007	96
2007	96
2007	96
2007	96
2007	96
2007	95
2007	95
2007	94
2007	92
2007	91
2007	91
2007	91
2007	90
2007	90
2007	89
2007	89
2007	87
2007	86
2007	86
2007	86
2007	86
2007	86
2007	85
2007	84
2007	83
2007	83
2007	82
2007	82
2007	82
2007	79
2007	79
2007	79
2007	79
2007	78
2007	77
2007	77
2007	77
2007	76
2007	75
2007	75
2007	75
2007	75
2007	75
2007	74
2007	73
2007	71
2007	70
2007	70
2007	70
2007	68
2007	68
2007	68
2007	68
2007	67
2007	67
2007	66
2007	65
2007	65
2007	65
2007	64
2007	63
2007	63
2007	63
2007	62
2007	61
2007	61
2007	61
2007	60
2007	59
2007	59
2007	58
2007	57
2007	56
2007	55
2007	55
2007	54
2007	51
2007	51
2007	50
2007	48
2007	48
2007	47
2007	46
2007	45
2007	45
2007	45
2007	44
2007	41
2007	40
2007	40
2007	39
2007	38
2007	38
2007	38
2007	37
2007	37
2007	37
2007	35
2007	34
2007	33
2007	32
2007	31
2007	30
2007	29
2007	29
2007	26
2007	25
2007	25
2007	24
2007	24
2007	23
2007	23
2007	23
2007	23
2007	23
2007	22
2007	22
2007	21
2007	20
2007	20
2007	20
2007	18
2007	17
2007	16
2007	16
2007	16
2007	15
2007	15
2007	15
2007	15
2007	13
2007	12
2007	11
2007	11
2007	11
2007	9
2007	9
2007	1
2008	147
2008	144
2008	141
2008	138
2008	133
2008	129
2008	127
2008	123
2008	121
2008	121
2008	117
2008	115
2008	112
2008	112
2008	110
2008	109
2008	106
2008	105
2008	105
2008	104
2008	104
2008	104
2008	103
2008	102
2008	101
2008	101
2008	101
2008	101
2008	101
2008	101
2008	100
2008	100
2008	100
2008	99
2008	99
2008	99
2008	98
2008	97
2008	97
2008	96
2008	96
2008	96
2008	96
2008	96
2008	96
2008	94
2008	94
2008	94
2008	93
2008	93
2008	93
2008	92
2008	92
2008	92
2008	90
2008	90
2008	90
2008	90
2008	89
2008	88
2008	86
2008	83
2008	82
2008	81
2008	81
2008	81
2008	81
2008	80
2008	80
2008	79
2008	79
2008	79
2008	78
2008	78
2008	77
2008	77
2008	76
2008	75
2008	74
2008	74
2008	74
2008	74
2008	73
2008	73
2008	72
2008	71
2008	70
2008	70
2008	68
2008	68
2008	67
2008	67
2008	66
2008	66
2008	66
2008	66
2008	65
2008	65
2008	65
2008	64
2008	64
2008	62
2008	61
2008	61
2008	61
2008	60
2008	59
2008	58
2008	56
2008	56
2008	55
2008	54
2008	54
2008	53
2008	53
2008	50
2008	50
2008	49
2008	48
2008	47
2008	47
2008	46
2008	45
2008	45
2008	45
2008	43
2008	41
2008	40
2008	37
2008	37
2008	37
2008	36
2008	36
2008	36
2008	34
2008	34
2008	33
2008	33
2008	32
2008	32
2008	32
2008	31
2008	31
2008	29
2008	26
2008	26
2008	25
2008	24
2008	23
2008	23
2008	22
2008	22
2008	22
2008	21
2008	21
2008	21
2008	20
2008	20
2008	20
2008	18
2008	18
2008	17
2008	16
2008	15
2008	15
2008	15
2008	15
2008	14
2008	13
2008	13
2008	11
2008	11
2008	11
2008	10
2008	8
2008	1
2009	149
2009	143
2009	139
2009	135
2009	135
2009	132
2009	129
2009	118
2009	117
2009	116
2009	114
2009	112
2009	112
2009	111
2009	107
2009	107
2009	105
2009	105
2009	104
2009	104
2009	103
2009	103
2009	103
2009	103
2009	102
2009	101
2009	101
2009	101
2009	100
2009	100
2009	99
2009	99
2009	99
2009	99
2009	98
2009	97
2009	96
2009	96
2009	96
2009	96
2009	96
2009	95
2009	95
2009	95
2009	94
2009	93
2009	93
2009	93
2009	92
2009	91
2009	91
2009	90
2009	90
2009	89
2009	85
2009	84
2009	84
2009	84
2009	83
2009	83
2009	83
2009	82
2009	82
2009	81
2009	81
2009	81
2009	80
2009	80
2009	79
2009	79
2009	78
2009	78
2009	77
2009	77
2009	76
2009	75
2009	75
2009	75
2009	74
2009	74
2009	74
2009	73
2009	71
2009	71
2009	70
2009	69
2009	69
2009	68
2009	67
2009	66
2009	65
2009	65
2009	65
2009	65
2009	64
2009	64
2009	64
2009	64
2009	63
2009	63
2009	62
2009	61
2009	61
2009	61
2009	60
2009	59
2009	58
2009	58
2009	55
2009	55
2009	54
2009	54
2009	54
2009	53
2009	53
2009	51
2009	50
2009	50
2009	49
2009	48
2009	48
2009	48
2009	48
2009	47
2009	45
2009	43
2009	42
2009	41
2009	40
2009	40
2009	39
2009	38
2009	38
2009	37
2009	37
2009	36
2009	32
2009	32
2009	30
2009	30
2009	30
2009	29
2009	28
2009	28
2009	27
2009	26
2009	26
2009	26
2009	25
2009	22
2009	22
2009	22
2009	21
2009	21
2009	20
2009	20
2009	20
2009	19
2009	17
2009	16
2009	16
2009	15
2009	15
2009	15
2009	15
2009	15
2009	13
2009	13
2009	13
2009	12
2009	11
2009	11
2009	11
2009	11
2009	7
