2009	49983297
2009	7850672
2009	7248142
2009	6823162
2009	5282953
2009	4915116
2009	4836550
2009	4600024
2009	3553643
2009	3514886
2009	3338861
2009	3209134
2009	3164126
2009	2885864
2009	2447360
2009	1559874
2009	1493145
2009	1403932
2009	1240493
2009	1171190
2009	1089381
2009	1008007
2009	882079
2009	864572
2009	802010
2009	771576
2009	751006
2009	749887
2009	684191
2009	673360
2009	600042
2009	584461
2009	562424
2009	554725
2009	551110
2009	514200
2009	477210
2009	470363
2009	465637
2009	421517
2009	415523
2009	341800
2009	321875
2009	317668
2009	293757
2009	283816
2009	272473
2009	268850
2009	260275
2009	243618
2009	238979
2009	236709
2009	215549
2009	209352
2009	201588
2009	190890
2009	187448
2009	179905
2009	177412
2009	158215
2009	156100
2009	156005
2009	148841
2009	148539
2009	144535
2009	143522
2009	138952
2009	138484
2009	108750
2009	106530
2009	104925
2009	100640
2009	99950
2009	98614
2009	88410
2009	87570
2009	85372
2009	73890
2009	70125
2009	70000
2009	68000
2009	67567
2009	65709
2009	62101
2009	59966
2009	53083
2009	52368
2009	48128
2009	48100
2009	47500
2009	46779
2009	43574
2009	41628
2009	39119
2009	37683
2009	33987
2009	33416
2009	32161
2009	31252
2009	30438
2009	29768
2009	29679
2009	26236
2009	24905
2009	24723
2009	24669
2009	22888
2009	22164
2009	22100
2009	20797
2009	18377
2009	18328
2009	17881
2009	17072
2009	16496
2009	16245
2009	16000
2009	15016
2009	15000
2009	14689
2009	14382
2009	14200
2009	13111
2009	13088
2009	12950
2009	12929
2009	10498
2009	10000
2009	9625
2009	9159
2009	8406
2009	7856
2009	7505
2009	6585
2009	6226
2009	6200
2009	5860
2009	5250
2009	5050
2009	4950
2009	4721
2009	4614
2009	4566
2009	4522
2009	4387
2009	4150
2009	4071
2009	3783
2009	3748
2009	3662
2009	3092
2009	3056
2009	2875
2009	2863
2009	2702
2009	2594
2009	2463
2009	2404
2009	1932
2009	1800
2009	1555
2009	1218
2009	1009
2009	911
2009	776
2009	450
2009	420
2009	349
2009	265
2009	185
2009	172
2009	153
2009	141
2009	123
2009	70
2008	48164401
2008	7949280
2008	7248142
2008	6678352
2008	5282953
2008	4915116
2008	4600024
2008	4598720
2008	3553643
2008	3301563
2008	3209134
2008	3166005
2008	3050094
2008	2563296
2008	2447360
2008	1559874
2008	1493145
2008	1403932
2008	1171190
2008	1156644
2008	1089381
2008	1008007
2008	997770
2008	882079
2008	802010
2008	771576
2008	749887
2008	744575
2008	684191
2008	673360
2008	600042
2008	586512
2008	562424
2008	554725
2008	551110
2008	514200
2008	477210
2008	470363
2008	465637
2008	421517
2008	415523
2008	351542
2008	321875
2008	317668
2008	305952
2008	293757
2008	283816
2008	268750
2008	260275
2008	243618
2008	238979
2008	219085
2008	215549
2008	209352
2008	201588
2008	190890
2008	187448
2008	179905
2008	177412
2008	158215
2008	156100
2008	156005
2008	148841
2008	144535
2008	143522
2008	139817
2008	138952
2008	120338
2008	108750
2008	106530
2008	104925
2008	100640
2008	99950
2008	98614
2008	88410
2008	87570
2008	85372
2008	70595
2008	70125
2008	70000
2008	68000
2008	67567
2008	65709
2008	62101
2008	59966
2008	53083
2008	52368
2008	48128
2008	48100
2008	47500
2008	46779
2008	43574
2008	41628
2008	39119
2008	37683
2008	33987
2008	33416
2008	32161
2008	31252
2008	30438
2008	29768
2008	29679
2008	26236
2008	24905
2008	24723
2008	24669
2008	22888
2008	22164
2008	22100
2008	20797
2008	18377
2008	18328
2008	17881
2008	16795
2008	16496
2008	16245
2008	16000
2008	15016
2008	15000
2008	14689
2008	14382
2008	14200
2008	13111
2008	13088
2008	12950
2008	12929
2008	10498
2008	10000
2008	9625
2008	9159
2008	8406
2008	7856
2008	7505
2008	6585
2008	6226
2008	6200
2008	5860
2008	5250
2008	5050
2008	4950
2008	4721
2008	4614
2008	4566
2008	4522
2008	4387
2008	4150
2008	4071
2008	3783
2008	3748
2008	3662
2008	3092
2008	3056
2008	2875
2008	2863
2008	2702
2008	2594
2008	2463
2008	2404
2008	1932
2008	1800
2008	1555
2008	1218
2008	1040
2008	911
2008	776
2008	450
2008	420
2008	349
2008	265
2008	185
2008	172
2008	141
2008	141
2008	123
2008	70
2007	46981918
2007	7248142
2007	6965133
2007	6431461
2007	5282953
2007	4915116
2007	4600024
2007	4160000
2007	3663192
2007	3553643
2007	3209134
2007	3208425
2007	2838040
2007	2447360
2007	2440011
2007	1559874
2007	1493145
2007	1403932
2007	1171190
2007	1089381
2007	1071622
2007	1008007
2007	988355
2007	882079
2007	802010
2007	771576
2007	749887
2007	684191
2007	673360
2007	615507
2007	600042
2007	570148
2007	562424
2007	554725
2007	551110
2007	514200
2007	477210
2007	470363
2007	465637
2007	421517
2007	415523
2007	353460
2007	321875
2007	317668
2007	306626
2007	293757
2007	283816
2007	268650
2007	260275
2007	243618
2007	241231
2007	238979
2007	215549
2007	209352
2007	201588
2007	190890
2007	187448
2007	179905
2007	177412
2007	158215
2007	156100
2007	156005
2007	148841
2007	144535
2007	143522
2007	138952
2007	135998
2007	108750
2007	106530
2007	104925
2007	100640
2007	99950
2007	98614
2007	93108
2007	88410
2007	87570
2007	85372
2007	70125
2007	70000
2007	68000
2007	67567
2007	67459
2007	65709
2007	62101
2007	59966
2007	53083
2007	52368
2007	48128
2007	48100
2007	47500
2007	46779
2007	43574
2007	41628
2007	39119
2007	37683
2007	33987
2007	33416
2007	32161
2007	31252
2007	30438
2007	29768
2007	29679
2007	26236
2007	24905
2007	24723
2007	24669
2007	22888
2007	22164
2007	22100
2007	20797
2007	18377
2007	18328
2007	17881
2007	16496
2007	16245
2007	16000
2007	15016
2007	15000
2007	14689
2007	14382
2007	14200
2007	13278
2007	13111
2007	13088
2007	12950
2007	12929
2007	10498
2007	10000
2007	9625
2007	9159
2007	8406
2007	7856
2007	7505
2007	6585
2007	6226
2007	6200
2007	5860
2007	5250
2007	5050
2007	4950
2007	4721
2007	4614
2007	4566
2007	4522
2007	4387
2007	4150
2007	4071
2007	3783
2007	3748
2007	3662
2007	3092
2007	3056
2007	2875
2007	2863
2007	2702
2007	2594
2007	2463
2007	2404
2007	1932
2007	1800
2007	1555
2007	1218
2007	1015
2007	911
2007	776
2007	450
2007	420
2007	349
2007	265
2007	185
2007	179
2007	172
2007	141
2007	123
2007	70
2006	45294786
2006	7045602
2006	7020108
2006	6081537
2006	5358458
2006	5007222
2006	4927181
2006	3909557
2006	3685427
2006	3385378
2006	2968691
2006	2941508
2006	2579780
2006	2328545
2006	2271360
2006	1508978
2006	1459743
2006	1335391
2006	1243154
2006	1235879
2006	1174494
2006	1050161
2006	970918
2006	905043
2006	869038
2006	812486
2006	801008
2006	660223
2006	636901
2006	621653
2006	618391
2006	611247
2006	583586
2006	575560
2006	516700
2006	509445
2006	488269
2006	482210
2006	480888
2006	399491
2006	379127
2006	368069
2006	359927
2006	333216
2006	279527
2006	276800
2006	268530
2006	263812
2006	257609
2006	246397
2006	236971
2006	235544
2006	229628
2006	225897
2006	211545
2006	184083
2006	181346
2006	165312
2006	162335
2006	159678
2006	156772
2006	155100
2006	148146
2006	146050
2006	144235
2006	140954
2006	137572
2006	133990
2006	113922
2006	104925
2006	102948
2006	101000
2006	99880
2006	93404
2006	88175
2006	87420
2006	87193
2006	81057
2006	72787
2006	72250
2006	70125
2006	70000
2006	59506
2006	58600
2006	54739
2006	53660
2006	51409
2006	46755
2006	46296
2006	45922
2006	45425
2006	41962
2006	41611
2006	39316
2006	38435
2006	36912
2006	35148
2006	35035
2006	34960
2006	33461
2006	30801
2006	29875
2006	27899
2006	26036
2006	25849
2006	25077
2006	24589
2006	23147
2006	23012
2006	22229
2006	22100
2006	17166
2006	15070
2006	15016
2006	15000
2006	14749
2006	14200
2006	13936
2006	13458
2006	12950
2006	11841
2006	10789
2006	10616
2006	10494
2006	10000
2006	9915
2006	9784
2006	9700
2006	9626
2006	8813
2006	8800
2006	8784
2006	8445
2006	7676
2006	7532
2006	7200
2006	6805
2006	6247
2006	6203
2006	6200
2006	5612
2006	5050
2006	4951
2006	4788
2006	4739
2006	4614
2006	4150
2006	4093
2006	3546
2006	3092
2006	2981
2006	2863
2006	2636
2006	2500
2006	2467
2006	2445
2006	2323
2006	2166
2006	1974
2006	1496
2006	1406
2006	1057
2006	911
2006	735
2006	694
2006	450
2006	380
2006	349
2006	326
2006	260
2006	172
2006	81
2006	70
2006	47
2006	27
2005	43522035
2005	9411417
2005	6651540
2005	5876316
2005	5393145
2005	5076571
2005	4988043
2005	4077441
2005	3425200
2005	3308806
2005	3054781
2005	2826121
2005	2215957
2005	2215494
2005	2056383
2005	1672745
2005	1450051
2005	1384732
2005	1252114
2005	1067747
2005	1028766
2005	1007415
2005	949678
2005	932354
2005	889296
2005	849637
2005	820561
2005	818725
2005	649541
2005	620578
2005	579537
2005	554026
2005	545913
2005	544716
2005	522559
2005	515472
2005	492210
2005	477990
2005	427575
2005	412324
2005	410000
2005	399908
2005	393021
2005	330353
2005	322388
2005	304877
2005	279153
2005	273585
2005	268530
2005	262239
2005	238270
2005	228088
2005	218452
2005	202742
2005	198691
2005	194890
2005	193167
2005	185806
2005	154878
2005	151160
2005	148332
2005	146965
2005	146096
2005	145993
2005	142682
2005	141928
2005	141798
2005	127207
2005	125861
2005	111720
2005	109084
2005	105137
2005	104560
2005	101008
2005	99327
2005	95217
2005	87305
2005	74782
2005	70125
2005	70000
2005	65807
2005	60600
2005	59595
2005	58448
2005	53978
2005	51279
2005	50058
2005	46378
2005	45769
2005	43907
2005	43317
2005	42463
2005	42064
2005	40986
2005	38384
2005	37887
2005	37779
2005	34586
2005	32387
2005	30074
2005	29279
2005	28032
2005	27652
2005	27374
2005	26555
2005	24981
2005	24697
2005	23100
2005	21617
2005	21270
2005	18766
2005	16980
2005	15070
2005	15023
2005	15016
2005	15000
2005	14200
2005	13414
2005	13352
2005	13347
2005	12872
2005	12212
2005	12173
2005	11072
2005	10255
2005	10046
2005	9475
2005	9115
2005	9075
2005	9055
2005	9000
2005	8579
2005	8186
2005	7090
2005	7022
2005	6455
2005	6200
2005	5800
2005	5348
2005	5222
2005	5050
2005	5001
2005	4601
2005	4303
2005	4197
2005	4027
2005	2999
2005	2861
2005	2790
2005	2760
2005	2689
2005	2648
2005	2569
2005	2182
2005	2142
2005	2047
2005	1814
2005	1740
2005	1410
2005	1114
2005	1071
2005	989
2005	650
2005	579
2005	450
2005	406
2005	366
2005	349
2005	260
2005	172
2005	132
2005	70
2005	46
2005	27
2004	41944826
2004	9625252
2004	6181295
2004	5633122
2004	5549156
2004	5541617
2004	5048038
2004	4093103
2004	3161266
2004	3138651
2004	3048812
2004	2722468
2004	2102026
2004	1985260
2004	1966625
2004	1742655
2004	1502993
2004	1360753
2004	1310726
2004	1133410
2004	1100882
2004	1015285
2004	946690
2004	946600
2004	891215
2004	867214
2004	865014
2004	841879
2004	643129
2004	637605
2004	600234
2004	571758
2004	556993
2004	509210
2004	509201
2004	474320
2004	447558
2004	445542
2004	405301
2004	400339
2004	387179
2004	377328
2004	338374
2004	336963
2004	326492
2004	319336
2004	275911
2004	274713
2004	270733
2004	268210
2004	256070
2004	240094
2004	228962
2004	228001
2004	227239
2004	215862
2004	191029
2004	185023
2004	164685
2004	157982
2004	148248
2004	143109
2004	134440
2004	129330
2004	127874
2004	125936
2004	123008
2004	114048
2004	113839
2004	111436
2004	101610
2004	101008
2004	100035
2004	94700
2004	93947
2004	89970
2004	88158
2004	70125
2004	70000
2004	66590
2004	64600
2004	63637
2004	57327
2004	57196
2004	55267
2004	54306
2004	51506
2004	46251
2004	46053
2004	45558
2004	44634
2004	40473
2004	40186
2004	39994
2004	39947
2004	39141
2004	34445
2004	32749
2004	32423
2004	30690
2004	29538
2004	28689
2004	27474
2004	27434
2004	25643
2004	24100
2004	23912
2004	19986
2004	17966
2004	17286
2004	17210
2004	16223
2004	15576
2004	15008
2004	15000
2004	14935
2004	14920
2004	14525
2004	14055
2004	13455
2004	13232
2004	12248
2004	12060
2004	11353
2004	10741
2004	10397
2004	10321
2004	10034
2004	10030
2004	9442
2004	9005
2004	8634
2004	8399
2004	8300
2004	8212
2004	7404
2004	7196
2004	7004
2004	6200
2004	6083
2004	5246
2004	5208
2004	5040
2004	4957
2004	4656
2004	4323
2004	4151
2004	4141
2004	3742
2004	3137
2004	2951
2004	2807
2004	2783
2004	2667
2004	2593
2004	2527
2004	2148
2004	2033
2004	2006
2004	1509
2004	1172
2004	1031
2004	981
2004	703
2004	484
2004	379
2004	349
2004	305
2004	260
2004	210
2004	161
2004	70
2004	47
2004	27
2003	40478624
2003	6097611
2003	6005520
2003	5481417
2003	5464039
2003	5453418
2003	4132079
2003	3900807
2003	3387880
2003	3133397
2003	2744683
2003	2624400
2003	2016050
2003	1998197
2003	1992726
2003	1594370
2003	1448381
2003	1439250
2003	1268792
2003	1162998
2003	1068993
2003	984786
2003	941502
2003	911837
2003	877662
2003	875463
2003	826714
2003	824498
2003	637138
2003	634983
2003	592821
2003	582923
2003	564881
2003	540594
2003	505839
2003	493017
2003	487578
2003	478382
2003	441836
2003	391708
2003	382854
2003	372080
2003	335147
2003	331611
2003	328384
2003	293209
2003	268600
2003	253897
2003	247947
2003	247310
2003	227780
2003	225494
2003	220080
2003	215835
2003	212105
2003	199650
2003	194817
2003	190687
2003	159561
2003	155176
2003	141945
2003	138482
2003	134512
2003	121036
2003	120242
2003	118121
2003	117289
2003	115180
2003	101008
2003	99687
2003	97450
2003	96926
2003	94700
2003	92312
2003	86868
2003	79454
2003	70405
2003	70000
2003	69501
2003	67264
2003	67217
2003	60600
2003	60303
2003	57683
2003	55900
2003	54728
2003	54209
2003	49943
2003	44452
2003	41828
2003	41653
2003	37364
2003	36568
2003	36541
2003	35404
2003	34540
2003	32742
2003	31497
2003	31214
2003	30042
2003	28706
2003	28298
2003	28092
2003	26758
2003	24831
2003	24797
2003	24300
2003	22331
2003	20149
2003	20041
2003	18932
2003	18406
2003	16778
2003	16500
2003	16128
2003	15000
2003	14897
2003	14567
2003	14144
2003	14115
2003	13200
2003	12652
2003	12318
2003	11671
2003	11001
2003	10878
2003	9922
2003	9228
2003	9005
2003	8640
2003	8427
2003	8169
2003	8000
2003	6974
2003	6689
2003	6557
2003	6153
2003	4992
2003	4924
2003	4784
2003	4688
2003	4494
2003	4467
2003	4425
2003	4273
2003	4038
2003	3612
2003	3362
2003	2981
2003	2915
2003	2838
2003	2634
2003	2605
2003	2587
2003	2536
2003	2527
2003	2386
2003	2025
2003	1633
2003	1507
2003	1464
2003	1131
2003	1072
2003	953
2003	400
2003	382
2003	352
2003	349
2003	325
2003	260
2003	122
2003	70
2003	46
2003	26
2002	39467756
2002	8774470
2002	5924892
2002	5417197
2002	5169749
2002	5150513
2002	4755798
2002	3763772
2002	3331015
2002	3291641
2002	2471874
2002	2451424
2002	2138131
2002	1941001
2002	1890459
2002	1521690
2002	1474374
2002	1473160
2002	1434026
2002	1229307
2002	1144540
2002	1002616
2002	968995
2002	947632
2002	880470
2002	876079
2002	799156
2002	769996
2002	674495
2002	626449
2002	622956
2002	599104
2002	527523
2002	518465
2002	511719
2002	454131
2002	420782
2002	401670
2002	401354
2002	396153
2002	377241
2002	345138
2002	344638
2002	300582
2002	299644
2002	296459
2002	274304
2002	268500
2002	256149
2002	255494
2002	239460
2002	235642
2002	226813
2002	211140
2002	184271
2002	181882
2002	179170
2002	163197
2002	157433
2002	156131
2002	151896
2002	145242
2002	138558
2002	134796
2002	130465
2002	114107
2002	108646
2002	101710
2002	101008
2002	98665
2002	97574
2002	93156
2002	92755
2002	82990
2002	75000
2002	70962
2002	69630
2002	63955
2002	63444
2002	59519
2002	59054
2002	58600
2002	51995
2002	50912
2002	48625
2002	45769
2002	44553
2002	44265
2002	44008
2002	41971
2002	41219
2002	40810
2002	40669
2002	38626
2002	35236
2002	35000
2002	31405
2002	31355
2002	30862
2002	30162
2002	27664
2002	27299
2002	26307
2002	25569
2002	25279
2002	25000
2002	24193
2002	24107
2002	23600
2002	21971
2002	20815
2002	18324
2002	17316
2002	16208
2002	15593
2002	15166
2002	15000
2002	14095
2002	13947
2002	13713
2002	13102
2002	12901
2002	12850
2002	12400
2002	12315
2002	12215
2002	11266
2002	11150
2002	11056
2002	10762
2002	8505
2002	8145
2002	7832
2002	7612
2002	7400
2002	7324
2002	7060
2002	6718
2002	6690
2002	5555
2002	5388
2002	4911
2002	4885
2002	4760
2002	4515
2002	3830
2002	3820
2002	2975
2002	2683
2002	2679
2002	2575
2002	2520
2002	2379
2002	2374
2002	2330
2002	2215
2002	2200
2002	2163
2002	1863
2002	1639
2002	1485
2002	1201
2002	1041
2002	1031
2002	394
2002	355
2002	349
2002	324
2002	263
2002	260
2002	142
2002	139
2002	70
2002	48
2001	37943781
2001	7991630
2001	5892758
2001	5466988
2001	5407494
2001	5095084
2001	4315043
2001	3716499
2001	3595243
2001	3197690
2001	2382160
2001	2266441
2001	2246606
2001	1987945
2001	1781057
2001	1552267
2001	1471455
2001	1400101
2001	1382592
2001	1308046
2001	1187665
2001	1100768
2001	935311
2001	932391
2001	919063
2001	863130
2001	771376
2001	753320
2001	644922
2001	644125
2001	600798
2001	592104
2001	575205
2001	548004
2001	528727
2001	476544
2001	453181
2001	442200
2001	429126
2001	425277
2001	417030
2001	413690
2001	357052
2001	342012
2001	318590
2001	295071
2001	269200
2001	268591
2001	264691
2001	260524
2001	254564
2001	226604
2001	223086
2001	203702
2001	201460
2001	191702
2001	165795
2001	165147
2001	152832
2001	142165
2001	140142
2001	134077
2001	129832
2001	128639
2001	126958
2001	121181
2001	112561
2001	105634
2001	105511
2001	105402
2001	100500
2001	100358
2001	82941
2001	81000
2001	80157
2001	80000
2001	78326
2001	75240
2001	69520
2001	63549
2001	59000
2001	54013
2001	53816
2001	52488
2001	48894
2001	47390
2001	45336
2001	43783
2001	42735
2001	41187
2001	38410
2001	36405
2001	35988
2001	34804
2001	34527
2001	33270
2001	32335
2001	32039
2001	30098
2001	28659
2001	28365
2001	26342
2001	25570
2001	25532
2001	25287
2001	24744
2001	23377
2001	23283
2001	23266
2001	22810
2001	20821
2001	19694
2001	19405
2001	18455
2001	16806
2001	15864
2001	15455
2001	15405
2001	15125
2001	14585
2001	14171
2001	12792
2001	12180
2001	11925
2001	11045
2001	10988
2001	10510
2001	9455
2001	9299
2001	9064
2001	8820
2001	8676
2001	8505
2001	8397
2001	7263
2001	6848
2001	6800
2001	6329
2001	6260
2001	6041
2001	5609
2001	4713
2001	4627
2001	3970
2001	3692
2001	3596
2001	3089
2001	2850
2001	2755
2001	2721
2001	2530
2001	2243
2001	2197
2001	2137
2001	2005
2001	1984
2001	1950
2001	1824
2001	1716
2001	1696
2001	1576
2001	1207
2001	1181
2001	1060
2001	555
2001	355
2001	310
2001	290
2001	260
2001	236
2001	201
2001	142
2001	118
2001	32
2000	37268709
2000	10662223
2000	5779030
2000	5604063
2000	5152998
2000	4831314
2000	4633908
2000	4045982
2000	3594038
2000	3190693
2000	2288244
2000	2096829
2000	2082871
2000	1986168
2000	1661384
2000	1577698
2000	1431982
2000	1365573
2000	1353716
2000	1191212
2000	1117831
2000	923521
2000	907582
2000	907274
2000	891484
2000	838626
2000	724387
2000	653833
2000	646391
2000	638176
2000	626554
2000	589848
2000	581399
2000	571005
2000	515674
2000	467095
2000	457070
2000	432622
2000	424540
2000	422810
2000	367530
2000	343368
2000	339774
2000	327268
2000	320231
2000	298777
2000	278050
2000	271580
2000	253477
2000	239356
2000	221994
2000	220176
2000	217328
2000	215588
2000	198635
2000	198433
2000	194730
2000	171831
2000	136728
2000	125873
2000	118758
2000	114750
2000	114456
2000	113508
2000	113398
2000	113371
2000	112159
2000	109900
2000	105456
2000	101129
2000	97111
2000	91513
2000	83200
2000	80984
2000	75021
2000	74760
2000	71316
2000	70911
2000	70411
2000	69365
2000	55170
2000	55084
2000	54000
2000	50530
2000	50063
2000	49493
2000	48333
2000	46024
2000	45171
2000	43166
2000	41378
2000	40879
2000	37433
2000	33204
2000	32304
2000	31723
2000	31671
2000	29016
2000	28103
2000	27932
2000	27930
2000	27694
2000	25916
2000	25516
2000	24129
2000	22379
2000	21671
2000	21444
2000	19987
2000	19887
2000	19029
2000	18937
2000	17415
2000	17073
2000	16265
2000	15696
2000	15265
2000	15120
2000	13936
2000	13369
2000	13200
2000	13140
2000	12612
2000	12296
2000	11540
2000	11070
2000	10652
2000	10586
2000	10052
2000	9851
2000	9702
2000	9579
2000	8958
2000	8595
2000	8505
2000	7353
2000	7269
2000	6996
2000	6511
2000	6315
2000	6200
2000	4983
2000	4536
2000	4066
2000	4043
2000	3634
2000	3286
2000	3175
2000	3037
2000	2820
2000	2759
2000	2623
2000	2600
2000	2255
2000	2026
2000	2005
2000	1877
2000	1856
2000	1834
2000	1754
2000	1700
2000	1334
2000	1207
2000	1119
2000	469
2000	425
2000	361
2000	290
2000	270
2000	166
2000	164
2000	139
2000	110
2000	40
1999	36196837
1999	8434398
1999	5907540
1999	5606713
1999	5267367
1999	5206041
1999	4696246
1999	4208570
1999	3560116
1999	3103466
1999	2381983
1999	2222070
1999	1784768
1999	1740148
1999	1552417
1999	1490028
1999	1447669
1999	1394713
1999	1251091
1999	1120534
1999	1087232
1999	1010424
1999	1001978
1999	849465
1999	744652
1999	744005
1999	690470
1999	677606
1999	648941
1999	635503
1999	629582
1999	623371
1999	592160
1999	580130
1999	495676
1999	489458
1999	477365
1999	442537
1999	437511
1999	412000
1999	410738
1999	357260
1999	326679
1999	322828
1999	318491
1999	310011
1999	287300
1999	284126
1999	269435
1999	240348
1999	226572
1999	216926
1999	205572
1999	204824
1999	180026
1999	176004
1999	175799
1999	125857
1999	124343
1999	124055
1999	123371
1999	121941
1999	117607
1999	111993
1999	110067
1999	106612
1999	104527
1999	102646
1999	100710
1999	98616
1999	94288
1999	90836
1999	87314
1999	79103
1999	74612
1999	71507
1999	60403
1999	59600
1999	59437
1999	54746
1999	54450
1999	53244
1999	52665
1999	52320
1999	51389
1999	50500
1999	45982
1999	43699
1999	43695
1999	41060
1999	40408
1999	37888
1999	37603
1999	37488
1999	37363
1999	34450
1999	31473
1999	30004
1999	29209
1999	28095
1999	25868
1999	25780
1999	25208
1999	24661
1999	24069
1999	23073
1999	22965
1999	21414
1999	21082
1999	19461
1999	19436
1999	18336
1999	17760
1999	16803
1999	16400
1999	15873
1999	15117
1999	14682
1999	14017
1999	13613
1999	12375
1999	12290
1999	12000
1999	11014
1999	10473
1999	10360
1999	10194
1999	10027
1999	9254
1999	9166
1999	9131
1999	8964
1999	7675
1999	7662
1999	7625
1999	6891
1999	6733
1999	6450
1999	6200
1999	5803
1999	5700
1999	5627
1999	4635
1999	4509
1999	3860
1999	3650
1999	3499
1999	3380
1999	3270
1999	3249
1999	3233
1999	3057
1999	2975
1999	2268
1999	2033
1999	2005
1999	1804
1999	1733
1999	1660
1999	1654
1999	1496
1999	1205
1999	1124
1999	1025
1999	524
1999	471
1999	453
1999	407
1999	280
1999	157
1999	154
1999	131
1999	119
1999	34
1998	35072834
1998	6027097
1998	5281877
1998	5134490
1998	4584590
1998	4516544
1998	4351381
1998	3511323
1998	3458717
1998	3271980
1998	2321079
1998	2144675
1998	1685819
1998	1632874
1998	1599703
1998	1556027
1998	1413953
1998	1275552
1998	1217885
1998	1165509
1998	1085080
1998	1067167
1998	912186
1998	810751
1998	733198
1998	710493
1998	710124
1998	656719
1998	614349
1998	607876
1998	564980
1998	545593
1998	542050
1998	513425
1998	511621
1998	490545
1998	483482
1998	468113
1998	444442
1998	425867
1998	416363
1998	400449
1998	366449
1998	346400
1998	339642
1998	295370
1998	294800
1998	271801
1998	235360
1998	228113
1998	220948
1998	209779
1998	187700
1998	180547
1998	172707
1998	170041
1998	163149
1998	140723
1998	127620
1998	121961
1998	118974
1998	118030
1998	117452
1998	114729
1998	106867
1998	102756
1998	98198
1998	98060
1998	98043
1998	92617
1998	89923
1998	74853
1998	74097
1998	69764
1998	69342
1998	68094
1998	63095
1998	59904
1998	56392
1998	53732
1998	53140
1998	51300
1998	50500
1998	43095
1998	42139
1998	41340
1998	40858
1998	38011
1998	35321
1998	35142
1998	33973
1998	32651
1998	31681
1998	29006
1998	28095
1998	27958
1998	27951
1998	27923
1998	26106
1998	24866
1998	24856
1998	24535
1998	23557
1998	23198
1998	21183
1998	20956
1998	20482
1998	20014
1998	19759
1998	18634
1998	17487
1998	16680
1998	16541
1998	16301
1998	14580
1998	14330
1998	14014
1998	13971
1998	13481
1998	12517
1998	12500
1998	12176
1998	11377
1998	10981
1998	10697
1998	10179
1998	10122
1998	9765
1998	9579
1998	9424
1998	8375
1998	8240
1998	8018
1998	7573
1998	7025
1998	6769
1998	6700
1998	6440
1998	5259
1998	5221
1998	5184
1998	4971
1998	4362
1998	4299
1998	3920
1998	3644
1998	3625
1998	3360
1998	3137
1998	3130
1998	3097
1998	2959
1998	2807
1998	2009
1998	2004
1998	1831
1998	1708
1998	1629
1998	1620
1998	1591
1998	1388
1998	1217
1998	1135
1998	763
1998	466
1998	407
1998	311
1998	300
1998	242
1998	191
1998	181
1998	151
1998	38
1997	33637229
1997	7877097
1997	6682249
1997	6035368
1997	5398703
1997	5387470
1997	4713797
1997	4429172
1997	3399732
1997	3230676
1997	2562854
1997	2209587
1997	2131500
1997	1866549
1997	1598703
1997	1524297
1997	1443972
1997	1389934
1997	1315290
1997	1227095
1997	1039035
1997	1029268
1997	862128
1997	854728
1997	786255
1997	731739
1997	690759
1997	671359
1997	605259
1997	550010
1997	534062
1997	518630
1997	513261
1997	507087
1997	503543
1997	479040
1997	457036
1997	447488
1997	412220
1997	400265
1997	398836
1997	377593
1997	364066
1997	355633
1997	329358
1997	324785
1997	304186
1997	278947
1997	233249
1997	223357
1997	218386
1997	205545
1997	196611
1997	191213
1997	169373
1997	161212
1997	146304
1997	136970
1997	123873
1997	119573
1997	115644
1997	114558
1997	114288
1997	112993
1997	107358
1997	106027
1997	102067
1997	99610
1997	91902
1997	88887
1997	85000
1997	74127
1997	72658
1997	70641
1997	70177
1997	69697
1997	62441
1997	60519
1997	56571
1997	54268
1997	54085
1997	48000
1997	45518
1997	44091
1997	43785
1997	41570
1997	40000
1997	38181
1997	36977
1997	33747
1997	33663
1997	32258
1997	31345
1997	30065
1997	29923
1997	28350
1997	27209
1997	26107
1997	25788
1997	23485
1997	23468
1997	23207
1997	20881
1997	20545
1997	20346
1997	19576
1997	19537
1997	18326
1997	17299
1997	16740
1997	16674
1997	15212
1997	14627
1997	14330
1997	14308
1997	14143
1997	14001
1997	12500
1997	12281
1997	11727
1997	11716
1997	11303
1997	11296
1997	10565
1997	10437
1997	10394
1997	9705
1997	8784
1997	8491
1997	8045
1997	8031
1997	7579
1997	7200
1997	6425
1997	6341
1997	6093
1997	5525
1997	5301
1997	4926
1997	4821
1997	4678
1997	4546
1997	3955
1997	3791
1997	3546
1997	3483
1997	3284
1997	3025
1997	3009
1997	2836
1997	2809
1997	2644
1997	2618
1997	2003
1997	1771
1997	1665
1997	1524
1997	1311
1997	1250
1997	1110
1997	1084
1997	1038
1997	1009
1997	650
1997	461
1997	320
1997	288
1997	216
1997	180
1997	160
1997	146
1997	131
1997	44
1996	33012621
1996	9522084
1996	6854618
1996	6717733
1996	5370747
1996	5206196
1996	4727045
1996	4324921
1996	3539064
1996	2969974
1996	2732082
1996	2130710
1996	2063432
1996	1723442
1996	1520932
1996	1491713
1996	1405820
1996	1288847
1996	1219533
1996	1193874
1996	985659
1996	964322
1996	842496
1996	811832
1996	692757
1996	670362
1996	641604
1996	551985
1996	551046
1996	550272
1996	517878
1996	510669
1996	503445
1996	500082
1996	477283
1996	444661
1996	439961
1996	436746
1996	431571
1996	381702
1996	379142
1996	370493
1996	366866
1996	357484
1996	330871
1996	322477
1996	319648
1996	269095
1996	266980
1996	225734
1996	196736
1996	195298
1996	190891
1996	181552
1996	162226
1996	155064
1996	143024
1996	137815
1996	123128
1996	120365
1996	114150
1996	111970
1996	108829
1996	106988
1996	105413
1996	104855
1996	104268
1996	100000
1996	98587
1996	90051
1996	85085
1996	82311
1996	71102
1996	70296
1996	67334
1996	63809
1996	63364
1996	63324
1996	51809
1996	51544
1996	48833
1996	47507
1996	46138
1996	46000
1996	45955
1996	45579
1996	42175
1996	40865
1996	39000
1996	36076
1996	32159
1996	31769
1996	31635
1996	31620
1996	31605
1996	31172
1996	27755
1996	24329
1996	22782
1996	22350
1996	21879
1996	21724
1996	21122
1996	16557
1996	16224
1996	15686
1996	15119
1996	14791
1996	14150
1996	13766
1996	13683
1996	13581
1996	13313
1996	13042
1996	13001
1996	12700
1996	12128
1996	12034
1996	11074
1996	10749
1996	10195
1996	9977
1996	9450
1996	9321
1996	9155
1996	8808
1996	8345
1996	8308
1996	8030
1996	7121
1996	7000
1996	6859
1996	6500
1996	6368
1996	5848
1996	5245
1996	4985
1996	4620
1996	4485
1996	4475
1996	4207
1996	4167
1996	3512
1996	3399
1996	3283
1996	3252
1996	3236
1996	3091
1996	3052
1996	3002
1996	2554
1996	2493
1996	2448
1996	2368
1996	2002
1996	1670
1996	1569
1996	1463
1996	1288
1996	1230
1996	1034
1996	989
1996	921
1996	621
1996	465
1996	352
1996	350
1996	345
1996	221
1996	153
1996	133
1996	81
1996	42
1995	29695668
1995	8942976
1995	7533490
1995	6721861
1995	5610080
1995	4923857
1995	4371502
1995	4043823
1995	3556633
1995	2801726
1995	2648910
1995	2219874
1995	2043762
1995	1615108
1995	1465408
1995	1405289
1995	1351022
1995	1237428
1995	1174494
1995	1109462
1995	1010598
1995	909056
1995	891108
1995	851023
1995	821598
1995	652606
1995	651233
1995	626209
1995	614773
1995	606316
1995	579658
1995	569883
1995	540697
1995	522031
1995	506496
1995	454483
1995	423084
1995	415419
1995	412127
1995	407115
1995	397689
1995	368300
1995	366101
1995	364156
1995	358540
1995	353394
1995	303985
1995	269979
1995	239573
1995	227320
1995	208993
1995	208983
1995	193953
1995	184829
1995	184339
1995	167439
1995	149719
1995	133000
1995	132343
1995	126331
1995	122781
1995	114965
1995	112466
1995	107870
1995	106241
1995	105884
1995	104472
1995	102126
1995	94188
1995	90000
1995	84315
1995	74627
1995	70575
1995	69105
1995	67864
1995	64895
1995	63198
1995	59082
1995	57845
1995	56147
1995	53890
1995	50350
1995	48388
1995	48130
1995	45915
1995	45000
1995	44379
1995	40464
1995	40250
1995	36445
1995	34500
1995	30944
1995	30163
1995	30158
1995	28300
1995	28117
1995	24096
1995	23752
1995	22608
1995	21190
1995	21151
1995	21148
1995	21121
1995	20272
1995	20080
1995	16674
1995	16613
1995	16571
1995	15590
1995	13960
1995	13808
1995	13001
1995	13000
1995	12627
1995	12221
1995	11989
1995	11928
1995	11639
1995	11515
1995	11409
1995	11061
1995	10607
1995	9966
1995	9772
1995	9081
1995	8829
1995	8706
1995	8495
1995	8000
1995	6380
1995	6328
1995	6308
1995	6178
1995	5539
1995	5517
1995	4822
1995	4385
1995	4356
1995	4203
1995	3891
1995	3842
1995	3717
1995	3651
1995	3581
1995	3567
1995	3559
1995	3379
1995	3322
1995	3103
1995	2956
1995	2749
1995	2110
1995	1941
1995	1719
1995	1610
1995	1505
1995	1501
1995	1492
1995	1229
1995	1206
1995	1024
1995	1005
1995	954
1995	595
1995	449
1995	392
1995	384
1995	350
1995	200
1995	192
1995	158
1995	148
1995	40
1994	25156834
1994	12005099
1994	7796186
1994	7280452
1994	5893745
1994	4777135
1994	3921442
1994	3777359
1994	3438461
1994	2640593
1994	2584605
1994	2231433
1994	1916207
1994	1558775
1994	1361793
1994	1272464
1994	1217928
1994	1171624
1994	1073831
1994	1034280
1994	997271
1994	970006
1994	902747
1994	810825
1994	755790
1994	701081
1994	649248
1994	601907
1994	570151
1994	551941
1994	529431
1994	527878
1994	499972
1994	462532
1994	446251
1994	442336
1994	419332
1994	394224
1994	368203
1994	356556
1994	335937
1994	334000
1994	322325
1994	316753
1994	286958
1994	281232
1994	279013
1994	274005
1994	252609
1994	221609
1994	214304
1994	213308
1994	203921
1994	191340
1994	180951
1994	138665
1994	135791
1994	132413
1994	124976
1994	124097
1994	120652
1994	114326
1994	108600
1994	104044
1994	103200
1994	93695
1994	86747
1994	81783
1994	80000
1994	79070
1994	74587
1994	74095
1994	63805
1994	62950
1994	62464
1994	58804
1994	56847
1994	53746
1994	51036
1994	47594
1994	47130
1994	46577
1994	46476
1994	44200
1994	42785
1994	42651
1994	39923
1994	35100
1994	35000
1994	33590
1994	31043
1994	28717
1994	28635
1994	27625
1994	27572
1994	26814
1994	24435
1994	22781
1994	22610
1994	22418
1994	22055
1994	20931
1994	20349
1994	20100
1994	19939
1994	19045
1994	18287
1994	18206
1994	17654
1994	17265
1994	17003
1994	14883
1994	14466
1994	14050
1994	13755
1994	13202
1994	12976
1994	12685
1994	11721
1994	11604
1994	10313
1994	10041
1994	9718
1994	8326
1994	8256
1994	8246
1994	8000
1994	7752
1994	7721
1994	7720
1994	7641
1994	6000
1994	5970
1994	5500
1994	5318
1994	4623
1994	4517
1994	4172
1994	4159
1994	3840
1994	3491
1994	3488
1994	3460
1994	3260
1994	3167
1994	3133
1994	2818
1994	2716
1994	2706
1994	2603
1994	2556
1994	2533
1994	2495
1994	2425
1994	1920
1994	1559
1994	1501
1994	1260
1994	1230
1994	1145
1994	1107
1994	1105
1994	885
1994	496
1994	400
1994	394
1994	320
1994	294
1994	212
1994	184
1994	125
1994	40
1993	21196104
1993	9009598
1993	7975782
1993	6000702
1993	5906235
1993	4479414
1993	4456973
1993	3657850
1993	3368983
1993	2619687
1993	2579630
1993	2223249
1993	1717785
1993	1654028
1993	1212088
1993	1184886
1993	1138269
1993	1127978
1993	1115204
1993	1001867
1993	982783
1993	936388
1993	894632
1993	791378
1993	790372
1993	676286
1993	625704
1993	621733
1993	566395
1993	558253
1993	556439
1993	532882
1993	478321
1993	454498
1993	414015
1993	398486
1993	383133
1993	374384
1993	373084
1993	365521
1993	356929
1993	347801
1993	343888
1993	330487
1993	322510
1993	308706
1993	298751
1993	255499
1993	246892
1993	236790
1993	219901
1993	191666
1993	189629
1993	183183
1993	173820
1993	147515
1993	145900
1993	142312
1993	126200
1993	120078
1993	118820
1993	115180
1993	108900
1993	102194
1993	99600
1993	97337
1993	89940
1993	87300
1993	83709
1993	82316
1993	75348
1993	70423
1993	68206
1993	66303
1993	65307
1993	64352
1993	60605
1993	59628
1993	59452
1993	50525
1993	46982
1993	44263
1993	42609
1993	40475
1993	40200
1993	39221
1993	36935
1993	34919
1993	31797
1993	31229
1993	31165
1993	30500
1993	27918
1993	27667
1993	26984
1993	26340
1993	23427
1993	23401
1993	23205
1993	22934
1993	21555
1993	21360
1993	21308
1993	20689
1993	19507
1993	19075
1993	18820
1993	18729
1993	18243
1993	17378
1993	17114
1993	17055
1993	16950
1993	14204
1993	13551
1993	13079
1993	11645
1993	10868
1993	10275
1993	10077
1993	10011
1993	9503
1993	9189
1993	9002
1993	8466
1993	8212
1993	8152
1993	7778
1993	7000
1993	6995
1993	6167
1993	5350
1993	5278
1993	5150
1993	4203
1993	4130
1993	4100
1993	4074
1993	3560
1993	3553
1993	3214
1993	3002
1993	2957
1993	2905
1993	2889
1993	2833
1993	2773
1993	2715
1993	2610
1993	2200
1993	2199
1993	2172
1993	1972
1993	1945
1993	1764
1993	1501
1993	1488
1993	1341
1993	1235
1993	1205
1993	1097
1993	797
1993	600
1993	475
1993	455
1993	404
1993	350
1993	300
1993	250
1993	165
1993	110
1993	40
1992	17887058
1992	8397971
1992	7507603
1992	6467430
1992	5573310
1992	5516808
1992	4239546
1992	3417358
1992	3142946
1992	2677925
1992	2561924
1992	2268209
1992	1997091
1992	1577206
1992	1332412
1992	1246524
1992	1180757
1992	1089366
1992	1036006
1992	935424
1992	876912
1992	834366
1992	757498
1992	744217
1992	696597
1992	670206
1992	655132
1992	559634
1992	552958
1992	551678
1992	522763
1992	511975
1992	511453
1992	487076
1992	455246
1992	423855
1992	420500
1992	370916
1992	346064
1992	343358
1992	333053
1992	331050
1992	327512
1992	318415
1992	314664
1992	313544
1992	302884
1992	276244
1992	264977
1992	249047
1992	209311
1992	192366
1992	176069
1992	172904
1992	169662
1992	165157
1992	163069
1992	157378
1992	129689
1992	125758
1992	113625
1992	111307
1992	111150
1992	104726
1992	95413
1992	95379
1992	95046
1992	87356
1992	87345
1992	82035
1992	80000
1992	79845
1992	72032
1992	71564
1992	69484
1992	68530
1992	68507
1992	68503
1992	66054
1992	55005
1992	48290
1992	44893
1992	44752
1992	41337
1992	40183
1992	39145
1992	37966
1992	35200
1992	33727
1992	33530
1992	32488
1992	32148
1992	32029
1992	31580
1992	30000
1992	28900
1992	28485
1992	28252
1992	28097
1992	24206
1992	24123
1992	24005
1992	22908
1992	22340
1992	22193
1992	21733
1992	18961
1992	18211
1992	18045
1992	18000
1992	17671
1992	16540
1992	13655
1992	13338
1992	13003
1992	12615
1992	11825
1992	10933
1992	10899
1992	9922
1992	9850
1992	9654
1992	9491
1992	8888
1992	7871
1992	7813
1992	7505
1992	6743
1992	6713
1992	6563
1992	5334
1992	5200
1992	5171
1992	5000
1992	4773
1992	4607
1992	4450
1992	3945
1992	3697
1992	3619
1992	3574
1992	3496
1992	3345
1992	3093
1992	2940
1992	2715
1992	2464
1992	2436
1992	2309
1992	2157
1992	2103
1992	2023
1992	1850
1992	1712
1992	1709
1992	1501
1992	1209
1992	1155
1992	1079
1992	1074
1992	843
1992	800
1992	717
1992	432
1992	402
1992	300
1992	275
1992	120
1992	100
1992	33
1991	15690980
1991	9400643
1991	9198630
1991	6904944
1991	5980507
1991	5456596
1991	4049994
1991	3216266
1991	2916604
1991	2488353
1991	2308342
1991	2172815
1991	1793244
1991	1509749
1991	1394142
1991	1289663
1991	1050268
1991	996164
1991	966143
1991	900402
1991	858672
1991	824439
1991	735494
1991	671413
1991	640537
1991	596550
1991	574159
1991	515538
1991	501143
1991	458814
1991	458127
1991	437640
1991	429800
1991	424571
1991	363463
1991	362948
1991	345916
1991	339943
1991	331072
1991	326327
1991	324782
1991	310593
1991	275729
1991	267705
1991	260917
1991	245001
1991	238073
1991	215286
1991	214633
1991	206201
1991	198824
1991	170441
1991	167400
1991	151156
1991	147440
1991	143714
1991	125003
1991	117800
1991	117104
1991	113324
1991	97275
1991	92336
1991	86506
1991	85935
1991	83108
1991	80308
1991	79840
1991	69392
1991	68945
1991	68780
1991	67637
1991	65761
1991	63729
1991	61041
1991	60000
1991	57854
1991	49501
1991	45577
1991	44087
1991	42442
1991	40806
1991	40737
1991	35811
1991	35083
1991	33303
1991	29346
1991	29000
1991	27916
1991	27399
1991	26346
1991	26098
1991	25238
1991	24985
1991	22879
1991	22159
1991	22003
1991	21044
1991	20675
1991	18662
1991	18390
1991	18018
1991	17448
1991	15595
1991	13605
1991	13050
1991	12634
1991	12524
1991	11504
1991	11327
1991	9619
1991	9197
1991	8156
1991	8152
1991	7721
1991	7368
1991	7358
1991	7344
1991	7005
1991	5783
1991	5367
1991	5200
1991	5000
1991	4829
1991	4262
1991	3871
1991	3785
1991	3687
1991	3635
1991	3561
1991	3145
1991	3048
1991	2679
1991	2506
1991	2281
1991	2058
1991	2034
1991	1800
1991	1652
1991	1595
1991	1498
1991	1120
1991	1000
1991	990
1991	973
1991	552
1991	453
1991	428
1991	390
1991	252
1991	105
1991	100
1991	25
1990	14774330
1990	10382889
1990	10257738
1990	6873991
1990	5841298
1990	5175585
1990	3799553
1990	3016710
1990	2801309
1990	2775953
1990	2204872
1990	1753537
1990	1681449
1990	1517646
1990	1508141
1990	1377189
1990	1321320
1990	985969
1990	938867
1990	874968
1990	845414
1990	817620
1990	743818
1990	640228
1990	569354
1990	558666
1990	538176
1990	529200
1990	518608
1990	507237
1990	479077
1990	474692
1990	413732
1990	396232
1990	390739
1990	383873
1990	375839
1990	366631
1990	336148
1990	329644
1990	316328
1990	312819
1990	310820
1990	268893
1990	262452
1990	260106
1990	245275
1990	242295
1990	220842
1990	202048
1990	187117
1990	186906
1990	160383
1990	141881
1990	133138
1990	133088
1990	127734
1990	127688
1990	111400
1990	103040
1990	95129
1990	95100
1990	90832
1990	90599
1990	89167
1990	77987
1990	77247
1990	74100
1990	70848
1990	70548
1990	70000
1990	66328
1990	66000
1990	65767
1990	57103
1990	56556
1990	48210
1990	44001
1990	42618
1990	42135
1990	41655
1990	40743
1990	38234
1990	36922
1990	36434
1990	33834
1990	31734
1990	31102
1990	28000
1990	26630
1990	25764
1990	25076
1990	24796
1990	23567
1990	21662
1990	20002
1990	19769
1990	18933
1990	17425
1990	17054
1990	15800
1990	15469
1990	15015
1990	14546
1990	14176
1990	13105
1990	12551
1990	12364
1990	12234
1990	9159
1990	8966
1990	7798
1990	7535
1990	7424
1990	7006
1990	6569
1990	6500
1990	6463
1990	5775
1990	5442
1990	5400
1990	5150
1990	4981
1990	4454
1990	4228
1990	4090
1990	4085
1990	3840
1990	3659
1990	3354
1990	3162
1990	3018
1990	2709
1990	2514
1990	2354
1990	2132
1990	1907
1990	1505
1990	1500
1990	1300
1990	1220
1990	931
1990	885
1990	790
1990	623
1990	463
1990	458
1990	412
1990	360
1990	124
1990	110
1990	30
1989	13778095
1989	11305249
1989	11057877
1989	6853858
1989	6425273
1989	5747225
1989	3640674
1989	2904575
1989	2794661
1989	2688191
1989	2095401
1989	1929294
1989	1910030
1989	1636004
1989	1522097
1989	1502394
1989	1462417
1989	953219
1989	914969
1989	895182
1989	878398
1989	858330
1989	837259
1989	816300
1989	798591
1989	733763
1989	682783
1989	565391
1989	544994
1989	530226
1989	520502
1989	492484
1989	453666
1989	446271
1989	412656
1989	376773
1989	362005
1989	336592
1989	333156
1989	327972
1989	300449
1989	293504
1989	287077
1989	260187
1989	257697
1989	224810
1989	219176
1989	212247
1989	207577
1989	190923
1989	185238
1989	184075
1989	169086
1989	146501
1989	137465
1989	136518
1989	121716
1989	102966
1989	99552
1989	99171
1989	97729
1989	97521
1989	95591
1989	91162
1989	82088
1989	76000
1989	71992
1989	71851
1989	71838
1989	70835
1989	70771
1989	69967
1989	68106
1989	64400
1989	52117
1989	49505
1989	48390
1989	45840
1989	41860
1989	41001
1989	40368
1989	35517
1989	35339
1989	31080
1989	30300
1989	29207
1989	28000
1989	27793
1989	26980
1989	26468
1989	25232
1989	24055
1989	22050
1989	21877
1989	21225
1989	20502
1989	19842
1989	17390
1989	17067
1989	16980
1989	16458
1989	16160
1989	14805
1989	13082
1989	12522
1989	11961
1989	11734
1989	11468
1989	11051
1989	10787
1989	10637
1989	8601
1989	8141
1989	8006
1989	7653
1989	6188
1989	6024
1989	5820
1989	5500
1989	5400
1989	5095
1989	5000
1989	4741
1989	4656
1989	4483
1989	4409
1989	4327
1989	4269
1989	3559
1989	3233
1989	2807
1989	2626
1989	2574
1989	2530
1989	2318
1989	2312
1989	1800
1989	1777
1989	1600
1989	1516
1989	1220
1989	1000
1989	934
1989	794
1989	774
1989	713
1989	500
1989	407
1989	399
1989	254
1989	110
1989	30
1988	12935132
1988	11873471
1988	11327312
1988	6641812
1988	5925354
1988	5183135
1988	3125949
1988	2756094
1988	2698963
1988	2632868
1988	2007351
1988	1974414
1988	1838174
1988	1757676
1988	1683300
1988	1591202
1988	1357881
1988	1302457
1988	946005
1988	893475
1988	883123
1988	876021
1988	846161
1988	830066
1988	827769
1988	779000
1988	704547
1988	672179
1988	653977
1988	568950
1988	551862
1988	493629
1988	476407
1988	445482
1988	393112
1988	392435
1988	362477
1988	348308
1988	296514
1988	285217
1988	284314
1988	279514
1988	267618
1988	260914
1988	260287
1988	250963
1988	235005
1988	230095
1988	214609
1988	214325
1988	208974
1988	179609
1988	138259
1988	126031
1988	123656
1988	122211
1988	118018
1988	107346
1988	106738
1988	103156
1988	100734
1988	89927
1988	89506
1988	89506
1988	86800
1988	78817
1988	77666
1988	73914
1988	72064
1988	70966
1988	70930
1988	61977
1988	58000
1988	55875
1988	52193
1988	50698
1988	46063
1988	42241
1988	41977
1988	38294
1988	38001
1988	37346
1988	36523
1988	35453
1988	33395
1988	29245
1988	28248
1988	28000
1988	26393
1988	25637
1988	25620
1988	23222
1988	22222
1988	22093
1988	21682
1988	19951
1988	17190
1988	16969
1988	16055
1988	15469
1988	14652
1988	14559
1988	13852
1988	13079
1988	12898
1988	12100
1988	11733
1988	11701
1988	10796
1988	10054
1988	9211
1988	8928
1988	7907
1988	7237
1988	6374
1988	5700
1988	5533
1988	5500
1988	5100
1988	4728
1988	4690
1988	4647
1988	4427
1988	4333
1988	4227
1988	4067
1988	3725
1988	3684
1988	3369
1988	2860
1988	2564
1988	2500
1988	2499
1988	2374
1988	2151
1988	2084
1988	2042
1988	1900
1988	1800
1988	1500
1988	1328
1988	1220
1988	893
1988	800
1988	782
1988	773
1988	500
1988	454
1988	372
1988	281
1988	110
1988	30
1987	11722088
1987	11643572
1987	11153587
1987	5971050
1987	4785664
1987	4587281
1987	2921885
1987	2842281
1987	2741452
1987	2564084
1987	1985265
1987	1948496
1987	1707816
1987	1632707
1987	1586776
1987	1530298
1987	1427451
1987	1413122
1987	997548
1987	954156
1987	947973
1987	879700
1987	867100
1987	856608
1987	802967
1987	685864
1987	680134
1987	672120
1987	627991
1987	552881
1987	511773
1987	494122
1987	459085
1987	427736
1987	399721
1987	391361
1987	382200
1987	342118
1987	299268
1987	264342
1987	260808
1987	255076
1987	253526
1987	250808
1987	231102
1987	215453
1987	214412
1987	213654
1987	206280
1987	200038
1987	197410
1987	170794
1987	165386
1987	137805
1987	134730
1987	131187
1987	111652
1987	107490
1987	101682
1987	99457
1987	94366
1987	92227
1987	88596
1987	88397
1987	86065
1987	85252
1987	82074
1987	81586
1987	72829
1987	70773
1987	70000
1987	64984
1987	58403
1987	55713
1987	52124
1987	47888
1987	42669
1987	41903
1987	40831
1987	39605
1987	37852
1987	36785
1987	36759
1987	36090
1987	35002
1987	32437
1987	28558
1987	28000
1987	27243
1987	26034
1987	25253
1987	24601
1987	22188
1987	21534
1987	20404
1987	19999
1987	19184
1987	18734
1987	18614
1987	17351
1987	17090
1987	15189
1987	14642
1987	13134
1987	13088
1987	12034
1987	11170
1987	10716
1987	10022
1987	7826
1987	7714
1987	7704
1987	7309
1987	7091
1987	5750
1987	5381
1987	5250
1987	5187
1987	5031
1987	4600
1987	4523
1987	4271
1987	4100
1987	4000
1987	3916
1987	3890
1987	3598
1987	3077
1987	3076
1987	2798
1987	2616
1987	2593
1987	2310
1987	2283
1987	2206
1987	2059
1987	2000
1987	1900
1987	1900
1987	1694
1987	1130
1987	1049
1987	924
1987	821
1987	703
1987	651
1987	500
1987	426
1987	383
1987	322
1987	100
1987	26
1986	11852882
1986	11253627
1986	10004009
1986	5616317
1986	5541724
1986	5180840
1986	3066559
1986	2936254
1986	2463563
1986	2440045
1986	1914279
1986	1913121
1986	1849758
1986	1658551
1986	1517701
1986	1496371
1986	1302157
1986	1003556
1986	957525
1986	884704
1986	857716
1986	828622
1986	821404
1986	810493
1986	805761
1986	790263
1986	686523
1986	645085
1986	595558
1986	580114
1986	561199
1986	502877
1986	420843
1986	415732
1986	415388
1986	407229
1986	320177
1986	309520
1986	285044
1986	271573
1986	271089
1986	255693
1986	243198
1986	231170
1986	229128
1986	218107
1986	215309
1986	197635
1986	191166
1986	180368
1986	171937
1986	154195
1986	147671
1986	140753
1986	124811
1986	119835
1986	109452
1986	103648
1986	92943
1986	84660
1986	84215
1986	83643
1986	79328
1986	77732
1986	76614
1986	73651
1986	72989
1986	72858
1986	72104
1986	65511
1986	61012
1986	60000
1986	59955
1986	56924
1986	55658
1986	52227
1986	45526
1986	42443
1986	39996
1986	38753
1986	37395
1986	36062
1986	33002
1986	32083
1986	27489
1986	26000
1986	25534
1986	25316
1986	25146
1986	23983
1986	22869
1986	20599
1986	20446
1986	20226
1986	18952
1986	17937
1986	17231
1986	16765
1986	16059
1986	14923
1986	14838
1986	13262
1986	13193
1986	13000
1986	12899
1986	11922
1986	11861
1986	11275
1986	9443
1986	7633
1986	7630
1986	7309
1986	6000
1986	5913
1986	5299
1986	5250
1986	4700
1986	4657
1986	4532
1986	4347
1986	4106
1986	4100
1986	4100
1986	3871
1986	3700
1986	3651
1986	3186
1986	2833
1986	2696
1986	2647
1986	2597
1986	2501
1986	2400
1986	2345
1986	2269
1986	1875
1986	1861
1986	1700
1986	1546
1986	1500
1986	1168
1986	1060
1986	901
1986	840
1986	820
1986	644
1986	599
1986	412
1986	409
1986	267
1986	100
1986	25
1985	11318574
1985	10522317
1985	8498770
1985	4951086
1985	4769996
1985	4138177
1985	2837522
1985	2616079
1985	2322575
1985	2195853
1985	2118917
1985	1862789
1985	1796989
1985	1680405
1985	1485020
1985	1455368
1985	1207560
1985	1087552
1985	967489
1985	898650
1985	849965
1985	808010
1985	786328
1985	776912
1985	764524
1985	763900
1985	678297
1985	648804
1985	583697
1985	579050
1985	554911
1985	473311
1985	426457
1985	408404
1985	406817
1985	320011
1985	300281
1985	293040
1985	276573
1985	265578
1985	246026
1985	245353
1985	239718
1985	237610
1985	230514
1985	218334
1985	215948
1985	214103
1985	190692
1985	187475
1985	160987
1985	160833
1985	138413
1985	120541
1985	114925
1985	106044
1985	101877
1985	100223
1985	100093
1985	91247
1985	75187
1985	74099
1985	73827
1985	72267
1985	71696
1985	70578
1985	69111
1985	68363
1985	66277
1985	66141
1985	62076
1985	62072
1985	55000
1985	54184
1985	52430
1985	45555
1985	43696
1985	42822
1985	37606
1985	36927
1985	36806
1985	36371
1985	30003
1985	29939
1985	27103
1985	26320
1985	26000
1985	25283
1985	23813
1985	21047
1985	20955
1985	20329
1985	17400
1985	17101
1985	16098
1985	15895
1985	15574
1985	13700
1985	13288
1985	12229
1985	11486
1985	11399
1985	11371
1985	10731
1985	10712
1985	10190
1985	10118
1985	9693
1985	9076
1985	8037
1985	7619
1985	7500
1985	7433
1985	6400
1985	5887
1985	5560
1985	5200
1985	4800
1985	4564
1985	4191
1985	4170
1985	4141
1985	4108
1985	4000
1985	3988
1985	3967
1985	3820
1985	3743
1985	3641
1985	3166
1985	2584
1985	2437
1985	2427
1985	2407
1985	2398
1985	2000
1985	1722
1985	1700
1985	1500
1985	1442
1985	1052
1985	1030
1985	995
1985	945
1985	670
1985	640
1985	483
1985	380
1985	374
1985	197
1985	90
1985	23
1984	11907507
1984	10592193
1984	7517735
1984	5000158
1984	4480222
1984	3320044
1984	2871685
1984	2465410
1984	2448832
1984	2238696
1984	2127910
1984	1933831
1984	1851382
1984	1534951
1984	1437281
1984	1288052
1984	1097969
1984	960492
1984	883399
1984	845948
1984	798019
1984	786705
1984	776308
1984	775680
1984	747685
1984	735497
1984	720369
1984	613691
1984	578223
1984	567197
1984	553756
1984	496061
1984	467635
1984	373157
1984	315170
1984	304974
1984	277219
1984	274618
1984	270013
1984	263933
1984	260239
1984	247405
1984	232416
1984	218485
1984	212331
1984	210036
1984	198545
1984	190080
1984	170380
1984	165488
1984	163837
1984	134859
1984	132969
1984	117832
1984	115567
1984	108508
1984	95188
1984	90996
1984	79289
1984	76694
1984	75581
1984	73700
1984	73546
1984	72723
1984	67283
1984	65895
1984	65595
1984	65068
1984	64424
1984	64251
1984	57676
1984	56081
1984	54711
1984	51674
1984	50000
1984	48679
1984	48181
1984	39177
1984	38490
1984	37256
1984	35336
1984	35290
1984	32854
1984	29790
1984	28003
1984	26000
1984	24939
1984	24444
1984	23188
1984	21002
1984	17581
1984	16449
1984	16415
1984	14657
1984	14587
1984	13863
1984	13309
1984	12900
1984	12189
1984	11974
1984	11882
1984	11363
1984	10730
1984	10388
1984	9965
1984	9639
1984	8381
1984	8006
1984	7374
1984	6900
1984	5772
1984	5414
1984	5304
1984	5000
1984	5000
1984	4860
1984	4700
1984	4444
1984	4356
1984	4300
1984	4113
1984	4105
1984	4102
1984	3764
1984	3720
1984	3684
1984	3425
1984	3024
1984	3000
1984	2920
1984	2889
1984	2751
1984	2672
1984	2265
1984	1552
1984	1500
1984	1500
1984	1465
1984	1340
1984	1226
1984	1115
1984	946
1984	825
1984	700
1984	538
1984	480
1984	409
1984	370
1984	132
1984	90
1984	13
1983	11145593
1983	9815819
1983	6729938
1983	4406848
1983	3962928
1983	2835777
1983	2506727
1983	2378402
1983	2155745
1983	2080278
1983	1996608
1983	1870772
1983	1570390
1983	1404066
1983	1350989
1983	1057763
1983	935864
1983	881242
1983	852042
1983	839351
1983	828275
1983	777086
1983	761155
1983	757138
1983	740833
1983	724000
1983	587550
1983	561971
1983	559257
1983	544751
1983	541058
1983	454003
1983	416508
1983	372429
1983	343402
1983	272312
1983	263617
1983	261717
1983	251856
1983	250863
1983	242588
1983	239164
1983	230895
1983	216148
1983	207587
1983	204118
1983	197036
1983	184674
1983	172000
1983	168578
1983	167304
1983	157300
1983	143416
1983	121126
1983	111945
1983	110376
1983	102075
1983	98151
1983	81600
1983	79858
1983	79848
1983	77397
1983	72716
1983	68970
1983	68161
1983	67006
1983	65002
1983	63478
1983	61289
1983	57885
1983	57639
1983	54377
1983	50090
1983	48835
1983	44110
1983	44094
1983	44037
1983	41016
1983	40000
1983	35380
1983	35300
1983	35255
1983	34628
1983	29500
1983	26000
1983	26000
1983	23710
1983	23206
1983	20673
1983	20486
1983	19449
1983	15286
1983	14556
1983	13613
1983	13128
1983	12704
1983	12100
1983	11863
1983	11653
1983	11462
1983	11366
1983	11099
1983	10122
1983	9815
1983	9458
1983	8961
1983	8722
1983	7603
1983	7214
1983	6522
1983	6500
1983	5183
1983	4800
1983	4700
1983	4700
1983	4565
1983	4541
1983	4410
1983	4105
1983	4012
1983	3900
1983	3886
1983	3820
1983	3592
1983	3540
1983	3500
1983	3251
1983	3055
1983	2671
1983	2641
1983	2470
1983	2388
1983	2291
1983	1988
1983	1500
1983	1478
1983	1250
1983	1248
1983	1233
1983	1177
1983	1063
1983	999
1983	927
1983	910
1983	800
1983	480
1983	409
1983	347
1983	80
1983	32
1983	20
1982	10748745
1982	9990305
1982	6271617
1982	4125934
1982	3658223
1982	3514917
1982	2500479
1982	2367049
1982	2262094
1982	2019065
1982	1962572
1982	1931373
1982	1786512
1982	1460966
1982	1405448
1982	1396441
1982	1074785
1982	912246
1982	831807
1982	823219
1982	804148
1982	788739
1982	722505
1982	686000
1982	661208
1982	609281
1982	607927
1982	584410
1982	551637
1982	544853
1982	534043
1982	505197
1982	475163
1982	363832
1982	337289
1982	269715
1982	255840
1982	255786
1982	244492
1982	235578
1982	229366
1982	227742
1982	215556
1982	212839
1982	211206
1982	193283
1982	175537
1982	173188
1982	170035
1982	169589
1982	155725
1982	119915
1982	118988
1982	115618
1982	111488
1982	106710
1982	106080
1982	83101
1982	81572
1982	73753
1982	73451
1982	71442
1982	69755
1982	68715
1982	66711
1982	64970
1982	64500
1982	59419
1982	58429
1982	56288
1982	55881
1982	55439
1982	51938
1982	48044
1982	42152
1982	38180
1982	37838
1982	37521
1982	32794
1982	31820
1982	30835
1982	30796
1982	30000
1982	29710
1982	26307
1982	24585
1982	24000
1982	24000
1982	20605
1982	19084
1982	17515
1982	14706
1982	14530
1982	13588
1982	13112
1982	13111
1982	12916
1982	12453
1982	12449
1982	12131
1982	11650
1982	11197
1982	9810
1982	9511
1982	9212
1982	8200
1982	8045
1982	7000
1982	6840
1982	6628
1982	6000
1982	5000
1982	4657
1982	4600
1982	4574
1982	4500
1982	4400
1982	4293
1982	4105
1982	4063
1982	4020
1982	3993
1982	3977
1982	3750
1982	3480
1982	3400
1982	3369
1982	2890
1982	2715
1982	2688
1982	2671
1982	2357
1982	2348
1982	2288
1982	1930
1982	1591
1982	1545
1982	1520
1982	1400
1982	1322
1982	1240
1982	1216
1982	980
1982	950
1982	921
1982	500
1982	426
1982	184
1982	80
1982	34
1982	19
1981	10652514
1981	9563987
1981	5677290
1981	3880319
1981	3375714
1981	2718346
1981	2551975
1981	2443974
1981	2347631
1981	1960839
1981	1888176
1981	1859281
1981	1683839
1981	1606200
1981	1441806
1981	1418655
1981	1391693
1981	1059475
1981	882989
1981	863493
1981	832791
1981	811469
1981	806432
1981	650000
1981	623088
1981	596866
1981	594540
1981	585026
1981	538834
1981	511023
1981	479765
1981	471652
1981	390604
1981	361651
1981	317849
1981	263915
1981	260132
1981	257325
1981	240816
1981	230647
1981	225477
1981	207166
1981	191936
1981	191138
1981	181446
1981	170188
1981	166590
1981	164496
1981	163371
1981	147163
1981	146919
1981	143837
1981	141708
1981	130957
1981	106673
1981	103488
1981	94731
1981	79818
1981	75585
1981	75564
1981	71789
1981	71098
1981	67760
1981	59154
1981	58779
1981	57769
1981	56000
1981	55779
1981	55217
1981	55000
1981	51594
1981	51401
1981	49862
1981	49426
1981	40916
1981	40630
1981	39598
1981	39319
1981	37768
1981	35305
1981	32798
1981	29665
1981	28570
1981	28530
1981	27677
1981	24000
1981	23317
1981	22000
1981	20770
1981	20146
1981	17671
1981	16432
1981	15982
1981	14730
1981	14068
1981	13130
1981	13094
1981	13004
1981	11880
1981	11817
1981	11690
1981	10850
1981	10325
1981	9376
1981	8208
1981	8050
1981	7500
1981	7157
1981	6311
1981	5944
1981	5617
1981	5500
1981	5169
1981	4400
1981	4400
1981	4346
1981	4273
1981	3868
1981	3838
1981	3828
1981	3804
1981	3714
1981	3676
1981	3643
1981	3411
1981	3354
1981	3350
1981	3095
1981	2715
1981	2691
1981	2367
1981	2252
1981	2158
1981	2024
1981	1900
1981	1570
1981	1514
1981	1462
1981	1450
1981	1157
1981	982
1981	942
1981	897
1981	891
1981	785
1981	500
1981	385
1981	262
1981	70
1981	35
1981	15
1980	10402337
1980	9513742
1980	5570377
1980	3706409
1980	2800198
1980	2709504
1980	2442242
1980	2408960
1980	2074931
1980	2031770
1980	1825475
1980	1795840
1980	1574636
1980	1514917
1980	1368984
1980	1349001
1980	1247035
1980	862037
1980	854795
1980	847835
1980	809359
1980	808517
1980	739700
1980	646000
1980	640419
1980	639175
1980	580010
1980	562566
1980	558660
1980	502285
1980	428211
1980	385362
1980	340509
1980	330296
1980	279311
1980	271178
1980	261293
1980	233516
1980	232751
1980	231855
1980	227823
1980	216231
1980	188205
1980	186713
1980	185194
1980	173537
1980	172628
1980	165840
1980	157357
1980	149922
1980	140396
1980	132695
1980	125187
1980	120399
1980	107583
1980	88228
1980	85085
1980	81085
1980	78444
1980	76224
1980	70067
1980	65764
1980	64600
1980	62518
1980	60000
1980	58461
1980	55134
1980	52879
1980	51015
1980	48990
1980	48000
1980	47803
1980	45705
1980	38624
1980	37832
1980	33941
1980	33850
1980	33733
1980	31965
1980	31530
1980	27982
1980	26060
1980	24775
1980	24000
1980	21598
1980	20266
1980	20000
1980	19800
1980	19706
1980	16810
1980	16395
1980	14767
1980	13958
1980	13288
1980	13265
1980	13080
1980	12752
1980	11791
1980	11217
1980	10491
1980	10250
1980	9250
1980	9134
1980	9000
1980	8892
1980	8837
1980	6996
1980	6500
1980	6412
1980	6364
1980	5000
1980	4997
1980	4624
1980	4461
1980	4379
1980	4300
1980	4166
1980	4110
1980	4105
1980	3971
1980	3735
1980	3689
1980	3654
1980	3507
1980	3507
1980	3500
1980	3300
1980	2960
1980	2937
1980	2747
1980	2225
1980	2066
1980	1990
1980	1935
1980	1847
1980	1740
1980	1445
1980	1415
1980	1339
1980	1250
1980	1223
1980	1171
1980	1078
1980	969
1980	727
1980	500
1980	346
1980	251
1980	70
1980	56
1980	23
1979	9915598
1979	9051105
1979	5347465
1979	3652694
1979	3551670
1979	2658418
1979	2615138
1979	2339528
1979	2147974
1979	1894856
1979	1739552
1979	1722499
1979	1645285
1979	1498276
1979	1416237
1979	1353303
1979	996808
1979	972526
1979	918740
1979	909127
1979	783533
1979	783199
1979	699412
1979	645000
1979	603606
1979	600000
1979	599281
1979	590774
1979	565436
1979	564070
1979	480031
1979	350899
1979	323773
1979	300456
1979	285319
1979	268753
1979	244235
1979	237252
1979	225187
1979	198202
1979	180593
1979	179930
1979	179020
1979	168387
1979	167822
1979	166031
1979	152001
1979	137479
1979	133672
1979	128133
1979	120021
1979	113072
1979	108133
1979	105105
1979	93112
1979	86107
1979	83586
1979	81236
1979	73621
1979	72386
1979	70000
1979	69600
1979	64600
1979	63411
1979	60002
1979	59638
1979	58282
1979	57593
1979	56563
1979	51833
1979	49526
1979	47157
1979	38678
1979	35700
1979	35288
1979	35096
1979	32838
1979	31175
1979	30259
1979	30053
1979	29630
1979	28630
1979	28520
1979	24541
1979	24460
1979	24000
1979	21000
1979	20770
1979	19956
1979	18453
1979	17668
1979	13484
1979	13064
1979	12738
1979	11250
1979	11143
1979	10838
1979	9874
1979	9851
1979	9750
1979	9121
1979	9000
1979	8934
1979	8096
1979	7769
1979	7476
1979	7300
1979	7000
1979	6540
1979	6347
1979	4905
1979	4898
1979	4500
1979	4500
1979	4255
1979	4100
1979	4050
1979	4003
1979	3890
1979	3840
1979	3826
1979	3650
1979	3500
1979	3491
1979	3200
1979	3065
1979	2936
1979	2819
1979	2800
1979	2792
1979	2482
1979	1890
1979	1777
1979	1675
1979	1618
1979	1491
1979	1440
1979	1322
1979	1314
1979	1219
1979	1024
1979	1000
1979	974
1979	850
1979	642
1979	547
1979	537
1979	231
1979	60
1979	36
1979	27
1978	10154497
1978	9051619
1978	5652236
1978	3464973
1978	3443088
1978	2593798
1978	2306139
1978	2078237
1978	2036219
1978	1917538
1978	1747201
1978	1627062
1978	1566772
1978	1542147
1978	1501106
1978	1372842
1978	1031899
1978	1013563
1978	949810
1978	811869
1978	787092
1978	754609
1978	687865
1978	645000
1978	625020
1978	613512
1978	583000
1978	581025
1978	539690
1978	518798
1978	448727
1978	324160
1978	293251
1978	293029
1978	274887
1978	264068
1978	252992
1978	245186
1978	223830
1978	221168
1978	211676
1978	211299
1978	185577
1978	182928
1978	159158
1978	139798
1978	139166
1978	137598
1978	125630
1978	123643
1978	104192
1978	102622
1978	99905
1978	99304
1978	99028
1978	79590
1978	75000
1978	75000
1978	74223
1978	72036
1978	68878
1978	67800
1978	67047
1978	65012
1978	64600
1978	63065
1978	59113
1978	56321
1978	52457
1978	50597
1978	47575
1978	46450
1978	41467
1978	40925
1978	35978
1978	35879
1978	34143
1978	32807
1978	32589
1978	31769
1978	28826
1978	26610
1978	26297
1978	25940
1978	24950
1978	22612
1978	22000
1978	18042
1978	17800
1978	15900
1978	15682
1978	15363
1978	14972
1978	13047
1978	10812
1978	10606
1978	10000
1978	9797
1978	9540
1978	9050
1978	9000
1978	8938
1978	8783
1978	8723
1978	7772
1978	7113
1978	7000
1978	7000
1978	6489
1978	6370
1978	5504
1978	5400
1978	4944
1978	4823
1978	4355
1978	4300
1978	4283
1978	4000
1978	3820
1978	3755
1978	3716
1978	3700
1978	3585
1978	3547
1978	3300
1978	3100
1978	2994
1978	2825
1978	2704
1978	2600
1978	2515
1978	2235
1978	1790
1978	1740
1978	1620
1978	1550
1978	1522
1978	1276
1978	1175
1978	1090
1978	1079
1978	1070
1978	1000
1978	733
1978	698
1978	494
1978	473
1978	230
1978	44
1978	31
1978	24
1977	10095340
1977	9230160
1977	5806341
1977	3407414
1977	3042320
1977	2503596
1977	2311869
1977	2107507
1977	2074924
1977	1804775
1977	1554134
1977	1526336
1977	1472238
1977	1374447
1977	1305232
1977	1237213
1977	999086
1977	966043
1977	787930
1977	731665
1977	663589
1977	655548
1977	643000
1977	622109
1977	618054
1977	588000
1977	528019
1977	518700
1977	424906
1977	421387
1977	379924
1977	313091
1977	307080
1977	272171
1977	271334
1977	268573
1977	262178
1977	260310
1977	239471
1977	219220
1977	216696
1977	182864
1977	180459
1977	165423
1977	154757
1977	150623
1977	138836
1977	137997
1977	129294
1977	120407
1977	117831
1977	108511
1977	104527
1977	93706
1977	84711
1977	80000
1977	78798
1977	75000
1977	73479
1977	70172
1977	68200
1977	67054
1977	66096
1977	64600
1977	63972
1977	60920
1977	60869
1977	55661
1977	55547
1977	53735
1977	48274
1977	45372
1977	43475
1977	42818
1977	37897
1977	36528
1977	34661
1977	31907
1977	31865
1977	29636
1977	26950
1977	24364
1977	23570
1977	22800
1977	22342
1977	22000
1977	19011
1977	18900
1977	18092
1977	15370
1977	14010
1977	13914
1977	13030
1977	10847
1977	10190
1977	10109
1977	10053
1977	9120
1977	8750
1977	8500
1977	7668
1977	7635
1977	7510
1977	7372
1977	6368
1977	6000
1977	6000
1977	5913
1977	5189
1977	5068
1977	4771
1977	4600
1977	4546
1977	4303
1977	4275
1977	4150
1977	4000
1977	3982
1977	3708
1977	3617
1977	3176
1977	3074
1977	3000
1977	3000
1977	2958
1977	2816
1977	2704
1977	2500
1977	2470
1977	2468
1977	2193
1977	2046
1977	1821
1977	1695
1977	1620
1977	1554
1977	1550
1977	1500
1977	1483
1977	1325
1977	1250
1977	1220
1977	1047
1977	918
1977	889
1977	581
1977	265
1977	230
1977	53
1977	31
1977	22
1976	10167867
1976	9989456
1976	5591866
1976	4343310
1976	3364996
1976	3104730
1976	2173926
1976	2104688
1976	1916405
1976	1637952
1976	1599200
1976	1450471
1976	1363625
1976	1351912
1976	1167083
1976	1103641
1976	1027190
1976	986145
1976	807968
1976	751063
1976	744507
1976	660159
1976	641000
1976	632573
1976	610000
1976	519469
1976	501560
1976	490128
1976	469500
1976	345974
1976	284845
1976	283868
1976	282193
1976	266101
1976	260585
1976	246820
1976	232393
1976	217663
1976	205938
1976	205299
1976	190890
1976	185089
1976	167144
1976	153509
1976	152400
1976	150775
1976	135234
1976	127126
1976	119459
1976	110776
1976	107499
1976	102748
1976	94686
1976	84704
1976	81542
1976	75917
1976	75109
1976	75000
1976	75000
1976	74900
1976	72647
1976	71188
1976	70397
1976	65022
1976	64600
1976	59954
1976	58884
1976	55546
1976	54267
1976	49952
1976	44503
1976	41062
1976	37104
1976	35122
1976	34634
1976	33834
1976	33604
1976	31855
1976	31155
1976	27900
1976	26869
1976	25628
1976	24700
1976	23300
1976	22000
1976	20956
1976	20333
1976	18425
1976	14820
1976	14096
1976	12820
1976	12695
1976	10513
1976	10480
1976	10132
1976	10130
1976	9920
1976	9824
1976	8500
1976	7850
1976	7208
1976	7201
1976	7008
1976	6660
1976	6000
1976	5237
1976	4940
1976	4715
1976	4648
1976	4592
1976	4550
1976	4417
1976	4059
1976	4010
1976	4000
1976	3915
1976	3821
1976	3800
1976	3653
1976	3575
1976	3500
1976	3307
1976	2970
1976	2900
1976	2887
1976	2828
1976	2800
1976	2710
1976	2360
1976	2200
1976	1710
1976	1700
1976	1684
1976	1644
1976	1613
1976	1613
1976	1600
1976	1571
1976	1250
1976	1100
1976	1083
1976	1024
1976	1008
1976	871
1976	646
1976	379
1976	300
1976	230
1976	49
1976	27
1975	10025029
1975	9882936
1975	5437952
1975	3415146
1975	2902293
1975	2495421
1975	2265875
1975	1876850
1975	1766216
1975	1598282
1975	1544257
1975	1445889
1975	1368307
1975	1352066
1975	994793
1975	991795
1975	969606
1975	890842
1975	827915
1975	823807
1975	801041
1975	752549
1975	640000
1975	574524
1975	546000
1975	485140
1975	476353
1975	460469
1975	448191
1975	377643
1975	350558
1975	261590
1975	256500
1975	226218
1975	225398
1975	215289
1975	214178
1975	211004
1975	207282
1975	195288
1975	188000
1975	160581
1975	158121
1975	154797
1975	141153
1975	136458
1975	122474
1975	116784
1975	112375
1975	111336
1975	109224
1975	106562
1975	96396
1975	88214
1975	84700
1975	75000
1975	75000
1975	70992
1975	68597
1975	68249
1975	67800
1975	66575
1975	66280
1975	64693
1975	60700
1975	58590
1975	57426
1975	56779
1975	50829
1975	49031
1975	45229
1975	37693
1975	37533
1975	33921
1975	30788
1975	30192
1975	28325
1975	27308
1975	26248
1975	25490
1975	23103
1975	23000
1975	22600
1975	22000
1975	20123
1975	18053
1975	16399
1975	16145
1975	14900
1975	14547
1975	14420
1975	13370
1975	12695
1975	10778
1975	10100
1975	10046
1975	9650
1975	9142
1975	8730
1975	8500
1975	8049
1975	7361
1975	7050
1975	7038
1975	5934
1975	5840
1975	5000
1975	4949
1975	4778
1975	4572
1975	4530
1975	4417
1975	4210
1975	4000
1975	3967
1975	3950
1975	3930
1975	3900
1975	3900
1975	3850
1975	3685
1975	2800
1975	2772
1975	2610
1975	2500
1975	2405
1975	2169
1975	2040
1975	2001
1975	2000
1975	1700
1975	1669
1975	1603
1975	1601
1975	1570
1975	1529
1975	1218
1975	1200
1975	1198
1975	1050
1975	1001
1975	1000
1975	950
1975	843
1975	600
1975	549
1975	300
1975	300
1975	65
1975	23
1974	10089788
1974	9197667
1974	5158761
1974	4125801
1974	2890083
1974	2581963
1974	2255313
1974	1832476
1974	1676787
1974	1591659
1974	1509624
1974	1430487
1974	1373192
1974	1329537
1974	1119558
1974	1075701
1974	978335
1974	944849
1974	897013
1974	835027
1974	822000
1974	715077
1974	679148
1974	572000
1974	552305
1974	527983
1974	466486
1974	433840
1974	430537
1974	399784
1974	395207
1974	325003
1974	285526
1974	276601
1974	257336
1974	219327
1974	217950
1974	205540
1974	189723
1974	176000
1974	174034
1974	167500
1974	162229
1974	145466
1974	135806
1974	129398
1974	129371
1974	118559
1974	111778
1974	104298
1974	98339
1974	93618
1974	89349
1974	88662
1974	84700
1974	75000
1974	75000
1974	70277
1974	69881
1974	69440
1974	69000
1974	68503
1974	67800
1974	66690
1974	62418
1974	55736
1974	54371
1974	51244
1974	46929
1974	46820
1974	43697
1974	42223
1974	39402
1974	37258
1974	35758
1974	30159
1974	28660
1974	28541
1974	28394
1974	23718
1974	23617
1974	23600
1974	22600
1974	20000
1974	19372
1974	16800
1974	16000
1974	15446
1974	15050
1974	12695
1974	12100
1974	12000
1974	11883
1974	11150
1974	10982
1974	10100
1974	10064
1974	9654
1974	9475
1974	8500
1974	8429
1974	7679
1974	6805
1974	6550
1974	6444
1974	5600
1974	5502
1974	5000
1974	4769
1974	4481
1974	4000
1974	3881
1974	3800
1974	3725
1974	3599
1974	3500
1974	3500
1974	3428
1974	3223
1974	3109
1974	3100
1974	2954
1974	2700
1974	2655
1974	2510
1974	2386
1974	2200
1974	2070
1974	1700
1974	1700
1974	1650
1974	1634
1974	1618
1974	1590
1974	1560
1974	1546
1974	1368
1974	1221
1974	1200
1974	1050
1974	1000
1974	900
1974	900
1974	868
1974	600
1974	380
1974	300
1974	283
1974	92
1974	10
1973	10070452
1973	8636574
1973	4804869
1973	2951431
1973	2834770
1973	2295580
1973	1958000
1973	1610259
1973	1588654
1973	1451041
1973	1440061
1973	1364825
1973	1305221
1973	1256741
1973	1129195
1973	1128094
1973	902000
1973	850153
1973	822091
1973	820000
1973	813500
1973	759712
1973	658620
1973	578938
1973	478806
1973	478659
1973	476188
1973	463400
1973	446867
1973	441214
1973	422389
1973	391728
1973	343536
1973	277720
1973	250593
1973	236084
1973	221832
1973	220471
1973	193041
1973	169500
1973	162686
1973	162166
1973	151578
1973	148287
1973	146946
1973	125300
1973	114859
1973	105300
1973	104501
1973	102010
1973	101968
1973	100972
1973	100000
1973	90514
1973	87514
1973	85000
1973	84700
1973	70000
1973	69300
1973	66976
1973	66284
1973	61500
1973	60763
1973	57600
1973	53300
1973	50770
1973	50400
1973	43200
1973	43000
1973	40673
1973	35706
1973	33190
1973	32578
1973	31243
1973	30321
1973	29100
1973	28880
1973	26400
1973	26300
1973	22600
1973	22200
1973	20245
1973	20000
1973	19000
1973	17500
1973	16388
1973	16200
1973	15424
1973	13640
1973	12400
1973	12360
1973	12294
1973	12000
1973	11333
1973	10000
1973	9600
1973	9500
1973	9300
1973	9200
1973	9200
1973	8500
1973	8333
1973	8000
1973	6800
1973	6500
1973	6400
1973	6100
1973	5000
1973	4400
1973	4100
1973	4000
1973	4000
1973	3700
1973	3600
1973	3600
1973	3220
1973	3100
1973	3012
1973	3000
1973	3000
1973	2975
1973	2700
1973	2600
1973	2600
1973	2400
1973	2400
1973	2200
1973	2200
1973	1700
1973	1700
1973	1627
1973	1624
1973	1600
1973	1500
1973	1500
1973	1500
1973	1459
1973	1345
1973	1200
1973	1000
1973	1000
1973	900
1973	800
1973	800
1973	800
1973	300
1973	200
1973	200
1973	100
1972	9717343
1972	7860400
1972	4702114
1972	4678217
1972	3122160
1972	2795510
1972	1672752
1972	1637300
1972	1563339
1972	1442520
1972	1260104
1972	1221450
1972	1202985
1972	1144004
1972	1141455
1972	1074026
1972	818000
1972	790695
1972	784220
1972	777700
1972	761407
1972	726506
1972	619967
1972	606656
1972	544218
1972	470072
1972	453300
1972	446119
1972	437063
1972	419548
1972	360978
1972	347300
1972	281331
1972	266577
1972	246394
1972	218349
1972	217475
1972	217067
1972	175457
1972	166000
1972	157224
1972	153039
1972	152265
1972	137511
1972	117700
1972	111017
1972	110700
1972	106840
1972	93838
1972	93054
1972	92112
1972	89003
1972	87100
1972	84289
1972	80000
1972	79209
1972	75199
1972	70056
1972	70000
1972	70000
1972	60400
1972	59000
1972	58468
1972	54200
1972	51052
1972	49900
1972	49416
1972	43202
1972	43000
1972	36291
1972	34831
1972	32268
1972	31600
1972	30070
1972	28900
1972	28313
1972	28171
1972	24526
1972	23800
1972	22900
1972	22200
1972	20600
1972	20000
1972	19628
1972	17600
1972	16405
1972	16400
1972	16380
1972	14300
1972	12450
1972	10942
1972	10930
1972	10400
1972	10000
1972	9500
1972	9100
1972	8900
1972	8300
1972	8000
1972	8000
1972	7884
1972	7700
1972	7500
1972	6600
1972	6500
1972	5600
1972	5000
1972	4800
1972	4200
1972	4078
1972	4000
1972	4000
1972	3700
1972	3600
1972	3100
1972	3002
1972	3000
1972	3000
1972	2820
1972	2600
1972	2549
1972	2500
1972	2400
1972	2300
1972	2300
1972	2200
1972	2000
1972	1900
1972	1800
1972	1700
1972	1700
1972	1600
1972	1519
1972	1500
1972	1500
1972	1340
1972	1224
1972	1200
1972	1200
1972	1000
1972	900
1972	800
1972	800
1972	700
1972	500
1972	300
1972	300
1972	100
1972	100
1971	10506154
1971	9318599
1971	7298966
1971	4318713
1971	3000216
1971	2906800
1971	1851600
1971	1575332
1971	1502938
1971	1479815
1971	1397701
1971	1276249
1971	1233702
1971	1178550
1971	1116760
1971	1096252
1971	938422
1971	844212
1971	763967
1971	740000
1971	687500
1971	684881
1971	613169
1971	517614
1971	442700
1971	439240
1971	429958
1971	424440
1971	388110
1971	369987
1971	324322
1971	320200
1971	245296
1971	232784
1971	229693
1971	226319
1971	207031
1971	181688
1971	176521
1971	160828
1971	139076
1971	137000
1971	134582
1971	125510
1971	111200
1971	102280
1971	100404
1971	95064
1971	91401
1971	90000
1971	84268
1971	78650
1971	77530
1971	77274
1971	77100
1971	74106
1971	72252
1971	70000
1971	66200
1971	64700
1971	60200
1971	60000
1971	58925
1971	51700
1971	49616
1971	46800
1971	43404
1971	43000
1971	37700
1971	35176
1971	32339
1971	31150
1971	28420
1971	26400
1971	25810
1971	25800
1971	24353
1971	23715
1971	22900
1971	22300
1971	22200
1971	20000
1971	18700
1971	16900
1971	16010
1971	15500
1971	14825
1971	14400
1971	13011
1971	10921
1971	10700
1971	10460
1971	10000
1971	9300
1971	9240
1971	8900
1971	8300
1971	8200
1971	8000
1971	8000
1971	7739
1971	6500
1971	6500
1971	5700
1971	5700
1971	5600
1971	5400
1971	5200
1971	5000
1971	4600
1971	4153
1971	4100
1971	4000
1971	3600
1971	3300
1971	3000
1971	3000
1971	2900
1971	2800
1971	2500
1971	2380
1971	2300
1971	2300
1971	2200
1971	2200
1971	2200
1971	2100
1971	2100
1971	2000
1971	1800
1971	1519
1971	1500
1971	1500
1971	1400
1971	1300
1971	1255
1971	1224
1971	1100
1971	1000
1971	900
1971	900
1971	900
1971	900
1971	600
1971	500
1971	300
1971	300
1971	300
1971	200
1970	12483240
1970	8769143
1970	7208628
1970	3955778
1970	2908497
1970	2841654
1970	1756100
1970	1552166
1970	1426837
1970	1341589
1970	1224700
1970	1218950
1970	1217800
1970	1192915
1970	1099403
1970	1093367
1970	937398
1970	774140
1970	743880
1970	733800
1970	690000
1970	617400
1970	572740
1970	469461
1970	462828
1970	432400
1970	415749
1970	386845
1970	374501
1970	342596
1970	341095
1970	300000
1970	286042
1970	249705
1970	191219
1970	186419
1970	174182
1970	173969
1970	171611
1970	155899
1970	129000
1970	126740
1970	121065
1970	110000
1970	103100
1970	100121
1970	93501
1970	92155
1970	91020
1970	86069
1970	81699
1970	78901
1970	76758
1970	70000
1970	68800
1970	64302
1970	62409
1970	59603
1970	58790
1970	54500
1970	53000
1970	52200
1970	52100
1970	49570
1970	49200
1970	47000
1970	46378
1970	43110
1970	40000
1970	37273
1970	33840
1970	31050
1970	28216
1970	27400
1970	26051
1970	26000
1970	24234
1970	22660
1970	22200
1970	21700
1970	20100
1970	20000
1970	17400
1970	16800
1970	14399
1970	13995
1970	13300
1970	13200
1970	11100
1970	10000
1970	9680
1970	9111
1970	8800
1970	8500
1970	8100
1970	8000
1970	8000
1970	8000
1970	7447
1970	7200
1970	7000
1970	6500
1970	6000
1970	5500
1970	5400
1970	5200
1970	5181
1970	5000
1970	5000
1970	4700
1970	4000
1970	3600
1970	3600
1970	3400
1970	3200
1970	3000
1970	2500
1970	2400
1970	2400
1970	2300
1970	2300
1970	2300
1970	2100
1970	2100
1970	2000
1970	1900
1970	1800
1970	1700
1970	1500
1970	1500
1970	1500
1970	1419
1970	1363
1970	1300
1970	1212
1970	1100
1970	1000
1970	900
1970	900
1970	900
1970	900
1970	800
1970	800
1970	600
1970	500
1970	500
1970	300
1970	300
1970	100
1969	9146515
1969	8134017
1969	6502534
1969	3940315
1969	2429806
1969	2418690
1969	1858600
1969	1605000
1969	1431980
1969	1351264
1969	1285054
1969	1274801
1969	1209100
1969	1069668
1969	1069021
1969	969414
1969	958302
1969	769994
1969	765150
1969	763221
1969	689209
1969	651650
1969	492003
1969	460362
1969	447730
1969	425200
1969	414520
1969	407847
1969	371127
1969	349602
1969	322300
1969	317900
1969	269902
1969	225719
1969	180715
1969	173324
1969	169965
1969	150200
1969	134115
1969	131000
1969	125300
1969	118981
1969	115850
1969	108000
1969	98936
1969	95050
1969	91500
1969	87300
1969	83273
1969	80000
1969	77319
1969	68100
1969	67400
1969	66500
1969	65000
1969	64900
1969	58700
1969	57600
1969	52000
1969	50043
1969	46300
1969	45797
1969	44330
1969	44000
1969	43000
1969	40000
1969	38200
1969	36700
1969	36600
1969	32300
1969	32093
1969	29700
1969	27800
1969	27000
1969	25500
1969	24000
1969	23280
1969	23150
1969	22000
1969	21800
1969	19000
1969	18000
1969	16600
1969	15600
1969	14630
1969	14000
1969	13900
1969	12700
1969	10300
1969	10000
1969	9370
1969	9000
1969	8500
1969	7500
1969	7000
1969	7000
1969	7000
1969	6700
1969	6500
1969	6000
1969	6000
1969	6000
1969	5000
1969	4800
1969	4500
1969	4500
1969	4000
1969	4000
1969	4000
1969	3800
1969	3500
1969	3500
1969	3500
1969	3500
1969	3400
1969	3000
1969	3000
1969	3000
1969	3000
1969	2500
1969	2300
1969	2000
1969	1926
1969	1800
1969	1704
1969	1700
1969	1600
1969	1409
1969	1400
1969	1400
1969	1400
1969	1400
1969	1300
1969	1200
1969	1100
1969	1100
1969	800
1969	800
1969	800
1969	800
1969	800
1969	700
1969	600
1969	550
1969	500
1969	500
1969	300
1969	300
1969	100
1968	10443405
1968	8126666
1968	6085330
1968	3904478
1968	2732013
1968	2412260
1968	2108900
1968	1525600
1968	1465208
1968	1464567
1968	1449390
1968	1368013
1968	1153900
1968	1102021
1968	1026040
1968	985860
1968	978210
1968	837856
1968	719223
1968	711250
1968	651460
1968	599356
1968	507572
1968	494776
1968	450620
1968	406746
1968	396620
1968	383308
1968	365113
1968	322500
1968	319079
1968	317500
1968	303100
1968	216491
1968	198332
1968	156734
1968	152000
1968	133278
1968	126005
1968	120130
1968	114976
1968	108400
1968	106000
1968	101100
1968	101080
1968	100660
1968	92800
1968	80500
1968	75000
1968	74100
1968	71800
1968	68900
1968	68400
1968	68200
1968	65100
1968	65000
1968	64700
1968	61700
1968	60684
1968	59151
1968	53100
1968	50000
1968	45380
1968	41300
1968	40892
1968	40000
1968	37000
1968	35900
1968	32900
1968	29900
1968	28927
1968	28317
1968	28000
1968	27000
1968	24000
1968	23700
1968	23500
1968	21500
1968	21100
1968	18250
1968	18000
1968	17700
1968	16000
1968	15000
1968	14342
1968	14200
1968	14100
1968	11000
1968	10200
1968	10000
1968	9000
1968	8600
1968	8500
1968	7500
1968	7000
1968	6700
1968	6000
1968	6000
1968	6000
1968	5560
1968	5000
1968	5000
1968	5000
1968	5000
1968	4900
1968	4600
1968	4500
1968	4500
1968	4300
1968	4000
1968	3600
1968	3500
1968	3500
1968	3500
1968	3400
1968	3300
1968	3200
1968	2500
1968	2500
1968	2100
1968	2100
1968	2000
1968	1900
1968	1818
1968	1800
1968	1701
1968	1412
1968	1400
1968	1300
1968	1300
1968	1300
1968	1300
1968	1300
1968	1200
1968	1100
1968	1000
1968	800
1968	800
1968	800
1968	800
1968	800
1968	700
1968	600
1968	550
1968	500
1968	400
1968	300
1968	300
1968	100
1967	10056700
1967	7358751
1967	5779501
1967	3682510
1967	3189881
1967	2309239
1967	1658900
1967	1400400
1967	1324234
1967	1252255
1967	1175600
1967	1069015
1967	1046404
1967	1010935
1967	950700
1967	897201
1967	861066
1967	828905
1967	794575
1967	711860
1967	670181
1967	601300
1967	563161
1967	438520
1967	419396
1967	381130
1967	374047
1967	344311
1967	341765
1967	338142
1967	316300
1967	313700
1967	299300
1967	255366
1967	208068
1967	188163
1967	150032
1967	128300
1967	119420
1967	118076
1967	107428
1967	100000
1967	99600
1967	99000
1967	93900
1967	91800
1967	86225
1967	82000
1967	80300
1967	74090
1967	72200
1967	66100
1967	65225
1967	63800
1967	63400
1967	60471
1967	60000
1967	57500
1967	56600
1967	50200
1967	50000
1967	48615
1967	48566
1967	44881
1967	40000
1967	38500
1967	35600
1967	33600
1967	30700
1967	29300
1967	28200
1967	28000
1967	27660
1967	27000
1967	25100
1967	24537
1967	22500
1967	22100
1967	21150
1967	20000
1967	18000
1967	17000
1967	15700
1967	13900
1967	13600
1967	12474
1967	12300
1967	10900
1967	9900
1967	9000
1967	8000
1967	7900
1967	7500
1967	7500
1967	7000
1967	6200
1967	6000
1967	6000
1967	5900
1967	5000
1967	5000
1967	5000
1967	4600
1967	4500
1967	4500
1967	4300
1967	4236
1967	4200
1967	3700
1967	3500
1967	3300
1967	3300
1967	3200
1967	3100
1967	3000
1967	3000
1967	2500
1967	2500
1967	2500
1967	2300
1967	2000
1967	2000
1967	1809
1967	1800
1967	1800
1967	1600
1967	1500
1967	1400
1967	1300
1967	1300
1967	1200
1967	1014
1967	1000
1967	1000
1967	900
1967	800
1967	800
1967	800
1967	800
1967	700
1967	700
1967	600
1967	500
1967	500
1967	500
1967	500
1967	300
1967	290
1967	100
1966	8712000
1966	6661683
1966	5350772
1966	3646311
1966	2811899
1966	2421636
1966	1377800
1966	1367200
1966	1335692
1966	1328582
1966	1241082
1966	1240336
1966	1196600
1966	1054142
1966	880550
1966	850202
1966	807253
1966	753128
1966	721792
1966	681570
1966	631735
1966	601150
1966	507866
1966	413410
1966	392662
1966	370664
1966	360350
1966	353000
1966	335300
1966	334722
1966	320568
1966	300584
1966	273609
1966	258100
1966	221205
1966	151397
1966	117056
1966	116929
1966	111700
1966	110100
1966	110000
1966	101900
1966	99000
1966	91530
1966	88500
1966	85700
1966	83300
1966	81383
1966	73000
1966	70990
1966	62800
1966	62600
1966	60800
1966	60000
1966	59200
1966	55918
1966	53500
1966	48200
1966	46100
1966	45000
1966	43626
1966	40100
1966	39700
1966	38000
1966	36933
1966	32500
1966	32200
1966	28270
1966	27375
1966	27000
1966	26600
1966	26000
1966	25426
1966	25000
1966	22400
1966	21100
1966	20350
1966	20200
1966	20000
1966	18800
1966	18000
1966	17300
1966	16600
1966	15700
1966	14200
1966	12500
1966	12300
1966	12218
1966	10600
1966	9000
1966	8000
1966	7500
1966	7300
1966	7000
1966	7000
1966	6200
1966	5000
1966	5000
1966	5000
1966	5000
1966	4900
1966	4800
1966	4500
1966	4000
1966	4000
1966	4000
1966	4000
1966	4000
1966	3500
1966	3400
1966	3324
1966	3300
1966	3100
1966	3000
1966	3000
1966	3000
1966	3000
1966	2500
1966	2500
1966	2500
1966	2200
1966	2100
1966	2000
1966	1800
1966	1700
1966	1603
1966	1600
1966	1300
1966	1200
1966	1200
1966	1009
1966	1000
1966	900
1966	900
1966	800
1966	800
1966	800
1966	800
1966	700
1966	700
1966	700
1966	700
1966	600
1966	500
1966	500
1966	500
1966	300
1966	290
1966	200
1965	7384900
1965	6471131
1965	5101232
1965	3609268
1965	2647883
1965	2223843
1965	1331300
1965	1322309
1965	1238994
1965	1217713
1965	1197833
1965	1062200
1965	1031308
1965	863090
1965	838930
1965	774639
1965	713513
1965	704000
1965	675990
1965	629565
1965	601030
1965	577834
1965	552643
1965	388312
1965	386300
1965	375200
1965	370618
1965	360290
1965	354854
1965	297457
1965	263300
1965	236700
1965	229708
1965	212486
1965	185105
1965	134480
1965	119408
1965	118624
1965	106600
1965	102800
1965	102400
1965	97280
1965	90220
1965	90000
1965	78900
1965	76500
1965	76436
1965	76300
1965	73250
1965	61100
1965	59700
1965	59500
1965	55000
1965	53500
1965	53500
1965	48507
1965	45000
1965	42900
1965	42330
1965	40780
1965	40100
1965	39600
1965	38000
1965	37581
1965	35700
1965	33900
1965	32600
1965	25000
1965	25000
1965	24800
1965	23799
1965	23000
1965	21183
1965	20573
1965	20200
1965	20000
1965	20000
1965	19600
1965	19200
1965	18600
1965	18300
1965	16200
1965	15800
1965	15500
1965	15000
1965	14000
1965	12000
1965	11698
1965	9600
1965	9000
1965	8000
1965	6200
1965	6000
1965	6000
1965	5600
1965	5100
1965	5000
1965	5000
1965	5000
1965	5000
1965	4500
1965	4400
1965	4100
1965	4000
1965	4000
1965	3500
1965	3500
1965	3400
1965	3300
1965	3100
1965	3000
1965	3000
1965	3000
1965	2924
1965	2700
1965	2600
1965	2300
1965	2300
1965	2100
1965	2000
1965	2000
1965	1900
1965	1800
1965	1800
1965	1600
1965	1600
1965	1600
1965	1300
1965	1200
1965	1100
1965	1006
1965	1000
1965	900
1965	900
1965	900
1965	800
1965	800
1965	800
1965	700
1965	700
1965	700
1965	600
1965	500
1965	500
1965	500
1965	450
1965	300
1965	290
1965	200
1964	9037200
1964	5961063
1964	4476557
1964	3390171
1964	2520836
1964	1544391
1964	1321600
1964	1224206
1964	1193716
1964	1156000
1964	1107190
1964	995900
1964	974173
1964	960741
1964	867661
1964	847830
1964	733765
1964	647910
1964	645261
1964	589750
1964	577929
1964	550910
1964	536812
1964	387100
1964	377947
1964	368576
1964	362200
1964	362000
1964	360230
1964	325589
1964	264941
1964	223000
1964	213502
1964	197582
1964	158308
1964	135000
1964	121050
1964	110611
1964	108359
1964	100100
1964	97600
1964	93296
1964	90000
1964	85470
1964	84030
1964	76600
1964	72000
1964	70500
1964	62900
1964	59800
1964	59500
1964	54600
1964	50300
1964	50000
1964	46300
1964	44157
1964	43600
1964	42300
1964	40000
1964	38675
1964	36965
1964	35000
1964	34000
1964	31900
1964	29900
1964	26000
1964	25800
1964	25000
1964	23000
1964	22700
1964	21500
1964	21200
1964	21130
1964	19512
1964	19300
1964	18000
1964	17700
1964	17300
1964	15000
1964	13900
1964	13700
1964	13600
1964	12200
1964	12000
1964	11400
1964	11074
1964	10400
1964	10000
1964	9700
1964	9200
1964	7000
1964	6300
1964	6000
1964	5300
1964	5000
1964	5000
1964	5000
1964	5000
1964	5000
1964	4900
1964	4200
1964	4000
1964	4000
1964	3700
1964	3500
1964	3400
1964	3300
1964	3200
1964	3000
1964	2800
1964	2800
1964	2700
1964	2500
1964	2500
1964	2500
1964	2400
1964	2100
1964	2000
1964	2000
1964	1900
1964	1900
1964	1900
1964	1600
1964	1600
1964	1600
1964	1500
1964	1500
1964	1400
1964	1100
1964	1000
1964	1000
1964	900
1964	900
1964	800
1964	800
1964	800
1964	700
1964	700
1964	700
1964	700
1964	600
1964	600
1964	600
1964	500
1964	500
1964	450
1964	300
1964	280
1964	200
1963	6821500
1963	6222077
1963	3963042
1963	3361469
1963	2655645
1963	1330912
1963	1190857
1963	1169214
1963	1045800
1963	1036467
1963	950804
1963	932300
1963	846104
1963	836780
1963	782444
1963	757300
1963	700519
1963	629440
1963	590500
1963	537368
1963	500810
1963	473302
1963	430705
1963	366000
1963	360800
1963	360180
1963	342638
1963	335088
1963	245300
1963	233653
1963	226737
1963	222600
1963	220041
1963	171535
1963	130320
1963	122273
1963	115000
1963	97307
1963	91970
1963	90000
1963	87500
1963	80500
1963	80450
1963	76500
1963	75656
1963	69900
1963	69600
1963	66250
1963	62000
1963	59800
1963	59400
1963	49700
1963	49646
1963	47400
1963	45600
1963	45000
1963	40100
1963	40000
1963	36100
1963	35900
1963	35412
1963	35000
1963	34760
1963	28100
1963	27600
1963	25900
1963	25000
1963	23000
1963	22000
1963	22000
1963	21700
1963	20480
1963	19600
1963	19000
1963	18282
1963	18000
1963	16900
1963	15000
1963	14000
1963	13500
1963	12500
1963	12000
1963	10600
1963	10089
1963	10000
1963	9200
1963	9000
1963	8400
1963	8200
1963	8100
1963	7500
1963	7000
1963	6000
1963	5900
1963	5300
1963	5000
1963	5000
1963	4600
1963	4500
1963	4000
1963	4000
1963	3600
1963	3500
1963	3300
1963	3200
1963	3200
1963	3100
1963	3000
1963	3000
1963	2800
1963	2800
1963	2500
1963	2500
1963	2500
1963	2400
1963	2300
1963	2200
1963	2000
1963	2000
1963	1700
1963	1600
1963	1500
1963	1500
1963	1500
1963	1500
1963	1400
1963	1400
1963	1300
1963	1200
1963	1000
1963	1000
1963	1000
1963	900
1963	800
1963	700
1963	700
1963	700
1963	600
1963	600
1963	600
1963	600
1963	600
1963	500
1963	500
1963	500
1963	500
1963	400
1963	280
1963	200
1962	6883800
1962	6321164
1962	3602045
1962	3340424
1962	2871477
1962	1250310
1962	1100087
1962	1061100
1962	1025321
1962	973900
1962	939400
1962	931298
1962	832335
1962	782802
1962	778820
1962	691726
1962	635000
1962	544480
1962	528533
1962	517885
1962	500720
1962	417101
1962	378700
1962	360140
1962	350960
1962	348000
1962	319300
1962	294728
1962	274800
1962	222313
1962	195100
1962	189568
1962	180516
1962	162949
1962	118000
1962	94916
1962	92307
1962	90000
1962	85900
1962	80777
1962	80390
1962	75737
1962	70800
1962	66200
1962	65230
1962	64900
1962	64500
1962	60100
1962	59900
1962	58100
1962	51700
1962	49415
1962	45700
1962	45000
1962	45000
1962	43600
1962	42500
1962	35000
1962	34700
1962	33400
1962	30640
1962	30500
1962	30000
1962	29000
1962	26000
1962	23000
1962	22200
1962	22000
1962	21500
1962	21000
1962	20700
1962	20000
1962	19500
1962	18760
1962	18600
1962	18300
1962	17385
1962	15200
1962	15000
1962	12800
1962	12600
1962	12000
1962	11900
1962	10415
1962	9600
1962	8900
1962	8200
1962	7900
1962	7700
1962	7200
1962	7200
1962	7000
1962	6000
1962	6000
1962	5300
1962	5000
1962	4700
1962	4500
1962	4300
1962	4000
1962	4000
1962	4000
1962	3500
1962	3400
1962	3000
1962	3000
1962	3000
1962	2800
1962	2800
1962	2800
1962	2500
1962	2500
1962	2400
1962	2100
1962	2000
1962	2000
1962	2000
1962	1700
1962	1600
1962	1500
1962	1500
1962	1500
1962	1500
1962	1500
1962	1400
1962	1300
1962	1300
1962	1300
1962	1000
1962	900
1962	900
1962	900
1962	800
1962	800
1962	800
1962	600
1962	600
1962	600
1962	600
1962	600
1962	600
1962	600
1962	600
1962	500
1962	500
1962	400
1962	400
1962	250
1962	200
1961	6237037
1961	5216000
1961	3236023
1961	3210446
1961	2812228
1961	1454910
1961	1018630
1961	1010800
1961	961000
1961	957195
1961	903100
1961	881438
1961	746470
1961	716064
1961	710720
1961	635392
1961	502403
1961	497897
1961	473620
1961	450640
1961	426500
1961	384018
1961	360110
1961	345500
1961	342000
1961	316140
1961	274300
1961	268924
1961	246800
1961	243906
1961	206715
1961	185522
1961	167711
1961	159181
1961	92000
1961	91800
1961	85290
1961	84920
1961	82600
1961	81180
1961	80000
1961	75400
1961	70700
1961	67000
1961	63117
1961	61600
1961	61200
1961	60900
1961	56500
1961	55010
1961	50734
1961	45000
1961	45000
1961	43000
1961	42100
1961	38800
1961	38600
1961	37620
1961	36500
1961	32100
1961	30400
1961	30000
1961	30000
1961	29000
1961	28000
1961	22800
1961	22000
1961	22000
1961	21600
1961	20400
1961	20000
1961	19300
1961	17300
1961	16200
1961	15954
1961	14300
1961	13910
1961	12800
1961	12000
1961	12000
1961	11500
1961	11400
1961	11000
1961	10500
1961	10426
1961	8400
1961	8100
1961	8000
1961	7400
1961	6500
1961	5800
1961	5300
1961	5000
1961	4800
1961	4700
1961	4600
1961	4200
1961	4200
1961	4000
1961	4000
1961	4000
1961	4000
1961	3700
1961	3500
1961	3200
1961	3000
1961	3000
1961	2800
1961	2700
1961	2500
1961	2500
1961	2400
1961	2400
1961	2000
1961	2000
1961	1900
1961	1700
1961	1600
1961	1600
1961	1500
1961	1500
1961	1500
1961	1500
1961	1400
1961	1300
1961	1300
1961	1300
1961	900
1961	900
1961	800
1961	800
1961	700
1961	700
1961	600
1961	600
1961	600
1961	600
1961	600
1961	500
1961	500
1961	500
1961	500
1961	500
1961	400
1961	400
1961	400
1961	400
1961	250
1961	100
