1961	2823040
1961	2597000
1961	2257000
1961	1041060
1961	1000000
1961	800000
1961	753015
1961	737145
1961	646661
1961	646000
1961	571600
1961	543500
1961	446000
1961	398339
1961	372552
1961	369000
1961	367000
1961	360000
1961	315300
1961	310000
1961	235000
1961	200000
1961	200000
1961	177669
1961	176300
1961	175000
1961	165000
1961	160000
1961	154200
1961	145000
1961	135000
1961	130000
1961	123863
1961	115350
1961	110000
1961	105000
1961	98000
1961	95000
1961	86200
1961	65708
1961	65000
1961	55032
1961	54000
1961	53000
1961	49000
1961	44100
1961	42000
1961	40000
1961	36000
1961	34000
1961	33800
1961	31000
1961	29211
1961	29000
1961	27450
1961	26000
1961	24000
1961	24000
1961	23400
1961	21429
1961	20000
1961	20000
1961	16400
1961	16000
1961	13771
1961	11649
1961	11500
1961	10000
1961	10000
1961	10000
1961	8800
1961	8600
1961	7500
1961	7000
1961	5200
1961	5000
1961	5000
1961	4337
1961	4007
1961	4000
1961	4000
1961	3517
1961	3500
1961	3122
1961	3000
1961	3000
1961	3000
1961	2800
1961	2500
1961	2500
1961	2200
1961	1800
1961	1678
1961	1500
1961	1418
1961	1300
1961	900
1961	707
1961	700
1961	600
1961	500
1961	500
1961	418
1961	415
1961	406
1961	386
1961	340
1961	320
1961	250
1961	228
1961	225
1961	191
1961	150
1961	140
1961	110
1961	100
1961	10
1962	3126860
1962	2486000
1962	2425000
1962	1030900
1962	1010000
1962	800000
1962	710375
1962	673016
1962	663000
1962	655440
1962	551000
1962	519100
1962	512100
1962	472532
1962	372000
1962	362000
1962	360431
1962	335500
1962	320000
1962	305400
1962	240000
1962	200000
1962	200000
1962	185000
1962	183500
1962	175875
1962	175000
1962	163000
1962	156850
1962	141000
1962	137000
1962	131300
1962	123863
1962	122600
1962	115350
1962	110000
1962	100000
1962	86000
1962	84400
1962	65000
1962	65000
1962	57342
1962	55000
1962	51000
1962	49200
1962	47250
1962	44000
1962	42000
1962	41342
1962	37190
1962	35000
1962	35000
1962	30000
1962	30000
1962	28800
1962	28667
1962	25500
1962	25000
1962	24000
1962	20421
1962	20000
1962	20000
1962	17213
1962	17000
1962	16000
1962	12266
1962	11000
1962	10200
1962	10000
1962	8800
1962	8000
1962	7500
1962	7100
1962	7000
1962	6000
1962	5400
1962	5100
1962	4500
1962	4500
1962	4337
1962	4047
1962	4000
1962	4000
1962	4000
1962	3800
1962	3497
1962	2830
1962	2800
1962	2720
1962	2500
1962	2100
1962	1919
1962	1850
1962	1705
1962	1700
1962	1400
1962	1374
1962	1152
1962	930
1962	700
1962	600
1962	500
1962	500
1962	425
1962	423
1962	379
1962	361
1962	330
1962	330
1962	306
1962	280
1962	150
1962	150
1962	150
1962	140
1962	100
1962	10
1963	3256300
1963	2601000
1963	2473000
1963	1050000
1963	1025050
1963	939740
1963	850000
1963	796000
1963	771420
1963	631293
1963	580600
1963	561200
1963	469400
1963	442036
1963	385000
1963	369000
1963	362100
1963	340900
1963	330000
1963	310695
1963	245000
1963	200000
1963	200000
1963	200000
1963	199300
1963	196000
1963	175489
1963	168000
1963	150000
1963	150000
1963	145000
1963	142000
1963	140000
1963	139400
1963	122745
1963	118800
1963	115000
1963	93600
1963	81000
1963	69500
1963	65000
1963	56000
1963	55524
1963	53252
1963	52000
1963	50600
1963	45000
1963	42661
1963	41000
1963	40000
1963	38000
1963	37600
1963	36380
1963	35000
1963	33280
1963	33064
1963	30000
1963	28597
1963	28000
1963	27700
1963	24000
1963	20000
1963	20000
1963	19700
1963	16000
1963	12000
1963	12000
1963	10000
1963	9600
1963	9100
1963	9000
1963	8000
1963	8000
1963	7000
1963	5600
1963	5500
1963	5300
1963	5300
1963	4916
1963	4899
1963	4896
1963	4100
1963	4000
1963	4000
1963	4000
1963	3069
1963	3000
1963	2850
1963	2833
1963	2722
1963	2500
1963	2000
1963	2000
1963	1800
1963	1626
1963	1300
1963	950
1963	907
1963	747
1963	720
1963	700
1963	592
1963	550
1963	500
1963	435
1963	426
1963	330
1963	315
1963	300
1963	274
1963	175
1963	175
1963	150
1963	144
1963	140
1963	100
1963	10
1964	3517340
1964	3300000
1964	2684000
1964	1130000
1964	993940
1964	948768
1964	880000
1964	743000
1964	742035
1964	714764
1964	571100
1964	568700
1964	559600
1964	483076
1964	400000
1964	366898
1964	364200
1964	359000
1964	340000
1964	332400
1964	280867
1964	250000
1964	213600
1964	205000
1964	200000
1964	200000
1964	195000
1964	162000
1964	160000
1964	157600
1964	150000
1964	145000
1964	135226
1964	135000
1964	120000
1964	120000
1964	106950
1964	102000
1964	81000
1964	79000
1964	70000
1964	65500
1964	56000
1964	53000
1964	49800
1964	49682
1964	48000
1964	42545
1964	42000
1964	41700
1964	40000
1964	38000
1964	36000
1964	33100
1964	32800
1964	32723
1964	31000
1964	30000
1964	28681
1964	24000
1964	22000
1964	21000
1964	17000
1964	16500
1964	16000
1964	13000
1964	12000
1964	10000
1964	9200
1964	8248
1964	8000
1964	7212
1964	7000
1964	6500
1964	6300
1964	6000
1964	6000
1964	5800
1964	5500
1964	5400
1964	4966
1964	4926
1964	4300
1964	4128
1964	4000
1964	3034
1964	3000
1964	2988
1964	2900
1964	2722
1964	2300
1964	2120
1964	1900
1964	1840
1964	1800
1964	1586
1964	1130
1964	1000
1964	980
1964	711
1964	700
1964	612
1964	600
1964	500
1964	450
1964	435
1964	430
1964	330
1964	305
1964	260
1964	206
1964	150
1964	146
1964	100
1964	100
1964	64
1964	11
1965	3624630
1965	3304000
1965	3271000
1965	1173000
1965	1140000
1965	1035080
1965	959650
1965	950000
1965	825255
1965	724500
1965	653000
1965	619800
1965	605094
1965	578900
1965	516122
1965	410000
1965	372400
1965	371000
1965	325000
1965	285800
1965	266044
1965	255000
1965	238900
1965	232000
1965	220000
1965	210000
1965	200000
1965	200000
1965	165500
1965	162000
1965	155000
1965	138300
1965	135000
1965	127719
1965	127000
1965	125000
1965	117600
1965	102500
1965	102000
1965	87000
1965	70000
1965	64005
1965	56000
1965	55000
1965	50800
1965	50000
1965	49756
1965	44000
1965	44000
1965	37000
1965	36326
1965	36000
1965	34000
1965	33800
1965	33000
1965	31000
1965	28943
1965	26000
1965	25340
1965	25000
1965	24000
1965	23000
1965	18000
1965	16500
1965	16154
1965	15400
1965	14000
1965	13900
1965	12000
1965	11000
1965	10318
1965	10000
1965	9400
1965	8000
1965	8000
1965	7272
1965	6985
1965	6000
1965	6000
1965	5500
1965	5000
1965	4500
1965	4440
1965	4000
1965	4000
1965	3248
1965	3000
1965	2930
1965	2886
1965	2282
1965	2240
1965	2000
1965	1814
1965	1800
1965	1398
1965	1290
1965	1280
1965	1000
1965	907
1965	903
1965	700
1965	612
1965	600
1965	500
1965	460
1965	450
1965	438
1965	350
1965	305
1965	250
1965	220
1965	185
1965	150
1965	148
1965	140
1965	100
1965	11
1966	3701020
1966	3412000
1966	2522090
1966	1274000
1966	1150000
1966	1057570
1966	999364
1966	981400
1966	980000
1966	840060
1966	760000
1966	720000
1966	647721
1966	586400
1966	570634
1966	415000
1966	385100
1966	340000
1966	336300
1966	260000
1966	260000
1966	252000
1966	240400
1966	235000
1966	225207
1966	210000
1966	209100
1966	200000
1966	180000
1966	173800
1966	162000
1966	154500
1966	134500
1966	133000
1966	130000
1966	130000
1966	119241
1966	109950
1966	103760
1966	99000
1966	85413
1966	80000
1966	70000
1966	57600
1966	56000
1966	53900
1966	50000
1966	48840
1966	45700
1966	44000
1966	38378
1966	38000
1966	35727
1966	32000
1966	30450
1966	29750
1966	28967
1966	26000
1966	26000
1966	25000
1966	24627
1966	24000
1966	23000
1966	16470
1966	16000
1966	15373
1966	15241
1966	15000
1966	12600
1966	12200
1966	10000
1966	10000
1966	9600
1966	9023
1966	9000
1966	6500
1966	6200
1966	6000
1966	5987
1966	5737
1966	5700
1966	5600
1966	5101
1966	5000
1966	4700
1966	3989
1966	3000
1966	2950
1966	2400
1966	2238
1966	2000
1966	2000
1966	1929
1966	1678
1966	1422
1966	1300
1966	1135
1966	1100
1966	903
1966	700
1966	680
1966	650
1966	500
1966	476
1966	475
1966	430
1966	400
1966	370
1966	311
1966	302
1966	250
1966	150
1966	150
1966	141
1966	140
1966	120
1966	76
1966	11
1966	9
1966	5
1967	4188910
1967	3203000
1967	2556830
1967	1241620
1967	1200000
1967	1170000
1967	1007400
1967	950000
1967	915777
1967	859350
1967	764000
1967	753800
1967	741700
1967	592811
1967	591800
1967	430000
1967	373100
1967	365000
1967	336800
1967	315000
1967	260000
1967	241000
1967	240000
1967	234200
1967	220394
1967	215900
1967	213000
1967	200000
1967	182500
1967	173000
1967	170000
1967	165400
1967	153000
1967	140000
1967	140000
1967	129616
1967	124479
1967	107250
1967	95000
1967	89000
1967	70000
1967	65859
1967	65000
1967	61200
1967	57000
1967	51828
1967	50800
1967	50500
1967	50000
1967	50000
1967	48470
1967	41000
1967	40000
1967	35441
1967	35268
1967	33000
1967	31000
1967	27250
1967	27157
1967	26778
1967	24162
1967	24000
1967	23500
1967	22000
1967	21000
1967	20000
1967	16770
1967	15241
1967	12600
1967	10500
1967	10000
1967	9865
1967	9800
1967	9000
1967	8119
1967	8100
1967	6500
1967	6470
1967	6100
1967	6000
1967	5800
1967	5293
1967	5000
1967	4900
1967	4200
1967	3672
1967	3000
1967	2980
1967	2873
1967	2480
1967	2000
1967	2000
1967	2000
1967	1500
1967	1179
1967	1150
1967	1150
1967	1118
1967	1088
1967	900
1967	700
1967	650
1967	550
1967	510
1967	500
1967	500
1967	485
1967	450
1967	318
1967	305
1967	300
1967	151
1967	150
1967	140
1967	140
1967	120
1967	100
1967	12
1967	9
1967	8
1968	4387310
1968	3125000
1968	2765120
1968	1344160
1968	1200000
1968	1200000
1968	976084
1968	949000
1968	948690
1968	920000
1968	904285
1968	799960
1968	770000
1968	767100
1968	735467
1968	452100
1968	450000
1968	394900
1968	372500
1968	328000
1968	270000
1968	245000
1968	242000
1968	230814
1968	220000
1968	213000
1968	210000
1968	200000
1968	198000
1968	192000
1968	174648
1968	160000
1968	150000
1968	140000
1968	136200
1968	130688
1968	105300
1968	92000
1968	86000
1968	75000
1968	73400
1968	66000
1968	63000
1968	58000
1968	55884
1968	53360
1968	51200
1968	50000
1968	50000
1968	45645
1968	44998
1968	44000
1968	43500
1968	40000
1968	35000
1968	32000
1968	31100
1968	29526
1968	28539
1968	26931
1968	24000
1968	24000
1968	22000
1968	18500
1968	17960
1968	17100
1968	15241
1968	13500
1968	13000
1968	10763
1968	10500
1968	10000
1968	10000
1968	10000
1968	9117
1968	8300
1968	8100
1968	6889
1968	6800
1968	6200
1968	6000
1968	6000
1968	6000
1968	5114
1968	5100
1968	3000
1968	3000
1968	2942
1968	2708
1968	2600
1968	2500
1968	2000
1968	2000
1968	1350
1968	1321
1968	1200
1968	1130
1968	1125
1968	915
1968	900
1968	700
1968	600
1968	544
1968	500
1968	500
1968	500
1968	499
1968	360
1968	305
1968	300
1968	154
1968	152
1968	130
1968	120
1968	100
1968	100
1968	73
1968	12
1968	10
1968	9
1969	4815870
1969	3172500
1969	3031110
1969	1416600
1969	1200000
1969	1200000
1969	1103000
1969	1091770
1969	1019200
1969	961973
1969	948420
1969	780000
1969	744744
1969	721073
1969	665531
1969	478200
1969	460000
1969	432200
1969	380000
1969	330000
1969	300000
1969	266500
1969	256825
1969	250000
1969	233969
1969	230000
1969	220000
1969	201600
1969	200000
1969	196000
1969	172194
1969	160000
1969	155000
1969	145000
1969	140900
1969	133950
1969	125481
1969	112650
1969	97200
1969	91000
1969	86860
1969	80000
1969	68241
1969	65000
1969	63000
1969	60000
1969	59000
1969	53000
1969	53000
1969	51800
1969	50000
1969	44165
1969	43000
1969	40000
1969	38780
1969	37557
1969	36000
1969	33290
1969	29533
1969	29361
1969	28000
1969	26000
1969	24500
1969	24000
1969	19378
1969	17430
1969	16300
1969	13000
1969	13000
1969	12193
1969	11468
1969	11000
1969	10500
1969	10000
1969	9960
1969	9291
1969	7802
1969	7511
1969	6100
1969	6000
1969	5800
1969	5754
1969	5400
1969	3900
1969	3500
1969	3050
1969	3000
1969	2799
1969	2650
1969	2180
1969	2000
1969	2000
1969	1910
1969	1874
1969	1828
1969	1500
1969	1240
1969	1200
1969	1200
1969	900
1969	717
1969	700
1969	700
1969	544
1969	520
1969	520
1969	500
1969	380
1969	305
1969	300
1969	175
1969	153
1969	120
1969	120
1969	120
1969	100
1969	73
1969	12
1969	12
1969	9
1970	5126160
1970	2911340
1970	2896800
1970	1780000
1970	1348270
1970	1310820
1970	1200000
1970	1197000
1970	1146310
1970	988800
1970	968490
1970	965252
1970	780100
1970	627829
1970	593400
1970	486700
1970	465000
1970	420700
1970	390000
1970	364000
1970	332000
1970	300000
1970	278600
1970	262000
1970	243980
1970	241587
1970	223440
1970	211700
1970	200000
1970	195000
1970	190000
1970	178852
1970	160000
1970	160000
1970	136500
1970	133900
1970	131069
1970	126000
1970	112500
1970	88600
1970	85000
1970	82000
1970	65000
1970	61200
1970	60000
1970	57618
1970	56000
1970	52500
1970	51857
1970	45200
1970	44000
1970	43000
1970	42685
1970	39749
1970	37000
1970	36037
1970	36000
1970	33970
1970	33750
1970	30700
1970	28000
1970	25000
1970	25000
1970	24000
1970	17760
1970	16300
1970	15000
1970	13500
1970	13209
1970	12600
1970	11000
1970	11000
1970	10000
1970	8324
1970	8200
1970	7953
1970	7847
1970	6200
1970	6000
1970	5761
1970	5600
1970	5600
1970	5500
1970	4000
1970	3700
1970	3100
1970	2750
1970	2540
1970	2536
1970	2400
1970	2368
1970	2200
1970	2000
1970	2000
1970	1848
1970	1800
1970	1796
1970	1700
1970	1422
1970	1300
1970	1000
1970	900
1970	800
1970	750
1970	595
1970	565
1970	535
1970	500
1970	305
1970	300
1970	154
1970	142
1970	130
1970	120
1970	115
1970	100
1970	100
1970	100
1970	15
1970	13
1970	10
1971	5250590
1971	3374100
1971	2742950
1971	1688000
1971	1512000
1971	1479840
1971	1250000
1971	1223400
1971	1200000
1971	1121120
1971	1012700
1971	988875
1971	803500
1971	596595
1971	595751
1971	470000
1971	450000
1971	424900
1971	399000
1971	382500
1971	300000
1971	293100
1971	280000
1971	256235
1971	251821
1971	248996
1971	228200
1971	224800
1971	200000
1971	200000
1971	188372
1971	187000
1971	180000
1971	165000
1971	148000
1971	132585
1971	114000
1971	95000
1971	90000
1971	88295
1971	86090
1971	81355
1971	80000
1971	70000
1971	65500
1971	61000
1971	59000
1971	58000
1971	56629
1971	56300
1971	55000
1971	49511
1971	49225
1971	45000
1971	39000
1971	38326
1971	38000
1971	32707
1971	32500
1971	30000
1971	28000
1971	26000
1971	25500
1971	20000
1971	19000
1971	18797
1971	18120
1971	17000
1971	15600
1971	13700
1971	12005
1971	11300
1971	11000
1971	10500
1971	7000
1971	7000
1971	6400
1971	6262
1971	5800
1971	5409
1971	5000
1971	4800
1971	4258
1971	4100
1971	3800
1971	3700
1971	3150
1971	2800
1971	2438
1971	2410
1971	2400
1971	2132
1971	2000
1971	2000
1971	1981
1971	1665
1971	1600
1971	1548
1971	1500
1971	1500
1971	1400
1971	900
1971	825
1971	800
1971	750
1971	565
1971	550
1971	500
1971	350
1971	160
1971	156
1971	155
1971	150
1971	130
1971	130
1971	128
1971	100
1971	18
1971	13
1971	10
1971	10
1972	5851890
1972	3190000
1972	2581640
1972	1766000
1972	1618500
1972	1400120
1972	1250000
1972	1200000
1972	1096100
1972	1093510
1972	996975
1972	988397
1972	827600
1972	585987
1972	480000
1972	475000
1972	440000
1972	410000
1972	390000
1972	377100
1972	312700
1972	300000
1972	296100
1972	273331
1972	250000
1972	245930
1972	239224
1972	230000
1972	230000
1972	212288
1972	200000
1972	200000
1972	189000
1972	174000
1972	170000
1972	127834
1972	114600
1972	108000
1972	102720
1972	86000
1972	78000
1972	77000
1972	75277
1972	74908
1972	70000
1972	66000
1972	64350
1972	62000
1972	62000
1972	60000
1972	57500
1972	50000
1972	48000
1972	42000
1972	41500
1972	40000
1972	38722
1972	38000
1972	29050
1972	28000
1972	27500
1972	26000
1972	22000
1972	21500
1972	20000
1972	18510
1972	18000
1972	15600
1972	11600
1972	11000
1972	11000
1972	10872
1972	10500
1972	9990
1972	7000
1972	6746
1972	6715
1972	6500
1972	5900
1972	5500
1972	5187
1972	4600
1972	4362
1972	3800
1972	3600
1972	3200
1972	2900
1972	2438
1972	2400
1972	2313
1972	2200
1972	2166
1972	2000
1972	1976
1972	1600
1972	1600
1972	1575
1972	1500
1972	1500
1972	1400
1972	1300
1972	1000
1972	800
1972	800
1972	800
1972	570
1972	565
1972	500
1972	350
1972	200
1972	200
1972	161
1972	158
1972	130
1972	120
1972	100
1972	90
1972	20
1972	15
1972	13
1972	10
1973	3677240
1973	3167100
1973	2495930
1973	2165000
1973	1503800
1973	1289400
1973	1250300
1973	1250000
1973	1157500
1973	1063540
1973	963698
1973	902205
1973	900000
1973	588181
1973	583546
1973	478000
1973	452200
1973	429000
1973	390000
1973	365000
1973	352160
1973	310000
1973	301700
1973	300010
1973	300000
1973	287813
1973	261500
1973	240000
1973	239700
1973	200000
1973	192000
1973	180000
1973	177190
1973	169000
1973	161213
1973	130300
1973	108750
1973	105228
1973	104600
1973	101000
1973	99260
1973	92925
1973	92000
1973	80000
1973	76864
1973	74000
1973	67000
1973	65000
1973	60000
1973	60000
1973	52000
1973	50000
1973	49000
1973	41000
1973	39918
1973	38811
1973	38100
1973	30000
1973	28964
1973	28000
1973	27000
1973	26400
1973	25000
1973	22000
1973	19890
1973	18900
1973	18289
1973	15000
1973	12000
1973	12000
1973	12000
1973	11500
1973	11400
1973	10214
1973	8271
1973	7000
1973	6600
1973	6100
1973	4807
1973	4690
1973	4500
1973	3700
1973	3400
1973	3300
1973	3000
1973	2993
1973	2946
1973	2400
1973	2360
1973	2292
1973	2278
1973	2200
1973	2142
1973	2100
1973	2000
1973	1800
1973	1600
1973	1331
1973	1300
1973	1200
1973	1180
1973	800
1973	780
1973	653
1973	600
1973	600
1973	565
1973	500
1973	350
1973	250
1973	187
1973	159
1973	130
1973	130
1973	100
1973	100
1973	80
1973	13
1973	10
1973	8
1974	3668710
1974	3274100
1974	2676410
1974	2040300
1974	1528330
1974	1300000
1974	1276600
1974	1242100
1974	1151280
1974	1097950
1974	976709
1974	954000
1974	937185
1974	575120
1974	500000
1974	497628
1974	466220
1974	445000
1974	439900
1974	430000
1974	399400
1974	398700
1974	320000
1974	320000
1974	310500
1974	302205
1974	264180
1974	260000
1974	253340
1974	230000
1974	207824
1974	200000
1974	190000
1974	166880
1974	147900
1974	132000
1974	116739
1974	110250
1974	110000
1974	105797
1974	101653
1974	93870
1974	90000
1974	86800
1974	85377
1974	75000
1974	68000
1974	68000
1974	68000
1974	65000
1974	62500
1974	53000
1974	53000
1974	47803
1974	42000
1974	39605
1974	36000
1974	33700
1974	30000
1974	27500
1974	26400
1974	23510
1974	22000
1974	20700
1974	20126
1974	18500
1974	18492
1974	13000
1974	13000
1974	12500
1974	11500
1974	10000
1974	8727
1974	8100
1974	7700
1974	6700
1974	6250
1974	4990
1974	4536
1974	4372
1974	4300
1974	3600
1974	3500
1974	3500
1974	3400
1974	3100
1974	2994
1974	2683
1974	2400
1974	2400
1974	2235
1974	2200
1974	2000
1974	1800
1974	1800
1974	1510
1974	1328
1974	1230
1974	1200
1974	1200
1974	1000
1974	945
1974	800
1974	750
1974	630
1974	600
1974	600
1974	500
1974	350
1974	250
1974	208
1974	160
1974	150
1974	150
1974	140
1974	100
1974	100
1974	32
1974	13
1974	10
1975	3782310
1975	3409000
1975	2544330
1975	2065330
1975	1897000
1975	1300000
1975	1262800
1975	1220690
1975	1194800
1975	1050000
1975	989406
1975	859935
1975	783426
1975	578318
1975	480000
1975	444030
1975	420000
1975	410000
1975	374000
1975	373900
1975	361585
1975	361000
1975	330000
1975	312400
1975	305700
1975	300000
1975	251640
1975	250000
1975	210000
1975	198050
1975	192275
1975	185000
1975	157523
1975	153200
1975	127000
1975	126279
1975	116900
1975	112000
1975	111600
1975	101393
1975	99887
1975	97998
1975	94815
1975	91000
1975	80000
1975	70000
1975	70000
1975	67000
1975	65000
1975	60000
1975	57000
1975	53000
1975	52200
1975	44200
1975	44000
1975	43095
1975	43000
1975	36694
1975	30000
1975	26775
1975	22557
1975	22144
1975	22000
1975	21000
1975	20000
1975	19477
1975	18694
1975	18000
1975	14000
1975	12500
1975	11500
1975	9000
1975	8000
1975	6800
1975	6400
1975	6343
1975	6000
1975	4797
1975	4600
1975	4536
1975	4500
1975	3702
1975	3700
1975	3500
1975	3500
1975	3200
1975	3000
1975	3000
1975	2812
1975	2642
1975	2300
1975	2181
1975	2000
1975	2000
1975	1509
1975	1331
1975	1209
1975	1200
1975	1143
1975	1100
1975	1023
1975	955
1975	900
1975	730
1975	726
1975	650
1975	600
1975	500
1975	360
1975	300
1975	210
1975	164
1975	150
1975	150
1975	100
1975	100
1975	40
1975	13
1975	12
1975	10
1975	1
1976	4530240
1976	3758200
1976	2570930
1976	2193180
1976	1400000
1976	1262800
1976	1219460
1976	1199430
1976	1187150
1976	1073960
1976	1060000
1976	999399
1976	859005
1976	588625
1976	550000
1976	455000
1976	451000
1976	450000
1976	359605
1976	350000
1976	340000
1976	337100
1976	317750
1976	317600
1976	300000
1976	277500
1976	260000
1976	245446
1976	227800
1976	202380
1976	190000
1976	152800
1976	151249
1976	147190
1976	143000
1976	140000
1976	121269
1976	116614
1976	114000
1976	112500
1976	111786
1976	103233
1976	95850
1976	88000
1976	87474
1976	72000
1976	69000
1976	67000
1976	65000
1976	63000
1976	60838
1976	60000
1976	57400
1976	53000
1976	45000
1976	42532
1976	40362
1976	36000
1976	34000
1976	31420
1976	27548
1976	24360
1976	23202
1976	23000
1976	21000
1976	20500
1976	20100
1976	18999
1976	15500
1976	13000
1976	12000
1976	10000
1976	10000
1976	9000
1976	8000
1976	7540
1976	6900
1976	6600
1976	5000
1976	4800
1976	4500
1976	4500
1976	4457
1976	4082
1976	3600
1976	3600
1976	3500
1976	3300
1976	3251
1976	2900
1976	2300
1976	2263
1976	2250
1976	2134
1976	2000
1976	1670
1976	1210
1976	1200
1976	1000
1976	1000
1976	960
1976	900
1976	730
1976	680
1976	605
1976	544
1976	500
1976	360
1976	300
1976	300
1976	170
1976	150
1976	140
1976	100
1976	88
1976	70
1976	70
1976	23
1976	13
1976	10
1976	1
1977	4447660
1977	4245900
1977	2582430
1977	2450690
1977	1725830
1977	1500000
1977	1320000
1977	1276010
1977	1235050
1977	1124690
1977	1050000
1977	1027710
1977	874589
1977	600000
1977	589714
1977	450000
1977	450000
1977	425000
1977	400000
1977	393400
1977	350000
1977	318600
1977	314100
1977	294353
1977	290000
1977	280000
1977	266730
1977	252043
1977	220000
1977	195000
1977	183700
1977	163669
1977	160000
1977	153500
1977	149000
1977	141907
1977	134462
1977	126927
1977	123364
1977	120000
1977	115062
1977	113286
1977	96750
1977	92000
1977	89564
1977	74000
1977	71000
1977	68000
1977	67000
1977	64000
1977	61700
1977	60000
1977	55197
1977	53000
1977	47000
1977	36358
1977	36000
1977	32000
1977	31115
1977	29868
1977	28680
1977	25514
1977	24628
1977	22000
1977	20000
1977	20000
1977	19000
1977	17500
1977	16500
1977	14500
1977	13500
1977	12320
1977	12000
1977	10500
1977	8000
1977	7586
1977	6800
1977	6700
1977	6000
1977	5000
1977	4990
1977	4900
1977	4800
1977	4200
1977	4000
1977	3861
1977	3700
1977	3611
1977	3500
1977	3400
1977	3126
1977	3120
1977	2631
1977	2300
1977	2300
1977	1500
1977	1398
1977	1250
1977	1000
1977	1000
1977	900
1977	740
1977	700
1977	571
1977	556
1977	500
1977	454
1977	400
1977	370
1977	300
1977	216
1977	176
1977	133
1977	130
1977	100
1977	100
1977	100
1977	13
1977	11
1977	11
1977	1
1978	4560900
1978	4326660
1978	3340670
1978	2152190
1978	1450000
1978	1393080
1978	1378000
1978	1266520
1978	1182960
1978	1122000
1978	1056490
1978	1050000
1978	900119
1978	670000
1978	596393
1978	465000
1978	450000
1978	440000
1978	440000
1978	401200
1978	360000
1978	315598
1978	307800
1978	305000
1978	300000
1978	267079
1978	254380
1978	240070
1978	196773
1978	195000
1978	170256
1978	160000
1978	157000
1978	151780
1978	149677
1978	147000
1978	130538
1978	128700
1978	120000
1978	113394
1978	113286
1978	102780
1978	97808
1978	97718
1978	78000
1978	76000
1978	73000
1978	67000
1978	66907
1978	66000
1978	65000
1978	55000
1978	53700
1978	53000
1978	49000
1978	48386
1978	40822
1978	36000
1978	32630
1978	31415
1978	25766
1978	25000
1978	25000
1978	23000
1978	20841
1978	20500
1978	20000
1978	18000
1978	15500
1978	15000
1978	13700
1978	12000
1978	10500
1978	9000
1978	8000
1978	7439
1978	7154
1978	6399
1978	6200
1978	5200
1978	5000
1978	5000
1978	4800
1978	4800
1978	4300
1978	4240
1978	4000
1978	3800
1978	3505
1978	3500
1978	3498
1978	2590
1978	2350
1978	2300
1978	2100
1978	1500
1978	1400
1978	1300
1978	1000
1978	1000
1978	1000
1978	808
1978	750
1978	700
1978	600
1978	520
1978	500
1978	500
1978	419
1978	370
1978	360
1978	300
1978	232
1978	180
1978	130
1978	110
1978	100
1978	86
1978	28
1978	18
1978	13
1978	2
1979	4273500
1979	4252290
1979	3927460
1979	2031560
1979	1622230
1979	1500000
1979	1449130
1979	1277400
1979	1184800
1979	1154330
1979	1063460
1979	1040000
1979	872850
1979	771600
1979	616393
1979	500000
1979	450000
1979	432500
1979	409000
1979	400000
1979	380000
1979	360000
1979	339200
1979	301219
1979	300000
1979	274600
1979	250080
1979	215000
1979	210230
1979	184304
1979	170000
1979	168365
1979	154520
1979	150000
1979	146760
1979	146000
1979	144000
1979	125300
1979	115476
1979	113132
1979	112984
1979	112552
1979	108347
1979	98694
1979	77000
1979	72000
1979	70000
1979	66000
1979	65000
1979	63372
1979	60900
1979	55000
1979	52000
1979	52000
1979	48000
1979	36000
1979	32000
1979	31214
1979	28590
1979	27000
1979	24398
1979	24070
1979	23500
1979	22929
1979	21276
1979	21000
1979	20000
1979	19000
1979	18000
1979	16200
1979	13800
1979	12000
1979	10500
1979	8000
1979	8000
1979	7500
1979	7440
1979	7000
1979	6663
1979	6500
1979	5500
1979	5400
1979	5000
1979	5000
1979	4900
1979	4369
1979	4300
1979	4115
1979	3600
1979	3600
1979	3000
1979	2540
1979	2450
1979	2300
1979	2000
1979	1500
1979	1350
1979	1200
1979	1000
1979	1000
1979	1000
1979	1000
1979	833
1979	750
1979	700
1979	600
1979	572
1979	500
1979	500
1979	417
1979	391
1979	380
1979	300
1979	186
1979	152
1979	150
1979	120
1979	120
1979	100
1979	22
1979	21
1979	14
1979	1
1980	4659680
1980	4354000
1980	4093400
1980	2269480
1980	1976830
1980	1550000
1980	1437770
1980	1401000
1980	1107520
1980	1100000
1980	1034570
1980	1030000
1980	894700
1980	889620
1980	652101
1980	550000
1980	475200
1980	458000
1980	449000
1980	445000
1980	400000
1980	369000
1980	348400
1980	300500
1980	280000
1980	275623
1980	270175
1980	210000
1980	180000
1980	170204
1980	157860
1980	150000
1980	148000
1980	146200
1980	144484
1980	140000
1980	133295
1980	130815
1980	125123
1980	111548
1980	101957
1980	99600
1980	93842
1980	83275
1980	77000
1980	75000
1980	74000
1980	72500
1980	72000
1980	65000
1980	65000
1980	54000
1980	49005
1980	46211
1980	44000
1980	39226
1980	36000
1980	33508
1980	32000
1980	30000
1980	29510
1980	29096
1980	25200
1980	22000
1980	20000
1980	20000
1980	19800
1980	16600
1980	16308
1980	15120
1980	14000
1980	12500
1980	10500
1980	8000
1980	8000
1980	7480
1980	7000
1980	6214
1980	6000
1980	5500
1980	5100
1980	5000
1980	4900
1980	4300
1980	4064
1980	3800
1980	3700
1980	2625
1980	2600
1980	2500
1980	2400
1980	2400
1980	2300
1980	2213
1980	2090
1980	1964
1980	1500
1980	1400
1980	1000
1980	1000
1980	1000
1980	1000
1980	1000
1980	760
1980	700
1980	600
1980	575
1980	510
1980	500
1980	500
1980	476
1980	390
1980	356
1980	300
1980	190
1980	130
1980	130
1980	100
1980	87
1980	35
1980	14
1980	10
1980	10
1981	4652300
1981	4580000
1981	3996060
1981	2058310
1981	2009850
1981	1600000
1981	1355160
1981	1325830
1981	1239000
1981	1141290
1981	1109600
1981	1045220
1981	914970
1981	900000
1981	683855
1981	600000
1981	500000
1981	487400
1981	466000
1981	460000
1981	400000
1981	370000
1981	358800
1981	320000
1981	311309
1981	300345
1981	275000
1981	230000
1981	186922
1981	173866
1981	163700
1981	160000
1981	151144
1981	150000
1981	150000
1981	136525
1981	131485
1981	125221
1981	124341
1981	116079
1981	113714
1981	109057
1981	100600
1981	78000
1981	77000
1981	75000
1981	74000
1981	73000
1981	70000
1981	70000
1981	65800
1981	58229
1981	56000
1981	52271
1981	44703
1981	40000
1981	36000
1981	35252
1981	33220
1981	32260
1981	32000
1981	31000
1981	30000
1981	23000
1981	22000
1981	22000
1981	15000
1981	14677
1981	14500
1981	14000
1981	13300
1981	12500
1981	11000
1981	9000
1981	8000
1981	7500
1981	7329
1981	6800
1981	6000
1981	6000
1981	5430
1981	5200
1981	5200
1981	5080
1981	4990
1981	4300
1981	3750
1981	3740
1981	3700
1981	3285
1981	3000
1981	2800
1981	2800
1981	2720
1981	2665
1981	2300
1981	2000
1981	1400
1981	1100
1981	1000
1981	1000
1981	951
1981	905
1981	760
1981	700
1981	630
1981	600
1981	520
1981	514
1981	500
1981	480
1981	400
1981	285
1981	200
1981	160
1981	140
1981	140
1981	100
1981	50
1981	36
1981	14
1981	10
1981	10
1982	4726800
1982	4221300
1982	4067930
1982	2036000
1982	1998750
1982	1666730
1982	1550000
1982	1424940
1982	1220000
1982	1153310
1982	1146600
1982	1034450
1982	950000
1982	917160
1982	698786
1982	650000
1982	592000
1982	474500
1982	470000
1982	455200
1982	403942
1982	400000
1982	400000
1982	368800
1982	320000
1982	304870
1982	275000
1982	230000
1982	191877
1982	190897
1982	166500
1982	165000
1982	160000
1982	152050
1982	150000
1982	150000
1982	135784
1982	134430
1982	132968
1982	129582
1982	121882
1982	103921
1982	101600
1982	88700
1982	78000
1982	77000
1982	76000
1982	75000
1982	73200
1982	73000
1982	70000
1982	58772
1982	58000
1982	52780
1982	42399
1982	38000
1982	36000
1982	35423
1982	33500
1982	33000
1982	31750
1982	31264
1982	30746
1982	30000
1982	25000
1982	22000
1982	15000
1982	15000
1982	14200
1982	13971
1982	13000
1982	11000
1982	10000
1982	10000
1982	8000
1982	7600
1982	7500
1982	6700
1982	6604
1982	6415
1982	6000
1982	5300
1982	5200
1982	4990
1982	4700
1982	4540
1982	4300
1982	3800
1982	3200
1982	3158
1982	3000
1982	3000
1982	2630
1982	2400
1982	2300
1982	1570
1982	1450
1982	1150
1982	1140
1982	1100
1982	1000
1982	864
1982	820
1982	770
1982	735
1982	700
1982	634
1982	600
1982	530
1982	500
1982	420
1982	405
1982	216
1982	150
1982	140
1982	109
1982	100
1982	65
1982	50
1982	39
1982	37
1982	15
1982	11
1983	4647700
1983	4552540
1983	3685380
1983	1781470
1983	1642070
1983	1618660
1983	1530000
1983	1186390
1983	1173000
1983	1160000
1983	1155360
1983	1045100
1983	933690
1983	900000
1983	674708
1983	670000
1983	473000
1983	455000
1983	450000
1983	433000
1983	410000
1983	402905
1983	400000
1983	379600
1983	320000
1983	306665
1983	280000
1983	230000
1983	199626
1983	178370
1983	169000
1983	160000
1983	153620
1983	152000
1983	141500
1983	140481
1983	134781
1983	130000
1983	126100
1983	123716
1983	116207
1983	102600
1983	98936
1983	86515
1983	82000
1983	80000
1983	78000
1983	78000
1983	73500
1983	70000
1983	68980
1983	66500
1983	60000
1983	55000
1983	41430
1983	38013
1983	37000
1983	36598
1983	34982
1983	34921
1983	34000
1983	34000
1983	31217
1983	28000
1983	24000
1983	22000
1983	15500
1983	15000
1983	14500
1983	13817
1983	13000
1983	12000
1983	11000
1983	10000
1983	8300
1983	8000
1983	7700
1983	7075
1983	6900
1983	6000
1983	6000
1983	5500
1983	5400
1983	5000
1983	4690
1983	4000
1983	3850
1983	3640
1983	3630
1983	3600
1983	3191
1983	3000
1983	3000
1983	2040
1983	2000
1983	1600
1983	1500
1983	1200
1983	1100
1983	1000
1983	1000
1983	788
1983	786
1983	770
1983	720
1983	600
1983	540
1983	500
1983	500
1983	410
1983	380
1983	220
1983	150
1983	140
1983	100
1983	65
1983	59
1983	54
1983	50
1983	47
1983	46
1983	14
1983	10
1984	5247700
1984	4896480
1984	3850810
1984	2093260
1984	1991700
1984	1677570
1984	1545000
1984	1450000
1984	1197000
1984	1168620
1984	1055870
1984	1000000
1984	992636
1984	964875
1984	700763
1984	689767
1984	503281
1984	475000
1984	460000
1984	439175
1984	429000
1984	400000
1984	400000
1984	390000
1984	330000
1984	275000
1984	235000
1984	224000
1984	220536
1984	190000
1984	184000
1984	162900
1984	161000
1984	160000
1984	155000
1984	154000
1984	148246
1984	146423
1984	140823
1984	136700
1984	133211
1984	121903
1984	103600
1984	96368
1984	85094
1984	84000
1984	82000
1984	79000
1984	79000
1984	74000
1984	70000
1984	67700
1984	62000
1984	50000
1984	45766
1984	41177
1984	41063
1984	39000
1984	36650
1984	35000
1984	34970
1984	33620
1984	33237
1984	32000
1984	30883
1984	22200
1984	15000
1984	14300
1984	14288
1984	14000
1984	13835
1984	13000
1984	13000
1984	13000
1984	11200
1984	9000
1984	9000
1984	8000
1984	7800
1984	6000
1984	6000
1984	5500
1984	5400
1984	5157
1984	5079
1984	4750
1984	4097
1984	4040
1984	4000
1984	4000
1984	4000
1984	3900
1984	3100
1984	3000
1984	2000
1984	1900
1984	1756
1984	1550
1984	1193
1984	1000
1984	1000
1984	780
1984	750
1984	650
1984	620
1984	600
1984	550
1984	540
1984	500
1984	410
1984	320
1984	230
1984	155
1984	150
1984	100
1984	100
1984	84
1984	80
1984	63
1984	54
1984	50
1984	14
1984	10
1985	5389800
1985	5007630
1985	3704930
1985	1995960
1985	1969560
1985	1908630
1985	1580000
1985	1384000
1985	1200000
1985	1091410
1985	1080000
1985	1066740
1985	1007890
1985	988996
1985	829613
1985	758727
1985	691405
1985	484000
1985	477000
1985	470000
1985	430000
1985	402378
1985	400000
1985	399100
1985	313700
1985	270000
1985	235000
1985	224950
1985	210000
1985	203000
1985	201125
1985	181280
1985	163400
1985	163014
1985	155000
1985	150825
1985	150000
1985	144774
1985	139900
1985	127999
1985	127025
1985	116913
1985	106095
1985	104700
1985	92000
1985	90024
1985	83000
1985	81000
1985	80000
1985	80000
1985	74500
1985	70000
1985	64000
1985	60000
1985	46064
1985	43139
1985	42656
1985	41922
1985	39000
1985	37600
1985	36000
1985	35000
1985	33000
1985	32762
1985	30000
1985	22300
1985	18550
1985	16200
1985	16000
1985	15000
1985	14500
1985	13000
1985	12500
1985	12000
1985	10400
1985	9400
1985	9000
1985	8000
1985	7800
1985	7150
1985	7000
1985	6000
1985	5975
1985	5500
1985	5400
1985	5296
1985	5000
1985	4520
1985	4000
1985	4000
1985	3950
1985	3900
1985	3700
1985	2970
1985	2500
1985	2000
1985	1600
1985	1424
1985	1391
1985	1193
1985	1000
1985	1000
1985	995
1985	800
1985	780
1985	695
1985	600
1985	550
1985	550
1985	550
1985	415
1985	280
1985	250
1985	240
1985	165
1985	161
1985	150
1985	95
1985	80
1985	70
1985	70
1985	60
1985	50
1985	14
1985	10
1986	5714000
1986	5243850
1986	3831730
1986	2412000
1986	2316440
1986	1832560
1986	1596200
1986	1436000
1986	1401820
1986	1350000
1986	1224100
1986	1096230
1986	1032010
1986	1007300
1986	906733
1986	759110
1986	740030
1986	480000
1986	474000
1986	470600
1986	450000
1986	440000
1986	421900
1986	400600
1986	400000
1986	290000
1986	275000
1986	250000
1986	237000
1986	225200
1986	210220
1986	202000
1986	190000
1986	177124
1986	155500
1986	146915
1986	145000
1986	144135
1986	141080
1986	136680
1986	132751
1986	121598
1986	114969
1986	106000
1986	100000
1986	90176
1986	85000
1986	82100
1986	82000
1986	80000
1986	75000
1986	75000
1986	66000
1986	62741
1986	62000
1986	48343
1986	43744
1986	40000
1986	39936
1986	38550
1986	37363
1986	35530
1986	35000
1986	31557
1986	27000
1986	22600
1986	20500
1986	20000
1986	17400
1986	16000
1986	15000
1986	13414
1986	13000
1986	12500
1986	12000
1986	10000
1986	10000
1986	10000
1986	8500
1986	7873
1986	7830
1986	7800
1986	7030
1986	6000
1986	5700
1986	5500
1986	4600
1986	4520
1986	4400
1986	4000
1986	4000
1986	4000
1986	3900
1986	3700
1986	3316
1986	2000
1986	1600
1986	1446
1986	1193
1986	1000
1986	1000
1986	1000
1986	780
1986	700
1986	694
1986	620
1986	600
1986	600
1986	560
1986	506
1986	470
1986	422
1986	270
1986	250
1986	230
1986	203
1986	175
1986	150
1986	150
1986	95
1986	80
1986	70
1986	30
1986	15
1986	10
1987	5917900
1987	5347720
1987	3780140
1987	2386500
1987	2233486
1987	2192330
1987	2121840
1987	1604200
1987	1471600
1987	1251290
1987	1175950
1987	1166280
1987	1150000
1987	1142610
1987	1038430
1987	683970
1987	611260
1987	500000
1987	485000
1987	460000
1987	449200
1987	438000
1987	402100
1987	400000
1987	373082
1987	350000
1987	280000
1987	278000
1987	250000
1987	243000
1987	225900
1987	205748
1987	205243
1987	177859
1987	166299
1987	159000
1987	157720
1987	146699
1987	140000
1987	134297
1987	114625
1987	113950
1987	107934
1987	107000
1987	106000
1987	103600
1987	90206
1987	87000
1987	84000
1987	80000
1987	75000
1987	75000
1987	68000
1987	67725
1987	62500
1987	49918
1987	47500
1987	43204
1987	42187
1987	40000
1987	37472
1987	35750
1987	35000
1987	33147
1987	31281
1987	30000
1987	23000
1987	23000
1987	17300
1987	16000
1987	15500
1987	13000
1987	12800
1987	12784
1987	12000
1987	11000
1987	10173
1987	9600
1987	9500
1987	9254
1987	8540
1987	8500
1987	7920
1987	7000
1987	6000
1987	5700
1987	5600
1987	5170
1987	5000
1987	4520
1987	4500
1987	4050
1987	4000
1987	4000
1987	3800
1987	2000
1987	1650
1987	1318
1987	1200
1987	1000
1987	1000
1987	861
1987	800
1987	780
1987	750
1987	650
1987	600
1987	565
1987	493
1987	485
1987	420
1987	380
1987	363
1987	235
1987	225
1987	217
1987	185
1987	150
1987	150
1987	149
1987	98
1987	70
1987	30
1987	15
1987	10
1988	5989900
1988	5357250
1988	3645140
1988	2576100
1988	2308380
1988	2077530
1988	2058395
1988	1606000
1988	1508600
1988	1237530
1988	1225000
1988	1215000
1988	1179900
1988	1162060
1988	1099690
1988	611914
1988	608921
1988	550000
1988	490000
1988	480000
1988	403000
1988	398000
1988	395000
1988	390937
1988	380000
1988	355000
1988	323600
1988	308663
1988	280000
1988	226000
1988	219253
1988	205148
1988	202628
1988	200000
1988	194937
1988	168060
1988	162500
1988	160137
1988	150464
1988	135000
1988	132890
1988	119000
1988	110000
1988	95064
1988	89000
1988	88967
1988	86000
1988	84824
1988	82000
1988	76872
1988	76000
1988	75083
1988	70000
1988	70000
1988	64887
1988	62000
1988	52894
1988	49950
1988	48700
1988	45681
1988	42000
1988	35800
1988	35000
1988	35000
1988	33288
1988	32510
1988	29495
1988	25300
1988	23300
1988	22100
1988	20000
1988	16000
1988	15500
1988	14200
1988	14000
1988	13000
1988	13000
1988	11651
1988	10200
1988	9500
1988	8500
1988	7920
1988	6700
1988	6000
1988	6000
1988	5800
1988	5600
1988	5400
1988	5150
1988	4520
1988	4100
1988	4000
1988	3800
1988	3800
1988	2000
1988	2000
1988	1800
1988	1680
1988	1554
1988	1000
1988	1000
1988	1000
1988	780
1988	750
1988	750
1988	746
1988	655
1988	640
1988	620
1988	570
1988	460
1988	425
1988	250
1988	227
1988	218
1988	195
1988	190
1988	164
1988	150
1988	150
1988	84
1988	30
1988	15
1988	14
1988	10
1989	6409200
1989	5721700
1989	3190320
1989	2576220
1989	2192050
1989	1823650
1989	1610000
1989	1602182
1989	1524100
1989	1512000
1989	1253620
1989	1241920
1989	1227170
1989	1133780
1989	1091950
1989	637087
1989	636535
1989	575000
1989	500000
1989	497000
1989	490000
1989	403900
1989	400000
1989	396500
1989	388000
1989	384311
1989	316609
1989	275000
1989	238126
1989	225000
1989	217340
1989	209937
1989	209796
1989	207802
1989	195762
1989	182549
1989	148700
1989	146090
1989	145000
1989	130000
1989	112000
1989	110218
1989	109016
1989	102882
1989	91000
1989	88000
1989	84587
1989	84000
1989	82600
1989	78236
1989	77000
1989	75000
1989	75000
1989	66752
1989	60730
1989	60000
1989	58259
1989	49500
1989	48245
1989	45943
1989	45476
1989	42000
1989	37300
1989	36768
1989	31860
1989	28000
1989	27436
1989	26153
1989	22900
1989	16000
1989	15800
1989	15500
1989	13370
1989	13000
1989	13000
1989	13000
1989	12800
1989	10800
1989	9883
1989	8500
1989	8500
1989	6780
1989	6400
1989	5900
1989	5700
1989	5700
1989	5440
1989	4640
1989	4100
1989	4000
1989	4000
1989	4000
1989	3600
1989	3500
1989	2869
1989	2400
1989	2000
1989	1700
1989	1600
1989	1010
1989	1000
1989	976
1989	915
1989	900
1989	780
1989	751
1989	750
1989	730
1989	700
1989	650
1989	580
1989	530
1989	430
1989	340
1989	300
1989	261
1989	260
1989	225
1989	195
1989	120
1989	100
1989	93
1989	89
1989	88
1989	15
1989	10
1990	7153000
1990	5725830
1990	3539620
1990	3054570
1990	2411000
1990	1986390
1990	1740000
1990	1657370
1990	1613000
1990	1547000
1990	1243610
1990	1221400
1990	1177460
1990	1166660
1990	1045720
1990	719100
1990	623670
1990	600000
1990	560000
1990	505000
1990	454215
1990	420000
1990	416300
1990	415495
1990	404790
1990	395096
1990	270000
1990	245980
1990	235000
1990	226141
1990	225000
1990	201777
1990	200558
1990	195000
1990	180290
1990	164500
1990	160000
1990	146071
1990	138000
1990	127660
1990	121231
1990	115000
1990	109860
1990	101568
1990	92000
1990	89000
1990	85000
1990	82725
1990	81365
1990	78000
1990	78000
1990	70000
1990	66914
1990	66706
1990	60500
1990	57500
1990	50900
1990	50104
1990	48392
1990	47943
1990	46350
1990	46000
1990	45568
1990	44182
1990	36000
1990	34000
1990	27345
1990	25487
1990	23500
1990	18903
1990	18100
1990	16831
1990	15100
1990	14000
1990	14000
1990	13675
1990	12700
1990	12000
1990	11400
1990	9000
1990	8300
1990	7213
1990	7085
1990	6135
1990	6000
1990	6000
1990	6000
1990	5871
1990	5600
1990	5500
1990	5126
1990	4000
1990	3800
1990	3315
1990	3086
1990	3000
1990	2951
1990	1854
1990	1730
1990	1500
1990	1350
1990	1088
1990	1000
1990	915
1990	800
1990	788
1990	750
1990	710
1990	691
1990	664
1990	500
1990	440
1990	440
1990	300
1990	270
1990	220
1990	150
1990	124
1990	121
1990	120
1990	100
1990	97
1990	80
1990	70
1990	14
1990	12
1991	7853100
1991	5762140
1991	3662310
1991	3525300
1991	2471930
1991	2178333
1991	1889300
1991	1720000
1991	1620000
1991	1586100
1991	1521330
1991	1286300
1991	1214850
1991	972532
1991	850368
1991	800000
1991	626265
1991	610000
1991	570000
1991	509000
1991	504979
1991	450000
1991	405680
1991	392887
1991	389200
1991	373300
1991	280000
1991	238893
1991	220624
1991	220000
1991	220000
1991	213997
1991	194200
1991	173589
1991	165057
1991	150000
1991	138906
1991	134000
1991	132663
1991	132557
1991	128000
1991	120000
1991	113362
1991	93000
1991	90000
1991	84620
1991	80900
1991	80000
1991	80000
1991	79000
1991	71000
1991	67987
1991	66679
1991	64779
1991	61600
1991	61000
1991	54418
1991	51944
1991	51488
1991	51200
1991	49971
1991	44217
1991	43000
1991	39900
1991	36000
1991	35000
1991	26333
1991	24000
1991	22046
1991	18100
1991	17955
1991	15400
1991	14588
1991	14500
1991	12800
1991	12000
1991	11905
1991	11200
1991	10000
1991	10000
1991	10000
1991	6490
1991	6449
1991	6100
1991	6000
1991	5800
1991	5203
1991	5171
1991	5005
1991	5000
1991	5000
1991	4685
1991	4250
1991	4000
1991	4000
1991	3292
1991	2000
1991	1750
1991	1398
1991	924
1991	915
1991	800
1991	720
1991	720
1991	700
1991	700
1991	643
1991	643
1991	500
1991	427
1991	350
1991	280
1991	267
1991	250
1991	250
1991	210
1991	203
1991	130
1991	130
1991	116
1991	65
1991	30
1991	15
1991	13
1992	8523000
1992	5848520
1992	3994640
1992	3723890
1992	2650840
1992	2646960
1992	2095360
1992	1920000
1992	1740060
1992	1630000
1992	1625600
1992	1365500
1992	1239480
1992	1022680
1992	881616
1992	850000
1992	636110
1992	632000
1992	560000
1992	510000
1992	493000
1992	484095
1992	413887
1992	402800
1992	396497
1992	368100
1992	312142
1992	290000
1992	230987
1992	230000
1992	225000
1992	182680
1992	181648
1992	176906
1992	174812
1992	158800
1992	158000
1992	148296
1992	142971
1992	134537
1992	130000
1992	124699
1992	122000
1992	94000
1992	89260
1992	85000
1992	83900
1992	80000
1992	73000
1992	73000
1992	70480
1992	70000
1992	70000
1992	62338
1992	61449
1992	60520
1992	60000
1992	58216
1992	52288
1992	52026
1992	50200
1992	49886
1992	44827
1992	38000
1992	38000
1992	29431
1992	25000
1992	20000
1992	18718
1992	18100
1992	15700
1992	15208
1992	15000
1992	13300
1992	12825
1992	12000
1992	11451
1992	10350
1992	10000
1992	9000
1992	8530
1992	6738
1992	6200
1992	6000
1992	6000
1992	5900
1992	5440
1992	5387
1992	5304
1992	5107
1992	4800
1992	4600
1992	4500
1992	4300
1992	4275
1992	3432
1992	2500
1992	1780
1992	1395
1992	1080
1992	750
1992	749
1992	740
1992	664
1992	600
1992	513
1992	500
1992	500
1992	398
1992	320
1992	288
1992	260
1992	250
1992	223
1992	220
1992	217
1992	200
1992	143
1992	140
1992	129
1992	69
1992	50
1992	18
1992	14
1993	9945000
1993	5802990
1993	4422010
1993	3809370
1993	2913428
1993	2643810
1993	2206890
1993	1920240
1993	1919920
1993	1650000
1993	1585700
1993	1397740
1993	1116140
1993	1012870
1993	900000
1993	819021
1993	667000
1993	631550
1993	570000
1993	540000
1993	489900
1993	460203
1993	408754
1993	407480
1993	405237
1993	348600
1993	285000
1993	241638
1993	230000
1993	213957
1993	213908
1993	206347
1993	189000
1993	181220
1993	160000
1993	159400
1993	145196
1993	137168
1993	133571
1993	133554
1993	125000
1993	125000
1993	96000
1993	93300
1993	90000
1993	89874
1993	82000
1993	80000
1993	80000
1993	78353
1993	75000
1993	67652
1993	64149
1993	63250
1993	62000
1993	58020
1993	54545
1993	52200
1993	52000
1993	48400
1993	47493
1993	45000
1993	43010
1993	42982
1993	40000
1993	37000
1993	30306
1993	26000
1993	19194
1993	18300
1993	18000
1993	16100
1993	16000
1993	15500
1993	15479
1993	13600
1993	13000
1993	9880
1993	9736
1993	9000
1993	9000
1993	7483
1993	7376
1993	6623
1993	6600
1993	6000
1993	5427
1993	5350
1993	5190
1993	5000
1993	4500
1993	4332
1993	4100
1993	3800
1993	3760
1993	3500
1993	1800
1993	1602
1993	1548
1993	1206
1993	905
1993	760
1993	760
1993	700
1993	660
1993	601
1993	500
1993	398
1993	376
1993	368
1993	340
1993	300
1993	250
1993	230
1993	206
1993	180
1993	150
1993	140
1993	127
1993	126
1993	83
1993	30
1993	20
1993	15
1994	10686000
1994	5955240
1994	5085920
1994	3916390
1994	3086560
1994	3082117
1994	2295450
1994	1987600
1994	1920000
1994	1700000
1994	1486930
1994	1375080
1994	1193160
1994	950000
1994	899263
1994	839136
1994	688500
1994	639850
1994	638000
1994	580000
1994	530000
1994	459012
1994	448022
1994	408380
1994	338014
1994	290000
1994	233000
1994	230448
1994	220000
1994	219222
1994	210000
1994	185000
1994	172953
1994	150884
1994	146680
1994	142190
1994	131431
1994	129000
1994	120000
1994	115646
1994	115000
1994	100700
1994	100000
1994	98056
1994	98000
1994	90000
1994	88000
1994	85000
1994	80000
1994	79474
1994	78000
1994	75767
1994	73716
1994	62020
1994	60458
1994	56500
1994	55000
1994	54671
1994	54377
1994	52732
1994	50000
1994	49000
1994	47500
1994	42000
1994	38000
1994	37023
1994	30000
1994	26300
1994	24718
1994	19278
1994	18383
1994	18300
1994	16500
1994	16400
1994	16171
1994	16100
1994	13650
1994	12500
1994	10382
1994	9981
1994	9000
1994	8700
1994	8186
1994	7679
1994	7500
1994	7500
1994	7215
1994	6763
1994	6725
1994	6260
1994	6200
1994	6084
1994	5200
1994	4500
1994	4500
1994	4207
1994	4200
1994	3920
1994	2857
1994	1696
1994	1200
1994	929
1994	780
1994	700
1994	700
1994	696
1994	660
1994	500
1994	500
1994	400
1994	362
1994	351
1994	309
1994	260
1994	256
1994	250
1994	236
1994	200
1994	138
1994	127
1994	114
1994	85
1994	29
1994	21
1994	15
1995	10182000
1995	5801110
1995	5403300
1995	4236250
1995	3805430
1995	3297633
1995	2122000
1995	2032650
1995	1750000
1995	1631580
1995	1421410
1995	1282230
1995	980000
1995	944773
1995	866814
1995	864192
1995	780000
1995	710000
1995	634000
1995	614936
1995	533414
1995	498679
1995	376700
1995	361047
1995	320799
1995	300000
1995	235000
1995	231612
1995	230000
1995	222867
1995	210000
1995	208102
1995	202300
1995	171084
1995	150928
1995	150000
1995	140000
1995	134982
1995	132000
1995	130180
1995	130000
1995	101930
1995	100000
1995	98500
1995	91000
1995	90000
1995	89248
1995	85000
1995	83000
1995	81729
1995	80000
1995	77370
1995	69770
1995	64594
1995	62820
1995	59000
1995	56600
1995	55969
1995	51926
1995	50515
1995	49700
1995	48335
1995	46828
1995	44397
1995	40500
1995	31000
1995	30000
1995	29302
1995	26500
1995	19477
1995	18383
1995	18335
1995	18300
1995	16700
1995	16700
1995	16338
1995	12685
1995	12000
1995	11892
1995	10500
1995	10000
1995	9437
1995	8500
1995	8300
1995	8108
1995	8000
1995	6925
1995	6200
1995	6000
1995	5900
1995	5790
1995	4612
1995	4495
1995	4281
1995	4002
1995	4000
1995	3140
1995	2930
1995	2000
1995	1850
1995	1755
1995	1000
1995	884
1995	800
1995	800
1995	704
1995	697
1995	600
1995	500
1995	500
1995	400
1995	400
1995	372
1995	320
1995	300
1995	295
1995	260
1995	225
1995	190
1995	150
1995	142
1995	109
1995	81
1995	30
1995	28
1995	16
1996	10299000
1996	5726620
1996	5160180
1996	4229140
1996	3023490
1996	2676587
1996	2305000
1996	2209550
1996	1666860
1996	1544500
1996	1491110
1996	1318700
1996	1026130
1996	1022120
1996	985990
1996	916000
1996	838266
1996	738000
1996	633645
1996	590000
1996	570457
1996	491412
1996	393647
1996	335600
1996	316959
1996	305000
1996	290644
1996	252233
1996	250313
1996	250000
1996	239200
1996	220047
1996	218000
1996	164976
1996	162970
1996	147689
1996	140000
1996	135000
1996	130000
1996	128180
1996	117350
1996	105000
1996	100960
1996	98110
1996	96797
1996	93000
1996	92349
1996	88400
1996	87105
1996	85000
1996	83225
1996	83000
1996	78675
1996	69900
1996	66752
1996	59763
1996	57000
1996	56374
1996	54883
1996	52757
1996	48837
1996	48033
1996	47397
1996	44058
1996	36500
1996	33107
1996	32600
1996	29094
1996	27000
1996	22000
1996	19762
1996	18300
1996	17751
1996	17100
1996	14300
1996	14000
1996	13500
1996	13000
1996	12800
1996	12532
1996	12234
1996	10886
1996	10000
1996	10000
1996	9387
1996	9260
1996	8640
1996	6300
1996	6100
1996	6000
1996	5900
1996	4700
1996	4613
1996	4495
1996	4346
1996	4258
1996	4217
1996	2857
1996	2725
1996	2108
1996	1870
1996	1054
1996	932
1996	750
1996	700
1996	628
1996	528
1996	500
1996	500
1996	500
1996	461
1996	455
1996	343
1996	337
1996	327
1996	274
1996	250
1996	237
1996	220
1996	171
1996	150
1996	141
1996	130
1996	85
1996	29
1996	17
1997	13340000
1997	7494120
1997	5412360
1997	4407670
1997	3096736
1997	3057080
1997	2227000
1997	1714460
1997	1700000
1997	1607960
1997	1542640
1997	1316100
1997	1122690
1997	945650
1997	810000
1997	800000
1997	757578
1997	755000
1997	635000
1997	628425
1997	604100
1997	600259
1997	528793
1997	503358
1997	406388
1997	389334
1997	321454
1997	317659
1997	300000
1997	260000
1997	250000
1997	227181
1997	199581
1997	183343
1997	164600
1997	160800
1997	148920
1997	146204
1997	145000
1997	141135
1997	130000
1997	114310
1997	110000
1997	100000
1997	93648
1997	93200
1997	91000
1997	90000
1997	86000
1997	83299
1997	82000
1997	79480
1997	77482
1997	73397
1997	70000
1997	68898
1997	60000
1997	56307
1997	52917
1997	49725
1997	45156
1997	41700
1997	40000
1997	38215
1997	35494
1997	35000
1997	28000
1997	28000
1997	26000
1997	25000
1997	23132
1997	18868
1997	18151
1997	17400
1997	16221
1997	16000
1997	15400
1997	12219
1997	11415
1997	11000
1997	10500
1997	10000
1997	9557
1997	9500
1997	9283
1997	8529
1997	7498
1997	6300
1997	6210
1997	6150
1997	5483
1997	4281
1997	4255
1997	3971
1997	3870
1997	3841
1997	3400
1997	3215
1997	1920
1997	1900
1997	960
1997	849
1997	757
1997	730
1997	600
1997	600
1997	594
1997	550
1997	506
1997	472
1997	457
1997	400
1997	344
1997	338
1997	330
1997	270
1997	250
1997	250
1997	216
1997	200
1997	176
1997	154
1997	138
1997	77
1997	31
1997	15
1998	15100000
1998	5463440
1998	5322200
1998	4106700
1998	3733819
1998	3176750
1998	2429000
1998	1720000
1998	1525840
1998	1518470
1998	1399140
1998	1315190
1998	1035000
1998	861916
1998	835800
1998	812921
1998	768500
1998	729514
1998	655570
1998	624735
1998	595000
1998	576220
1998	564148
1998	535000
1998	385200
1998	319760
1998	318361
1998	310000
1998	287669
1998	283114
1998	282378
1998	260000
1998	222957
1998	215655
1998	188000
1998	172850
1998	150613
1998	150000
1998	146000
1998	120000
1998	115000
1998	110678
1998	108590
1998	108093
1998	102000
1998	94652
1998	93000
1998	87867
1998	87000
1998	85110
1998	81000
1998	80000
1998	80000
1998	73785
1998	71454
1998	70500
1998	65200
1998	57340
1998	53451
1998	51217
1998	49270
1998	43264
1998	42500
1998	37582
1998	33500
1998	32000
1998	30000
1998	29000
1998	25169
1998	25000
1998	24477
1998	20653
1998	19948
1998	19000
1998	19000
1998	17800
1998	15200
1998	13000
1998	12500
1998	11200
1998	11000
1998	9769
1998	9525
1998	9343
1998	8772
1998	7000
1998	6743
1998	6519
1998	6500
1998	6260
1998	4883
1998	4689
1998	4495
1998	4207
1998	3967
1998	3300
1998	2419
1998	2416
1998	2103
1998	1920
1998	1130
1998	1052
1998	930
1998	895
1998	730
1998	650
1998	595
1998	520
1998	507
1998	500
1998	457
1998	435
1998	325
1998	322
1998	319
1998	290
1998	290
1998	240
1998	237
1998	230
1998	162
1998	160
1998	154
1998	84
1998	36
1998	15
1999	16810000
1999	6392020
1999	5478350
1999	4570650
1999	4406771
1999	3375850
1999	2351000
1999	1900000
1999	1738010
1999	1725950
1999	1511370
1999	1288400
1999	913000
1999	790000
1999	788332
1999	775961
1999	749920
1999	728999
1999	622924
1999	600000
1999	562000
1999	548836
1999	545000
1999	452579
1999	432022
1999	364915
1999	343822
1999	316300
1999	315000
1999	305157
1999	300000
1999	290000
1999	290000
1999	265000
1999	225167
1999	185667
1999	175000
1999	167583
1999	158052
1999	147000
1999	125150
1999	117810
1999	115464
1999	112000
1999	110700
1999	106820
1999	95000
1999	88787
1999	88000
1999	85000
1999	82434
1999	82000
1999	81280
1999	79526
1999	75073
1999	71000
1999	69988
1999	65300
1999	58904
1999	58227
1999	54710
1999	45600
1999	42662
1999	36358
1999	35000
1999	35000
1999	34000
1999	31716
1999	31500
1999	30100
1999	29603
1999	26365
1999	23379
1999	22286
1999	20000
1999	20000
1999	20000
1999	15000
1999	13500
1999	13000
1999	11500
1999	11158
1999	9497
1999	9100
1999	7550
1999	7533
1999	7283
1999	6800
1999	5500
1999	5455
1999	4700
1999	4495
1999	4460
1999	4251
1999	4000
1999	3929
1999	3471
1999	2500
1999	2125
1999	1950
1999	1525
1999	1063
1999	940
1999	917
1999	810
1999	725
1999	688
1999	600
1999	500
1999	469
1999	469
1999	457
1999	410
1999	352
1999	345
1999	290
1999	280
1999	242
1999	239
1999	232
1999	175
1999	170
1999	136
1999	85
1999	40
1999	16
2000	14137300
2000	6477040
2000	5663360
2000	5139905
2000	4929570
2000	3746960
2000	2181000
2000	2029700
2000	1863250
2000	1593630
2000	1514000
2000	1124800
2000	955000
2000	810000
2000	763635
2000	760505
2000	700900
2000	660398
2000	626330
2000	610000
2000	572000
2000	540000
2000	513884
2000	469000
2000	422322
2000	396973
2000	373177
2000	322500
2000	316194
2000	312000
2000	310000
2000	305300
2000	300000
2000	290000
2000	265587
2000	256867
2000	175000
2000	161926
2000	161755
2000	146000
2000	139431
2000	125700
2000	119200
2000	118000
2000	110000
2000	102000
2000	100000
2000	90099
2000	90000
2000	87502
2000	85000
2000	81117
2000	72000
2000	70000
2000	69072
2000	68000
2000	65600
2000	64000
2000	59115
2000	56986
2000	56182
2000	48700
2000	48359
2000	46000
2000	44800
2000	38260
2000	37000
2000	33500
2000	32150
2000	30000
2000	26000
2000	21511
2000	21000
2000	20832
2000	20039
2000	20000
2000	18644
2000	13154
2000	13000
2000	12000
2000	10000
2000	9430
2000	8500
2000	8500
2000	7271
2000	7030
2000	6500
2000	6260
2000	6150
2000	6000
2000	5265
2000	4760
2000	4525
2000	4500
2000	4050
2000	3771
2000	3250
2000	3000
2000	2380
2000	1970
2000	1525
2000	1053
2000	1020
2000	1000
2000	730
2000	710
2000	700
2000	679
2000	542
2000	533
2000	520
2000	500
2000	500
2000	362
2000	355
2000	336
2000	290
2000	268
2000	260
2000	250
2000	180
2000	160
2000	144
2000	95
2000	31
2000	18
2001	14209900
2001	6176960
2001	6077040
2001	5477074
2001	5059360
2001	4300420
2001	2061000
2001	2028000
2001	2021130
2001	1548900
2001	1469640
2001	1125500
2001	1100000
2001	849293
2001	832000
2001	752070
2001	735079
2001	631766
2001	629669
2001	606000
2001	542156
2001	532608
2001	530000
2001	515844
2001	442009
2001	421931
2001	372204
2001	358388
2001	318062
2001	312690
2001	310544
2001	302280
2001	300000
2001	295000
2001	290000
2001	276301
2001	199494
2001	164533
2001	163388
2001	149687
2001	146000
2001	142000
2001	130000
2001	118897
2001	111889
2001	110000
2001	108000
2001	100400
2001	95860
2001	93899
2001	87000
2001	82739
2001	80000
2001	75000
2001	73000
2001	66700
2001	64265
2001	63937
2001	60003
2001	58536
2001	50000
2001	48700
2001	47565
2001	47000
2001	46000
2001	43139
2001	40565
2001	33680
2001	27008
2001	27000
2001	25000
2001	24319
2001	21900
2001	21880
2001	20191
2001	20000
2001	19554
2001	17125
2001	13000
2001	12701
2001	12000
2001	11911
2001	11000
2001	10200
2001	9800
2001	7396
2001	7151
2001	6420
2001	6200
2001	5923
2001	5355
2001	4600
2001	4538
2001	4100
2001	3315
2001	3229
2001	3210
2001	2870
2001	2640
2001	2055
2001	1420
2001	1000
2001	958
2001	930
2001	811
2001	800
2001	704
2001	700
2001	699
2001	674
2001	574
2001	550
2001	379
2001	371
2001	361
2001	351
2001	308
2001	300
2001	300
2001	260
2001	188
2001	180
2001	133
2001	128
2001	25
2001	24
2002	13304400
2002	6422860
2002	5783821
2002	5611440
2002	5274830
2002	4384380
2002	2204620
2002	1996780
2002	1975000
2002	1602980
2002	1561060
2002	1312020
2002	1150000
2002	1097000
2002	877588
2002	860000
2002	692886
2002	659324
2002	654000
2002	615000
2002	590847
2002	536500
2002	521692
2002	502877
2002	500000
2002	408733
2002	392492
2002	330000
2002	320956
2002	319726
2002	313380
2002	313314
2002	308000
2002	306760
2002	300000
2002	206900
2002	180000
2002	170110
2002	169085
2002	162300
2002	146000
2002	142900
2002	140000
2002	115000
2002	114984
2002	109000
2002	107952
2002	100020
2002	100000
2002	97113
2002	96400
2002	95000
2002	84393
2002	73500
2002	70447
2002	67700
2002	65000
2002	60891
2002	56366
2002	53000
2002	49918
2002	48650
2002	48000
2002	47403
2002	47400
2002	43064
2002	42000
2002	32915
2002	31575
2002	28668
2002	23000
2002	21900
2002	21500
2002	21438
2002	20061
2002	19504
2002	18000
2002	14000
2002	13500
2002	11969
2002	10500
2002	9070
2002	8071
2002	7601
2002	7349
2002	7200
2002	6500
2002	5678
2002	5503
2002	5442
2002	4800
2002	4500
2002	4100
2002	3876
2002	3200
2002	3000
2002	2839
2002	2325
2002	2000
2002	1703
2002	1256
2002	1000
2002	853
2002	850
2002	738
2002	732
2002	714
2002	700
2002	675
2002	619
2002	570
2002	412
2002	400
2002	345
2002	333
2002	330
2002	326
2002	310
2002	230
2002	200
2002	200
2002	165
2002	131
2002	113
2002	29
2002	21
2003	13856600
2003	6800980
2003	6453810
2003	6126341
2003	5368980
2003	4177160
2003	2144000
2003	2065950
2003	1899800
2003	1647700
2003	1600000
2003	1399380
2003	1281800
2003	1050000
2003	870886
2003	870000
2003	743466
2003	735174
2003	649730
2003	603307
2003	559760
2003	530000
2003	514951
2003	509688
2003	508980
2003	402090
2003	352025
2003	350000
2003	337248
2003	315400
2003	313880
2003	311264
2003	310000
2003	300000
2003	290000
2003	287000
2003	264772
2003	182962
2003	175150
2003	172950
2003	172500
2003	170741
2003	154073
2003	140000
2003	121239
2003	116110
2003	115000
2003	110000
2003	110000
2003	101180
2003	99010
2003	94000
2003	90000
2003	90000
2003	88000
2003	76000
2003	71800
2003	62294
2003	61000
2003	58983
2003	55000
2003	52000
2003	51916
2003	50352
2003	50000
2003	50000
2003	31289
2003	30123
2003	28750
2003	28280
2003	28200
2003	22526
2003	21377
2003	18176
2003	18148
2003	16817
2003	16000
2003	16000
2003	14300
2003	13200
2003	12090
2003	12000
2003	10251
2003	10200
2003	9247
2003	7750
2003	7675
2003	6700
2003	4861
2003	4793
2003	4300
2003	4052
2003	3873
2003	3400
2003	3300
2003	3200
2003	3100
2003	2396
2003	1771
2003	1278
2003	1060
2003	1000
2003	840
2003	814
2003	796
2003	792
2003	753
2003	725
2003	685
2003	600
2003	522
2003	411
2003	403
2003	389
2003	301
2003	300
2003	295
2003	291
2003	270
2003	264
2003	210
2003	205
2003	171
2003	150
2003	95
2003	27
2003	20
2004	16744500
2004	6583560
2004	6210700
2004	6132280
2004	5631250
2004	4874440
2004	2489010
2004	2361140
2004	2118000
2004	1702570
2004	1650000
2004	1329400
2004	1110000
2004	1078860
2004	880000
2004	875123
2004	811232
2004	797739
2004	706585
2004	602436
2004	600000
2004	510000
2004	501000
2004	497076
2004	468322
2004	463047
2004	454200
2004	418121
2004	360000
2004	354428
2004	319779
2004	313470
2004	305000
2004	300000
2004	289157
2004	279767
2004	257237
2004	189283
2004	189000
2004	181829
2004	176965
2004	170820
2004	148321
2004	134000
2004	130000
2004	129200
2004	127424
2004	125000
2004	116164
2004	115604
2004	113348
2004	107605
2004	92012
2004	89480
2004	89000
2004	85600
2004	85555
2004	62238
2004	62000
2004	56490
2004	52284
2004	50888
2004	46000
2004	45726
2004	45000
2004	44031
2004	37050
2004	35298
2004	34000
2004	31423
2004	28200
2004	25250
2004	23674
2004	22932
2004	18184
2004	18000
2004	18000
2004	17670
2004	14500
2004	13500
2004	12611
2004	12000
2004	9148
2004	9081
2004	8750
2004	7924
2004	7679
2004	7530
2004	7180
2004	6800
2004	5000
2004	4806
2004	4667
2004	4302
2004	3956
2004	3500
2004	3500
2004	3000
2004	2333
2004	2230
2004	1435
2004	1032
2004	1000
2004	1000
2004	900
2004	888
2004	859
2004	844
2004	771
2004	771
2004	635
2004	508
2004	461
2004	415
2004	374
2004	310
2004	308
2004	283
2004	263
2004	237
2004	220
2004	211
2004	210
2004	185
2004	92
2004	50
2004	29
2004	22
2005	18887800
2005	6703400
2005	6666845
2005	6298230
2005	6118430
2005	5177610
2005	2250040
2005	2007480
2005	1875000
2005	1798710
2005	1720000
2005	1623470
2005	1344200
2005	1231000
2005	929950
2005	922600
2005	900000
2005	898710
2005	887072
2005	600000
2005	589000
2005	562568
2005	547433
2005	529714
2005	450000
2005	439228
2005	370000
2005	361191
2005	351612
2005	345156
2005	313970
2005	310000
2005	304045
2005	300000
2005	289013
2005	265570
2005	260361
2005	211450
2005	205312
2005	190000
2005	180896
2005	163477
2005	153560
2005	150000
2005	129000
2005	117791
2005	112000
2005	104426
2005	101459
2005	95000
2005	93768
2005	92269
2005	90570
2005	89905
2005	81200
2005	76000
2005	74678
2005	66890
2005	65000
2005	57830
2005	52201
2005	51590
2005	50000
2005	49915
2005	48425
2005	48000
2005	32752
2005	32176
2005	28998
2005	28930
2005	28800
2005	26720
2005	26642
2005	26320
2005	26317
2005	24126
2005	18500
2005	18267
2005	16000
2005	15000
2005	14762
2005	12852
2005	11580
2005	11250
2005	9800
2005	9480
2005	7089
2005	7000
2005	6300
2005	6154
2005	5300
2005	4863
2005	4825
2005	3910
2005	3867
2005	3800
2005	3500
2005	2412
2005	2376
2005	2000
2005	1925
2005	1141
2005	1067
2005	1000
2005	972
2005	854
2005	777
2005	750
2005	720
2005	660
2005	525
2005	464
2005	386
2005	380
2005	315
2005	293
2005	278
2005	276
2005	272
2005	201
2005	200
2005	193
2005	192
2005	185
2005	95
2005	40
2005	27
2005	19
2006	20997800
2006	7115277
2006	6956180
2006	6794560
2006	6127060
2006	5037470
2006	3507450
2006	2268000
2006	2196160
2006	1863750
2006	1780000
2006	1676500
2006	1649240
2006	1350000
2006	969967
2006	920000
2006	909060
2006	890000
2006	855090
2006	618885
2006	563128
2006	538852
2006	518500
2006	508982
2006	500828
2006	410448
2006	380000
2006	380000
2006	358272
2006	348368
2006	343689
2006	339517
2006	315000
2006	314470
2006	280000
2006	245798
2006	227942
2006	203000
2006	187384
2006	181732
2006	181000
2006	178205
2006	155000
2006	150450
2006	130000
2006	122028
2006	117500
2006	115500
2006	115000
2006	112495
2006	110551
2006	103514
2006	97500
2006	88000
2006	87958
2006	87400
2006	77000
2006	70000
2006	64555
2006	56000
2006	52634
2006	52250
2006	52250
2006	50000
2006	49490
2006	45220
2006	42649
2006	42113
2006	36909
2006	32000
2006	31648
2006	30738
2006	30000
2006	27416
2006	25955
2006	23149
2006	22000
2006	19000
2006	14605
2006	14350
2006	10771
2006	10313
2006	10000
2006	9752
2006	8000
2006	7710
2006	7000
2006	6798
2006	6600
2006	6600
2006	5500
2006	5000
2006	4500
2006	4200
2006	3871
2006	3750
2006	3601
2006	3582
2006	3413
2006	3000
2006	1970
2006	1709
2006	1701
2006	1000
2006	1000
2006	800
2006	800
2006	794
2006	770
2006	700
2006	680
2006	558
2006	450
2006	355
2006	300
2006	266
2006	208
2006	200
2006	195
2006	193
2006	187
2006	186
2006	170
2006	67
2006	37
2006	28
2006	13
2006	11
2007	23823000
2007	8038389
2007	7484070
2007	7098350
2007	6002300
2007	5454230
2007	3082610
2007	2246220
2007	2079110
2007	1964550
2007	1929280
2007	1819870
2007	1700570
2007	1355000
2007	1024000
2007	1004520
2007	945429
2007	940000
2007	690479
2007	593370
2007	574137
2007	545162
2007	540000
2007	518291
2007	512187
2007	427860
2007	390000
2007	385900
2007	362700
2007	358177
2007	345749
2007	325000
2007	314920
2007	295000
2007	261059
2007	260911
2007	213193
2007	201802
2007	189107
2007	182490
2007	182000
2007	160000
2007	157962
2007	143625
2007	136898
2007	130814
2007	130000
2007	120370
2007	120000
2007	120000
2007	109516
2007	102545
2007	101000
2007	98000
2007	89700
2007	84511
2007	71084
2007	66000
2007	62301
2007	57500
2007	53500
2007	53257
2007	51000
2007	50000
2007	46000
2007	45291
2007	44391
2007	34910
2007	33000
2007	32389
2007	32000
2007	32000
2007	30000
2007	28892
2007	28579
2007	23000
2007	20000
2007	19000
2007	14500
2007	14000
2007	13000
2007	11612
2007	9026
2007	8910
2007	7100
2007	6800
2007	6532
2007	6160
2007	6000
2007	6000
2007	5892
2007	5800
2007	5200
2007	4300
2007	3974
2007	3607.5
2007	3603
2007	3586
2007	3401
2007	2852
2007	2100
2007	2000
2007	1685
2007	1000
2007	952
2007	840
2007	800
2007	790
2007	774
2007	756
2007	720
2007	623
2007	400
2007	360
2007	350
2007	320
2007	280
2007	257
2007	205
2007	200
2007	187
2007	179
2007	170
2007	160
2007	80
2007	60
2007	35
2007	12
2008	26217000
2008	8687620
2008	8042372
2008	6998150
2008	6701150
2008	6004620
2008	2448390
2008	2447100
2008	2150800
2008	1987600
2008	1886770
2008	1759960
2008	1540480
2008	1400000
2008	1078040
2008	1062450
2008	970000
2008	877123
2008	843465
2008	690479
2008	582845
2008	561600
2008	456522
2008	446531
2008	430000
2008	394000
2008	393141
2008	383836
2008	371228
2008	315470
2008	305675
2008	280800
2008	272331
2008	249247
2008	245298
2008	214712
2008	207061
2008	201115
2008	194333
2008	183305
2008	180000
2008	163151
2008	162000
2008	157319
2008	151000
2008	128796
2008	124892
2008	120000
2008	114462
2008	113366
2008	109351
2008	102391
2008	99000
2008	89700
2008	88724
2008	85186
2008	76792
2008	68053
2008	63000
2008	58597
2008	58321
2008	55000
2008	52000
2008	51762
2008	48783
2008	43798
2008	41540
2008	40000
2008	36285
2008	36200
2008	36000
2008	33305
2008	30500
2008	29744
2008	29000
2008	22896
2008	19500
2008	18237
2008	14500
2008	14434
2008	13530
2008	10463
2008	10000
2008	8500
2008	8426
2008	8210
2008	7890
2008	5800
2008	5774
2008	5685
2008	5650
2008	5120
2008	4605
2008	4281
2008	4000
2008	3600
2008	3600
2008	3285
2008	3060
2008	2090
2008	1881
2008	1648
2008	1256
2008	944
2008	836
2008	821
2008	800
2008	796
2008	786
2008	710
2008	657
2008	650
2008	350
2008	348
2008	328
2008	325
2008	320
2008	279
2008	239
2008	204
2008	171
2008	170
2008	163
2008	146
2008	90
2008	67
2008	34
2008	13
2009	26469500
2009	9013190
2009	9006450
2009	7637320
2009	6783480
2009	6373530
2009	3219000
2009	2544240
2009	2232360
2009	2020390
2009	1845820
2009	1588740
2009	1528080
2009	1400000
2009	1120520
2009	1000000
2009	980000
2009	843465
2009	836183
2009	718597
2009	624000
2009	591615
2009	589589
2009	432000
2009	400000
2009	400000
2009	370805
2009	359000
2009	320535
2009	315971
2009	284298
2009	281550
2009	279762
2009	270393
2009	254977
2009	245400
2009	240000
2009	208596
2009	204517
2009	189525
2009	179602
2009	170000
2009	155000
2009	154825
2009	154227
2009	134114
2009	132418
2009	125000
2009	123000
2009	116455
2009	109310
2009	102352
2009	99500
2009	93510
2009	91000
2009	88849
2009	82267
2009	68070
2009	65000
2009	59300
2009	58840
2009	56539
2009	56200
2009	53972
2009	53000
2009	52765
2009	46595
2009	43834
2009	40000
2009	39726
2009	36000
2009	33500
2009	30000
2009	29000
2009	27456
2009	25000
2009	25000
2009	21619
2009	16075
2009	15800
2009	12489
2009	10920
2009	9424
2009	8689
2009	8390
2009	7000
2009	6385
2009	6200
2009	6000
2009	5770
2009	5700
2009	5431
2009	5405
2009	4340
2009	3807
2009	3733
2009	3700
2009	3409
2009	2651
2009	2547
2009	2183
2009	1733
2009	1145
2009	1060
2009	1010
2009	997
2009	997
2009	883
2009	842
2009	761
2009	710
2009	690
2009	441
2009	380
2009	368
2009	354
2009	330
2009	319
2009	273
2009	198
2009	193
2009	189
2009	180
2009	169
2009	101
2009	76
2009	31
2009	19
2010	29780000
2010	9848895
2010	9101340
2010	7931060
2010	6962790
2010	5755070
2010	2924700
2010	2637570
2010	2103360
2010	2034340
2010	1912660
2010	1803940
2010	1584900
2010	1481400
2010	1050000
2010	1028950
2010	950200
2010	818254
2010	791570
2010	750788
2010	735045
2010	684000
2010	600000
2010	432700
2010	418000
2010	412100
2010	393271
2010	376700
2010	338280
2010	335000
2010	316472
2010	314270
2010	302173
2010	294530
2010	280000
2010	270572
2010	249200
2010	231800
2010	210178
2010	201500
2010	192000
2010	171000
2010	159000
2010	158178
2010	157600
2010	141200
2010	133352
2010	126000
2010	124500
2010	115000
2010	108300
2010	101415
2010	100000
2010	94272
2010	91500
2010	91042
2010	87500
2010	79856
2010	70100
2010	68000
2010	64500
2010	63850
2010	62500
2010	60500
2010	56700
2010	56539
2010	53000
2010	47000
2010	44400
2010	43753
2010	39000
2010	35213.8
2010	34400
2010	33400
2010	32400
2010	27200
2010	21000
2010	21000
2010	18000
2010	16000
2010	13600
2010	11936
2010	8900
2010	8200
2010	8074
2010	7800
2010	7200
2010	6500
2010	6400
2010	6100
2010	5980
2010	5750
2010	5200
2010	4900
2010	4300
2010	3800
2010	3300
2010	3100
2010	3000
2010	3000
2010	2208
2010	1400
2010	1200
2010	1100
2010	1100
2010	1089
2010	890
2010	860
2010	850
2010	810
2010	720
2010	710
2010	490
2010	430
2010	400
2010	370
2010	340
2010	320
2010	320
2010	220
2010	195
2010	170
2010	170
2010	170
2010	110
2010	90
2010	30
2010	20
