1980	11991
1980	10809
1980	10285
1980	2526
1980	2246
1980	2129
1980	2114
1980	2060
1980	1827
1980	1816.231
1980	1760
1980	1747
1980	1683
1980	1674.25
1980	1659
1980	1143
1980	613
1980	528.743
1980	508
1980	483
1980	460.24
1980	284
1980	284
1980	270
1980	252
1980	244.5
1980	213.9
1980	207
1980	200
1980	185.5
1980	176
1980	164
1980	150
1980	134
1980	124.431
1980	110
1980	88
1980	83
1980	68
1980	65
1980	58
1980	58
1980	57
1980	46
1980	44
1980	40.973
1980	39.5
1980	35
1980	32
1980	30.747
1980	30.3
1980	30
1980	20
1980	16
1980	12.92
1980	11.2
1980	9
1980	9
1980	8
1980	8
1980	6
1980	5.2825
1980	5
1980	4
1980	4
1980	3
1980	2.08975
1980	2
1980	2
1980	2
1980	1.3
1980	1.067
1980	1
1980	1
1980	1
1980	1
1981	12150
1981	10738.69863
1981	10265
1981	2554
1981	2177
1981	2012
1981	1873.608
1981	1712
1981	1662.74
1981	1538
1981	1438
1981	1402
1981	1195
1981	1175
1981	1052
1981	1009
1981	616
1981	513.818
1981	513
1981	474.194
1981	430
1981	329.4
1981	321
1981	283.06
1981	265
1981	255
1981	243
1981	214
1981	199
1981	188
1981	166
1981	152
1981	133
1981	130
1981	118
1981	108.468
1981	92
1981	88
1981	87
1981	83
1981	68
1981	58
1981	55
1981	52
1981	44
1981	43.7442
1981	38
1981	36
1981	33.368
1981	28
1981	27
1981	26
1981	20
1981	14.7459
1981	12
1981	11.2
1981	10
1981	10
1981	9
1981	8
1981	8
1981	8
1981	5
1981	4
1981	4
1981	4
1981	3.94
1981	3
1981	3
1981	2.3
1981	2.09
1981	2
1981	2
1981	1.2932
1981	1
1981	1
1981	1
1981	0.8412
1982	12227
1982	10782.60822
1982	6929
1982	3003
1982	2236
1982	2164.454
1982	2045
1982	1973
1982	1639.442
1982	1431
1982	1343
1982	1300
1982	1190
1982	1046
1982	1021
1982	872
1982	691
1982	533.739
1982	507
1982	443.505
1982	394.5
1982	361
1982	348.19
1982	326
1982	307
1982	255.7
1982	214
1982	201
1982	182.8
1982	179
1982	160
1982	157
1982	149
1982	122
1982	120
1982	116.652
1982	109
1982	89
1982	89
1982	86
1982	65
1982	64
1982	62
1982	54
1982	53
1982	52.568
1982	45.692
1982	44
1982	34.1658
1982	30
1982	30
1982	29
1982	24
1982	23
1982	20
1982	17
1982	13.2
1982	12.58
1982	12
1982	11
1982	10
1982	9
1982	9
1982	8
1982	6
1982	5.5
1982	4
1982	4
1982	3
1982	2.1
1982	2.0142
1982	2
1982	2
1982	1.1242
1982	1
1982	1
1982	1
1982	1
1982	1
1983	12302
1983	10787.76164
1983	5430
1983	2954
1983	2460
1983	2430.115
1983	2120
1983	1874
1983	1691.612
1983	1448
1983	1272
1983	1246
1983	1135
1983	1127
1983	1018.26
1983	1014
1983	753
1983	664.137
1983	504
1983	489.469
1983	485
1983	459.51
1983	377
1983	366
1983	321
1983	255
1983	240
1983	187
1983	177
1983	174
1983	167
1983	163
1983	158
1983	158
1983	129.087
1983	120
1983	114
1983	89
1983	87
1983	87
1983	78
1983	75
1983	66.527
1983	61
1983	55
1983	52
1983	50
1983	45.821
1983	44.3428
1983	40.591
1983	38.5
1983	30
1983	28.5
1983	28
1983	28
1983	25
1983	24
1983	18
1983	18
1983	14.2
1983	14
1983	13
1983	10
1983	8
1983	7
1983	5
1983	4
1983	4
1983	4
1983	3.0672
1983	3
1983	2.1
1983	2
1983	2
1983	1.0718
1983	1
1983	1
1983	1
1983	1
1983	1
1983	0.22
1984	12201
1984	11107.43989
1984	5033
1984	3049.53766
1984	2652.0676
1984	2296
1984	2196
1984	1872
1984	1809.707
1984	1498
1984	1393
1984	1279
1984	1233
1984	1218
1984	1124
1984	1115
1984	848
1984	755.697
1984	614.37
1984	570.58205
1984	525
1984	498
1984	451
1984	423
1984	417
1984	261
1984	252
1984	208
1984	187
1984	175
1984	174
1984	173
1984	170
1984	158
1984	139.973
1984	135
1984	121
1984	120
1984	93
1984	84
1984	82.39767
1984	82
1984	62.6117
1984	55
1984	55
1984	51
1984	50
1984	46.4
1984	45.86096
1984	39.61904
1984	37.11099
1984	32
1984	32
1984	31
1984	30
1984	28
1984	27
1984	27
1984	20
1984	18.2
1984	16
1984	13
1984	11
1984	8
1984	7
1984	5.78528
1984	5
1984	4.18552
1984	4
1984	4
1984	4
1984	3.89993
1984	2.4
1984	2
1984	2
1984	2
1984	1.29755
1984	1
1984	1
1984	1
1984	1
1984	0.41
1984	0.05794
1985	11935
1985	11192.37808
1985	3778.01
1985	3027.27825
1985	2711.47695
1985	2505
1985	2272
1985	1848.344
1985	1757
1985	1500
1985	1447
1985	1380
1985	1356
1985	1142.071
1985	1086
1985	1085
1985	915
1985	826.742
1985	734.35
1985	664.61293
1985	626
1985	502
1985	485
1985	451
1985	332
1985	284
1985	235
1985	231
1985	193
1985	185
1985	182
1985	178
1985	178
1985	173
1985	168
1985	148.213
1985	120
1985	114
1985	106
1985	100.79353
1985	90
1985	84
1985	63.20489
1985	60
1985	58.07495
1985	55
1985	53
1985	50.55
1985	49
1985	47.6
1985	40.15802
1985	39.60467
1985	36.2
1985	33
1985	30
1985	30
1985	28.8
1985	26
1985	25
1985	23.8
1985	19
1985	11
1985	10
1985	8
1985	6
1985	6
1985	5.83648
1985	4.22003
1985	4
1985	4
1985	3
1985	2
1985	2
1985	1.59302
1985	1
1985	1
1985	1
1985	1
1985	1
1985	0.735
1985	0.60049
1985	0.26928
1985	0.2
1986	12226.10138
1986	10905.24658
1986	5254.63966
1986	2802.53733
1986	2735.07471
1986	2587.5074
1986	2043.93462
1986	1890.19818
1986	1862.6219
1986	1696.1687
1986	1515.31226
1986	1482.68954
1986	1469.90721
1986	1425.53759
1986	1190.26068
1986	1061.62687
1986	910.26988
1986	826.49893
1986	739.97058
1986	645.72514
1986	606.18136
1986	562.74532
1986	513.12304
1986	471.05425
1986	331.15945
1986	315.15478
1986	294.55074
1986	281.32697
1986	232.5671
1986	190.1442
1986	181.20454
1986	176.78192
1986	176.67159
1986	166.41257
1986	165.91413
1986	147.583
1986	123.43396
1986	118.73098
1986	110.58057
1986	107.18935
1986	87.11762
1986	76.18792
1986	67.13157
1986	67.08692
1986	63.67566
1986	54.61346
1986	52.68359
1986	52.33086
1986	52.2787
1986	46.7563
1986	44.61519
1986	44.20078
1986	42.83712
1986	42.10929
1986	31.96151
1986	25.17439
1986	24.23796
1986	24.12287
1986	23.33858
1986	19.93416
1986	17.05005
1986	8.58627
1986	8
1986	7.89496
1986	6.37395
1986	6.06952
1986	5.06185
1986	4.76423
1986	2
1986	1.97853
1986	1.85393
1986	1.74176
1986	1.60454
1986	1.21727
1986	1.08007
1986	0.8
1986	0.6521
1986	0.61571
1986	0.23041
1986	0.19584
1986	0.15302
1986	0.14657
1986	0.1403
1986	0.06416
1986	0.02918
1986	0.01948
1986	0.01662
1986	0.00264
1987	12389.51996
1987	10647.61881
1987	4673.71736
1987	2897.76744
1987	2680.48857
1987	2612.83695
1987	2313.31914
1987	2086.49227
1987	1960.25673
1987	1857.25159
1987	1686.27839
1987	1664.2048
1987	1369.62272
1987	1344.40404
1987	1199.75516
1987	1056.23435
1987	999.0107
1987	910.59658
1987	767.53431
1987	638.62713
1987	626.87336
1987	586.91883
1987	508.20491
1987	471.52318
1987	396.01934
1987	359.34804
1987	318.54792
1987	226.82858
1987	225.72684
1987	175.30169
1987	173.71429
1987	162.14435
1987	155.8284
1987	154.89098
1987	150.20697
1987	143.369
1987	122.88339
1987	118.31235
1987	111.38053
1987	108.53584
1987	96.88202
1987	89.78293
1987	85.02164
1987	72.14077
1987	60.20391
1987	54.90148
1987	53.62027
1987	51.87861
1987	48.63332
1987	48.4569
1987	44.12655
1987	43.75559
1987	43.21763
1987	42.07039
1987	32.11071
1987	24.63208
1987	24.37353
1987	23.57221
1987	18.70116
1987	17.98511
1987	17.20662
1987	16.87306
1987	7
1987	5.68756
1987	5.55078
1987	5.54907
1987	5.38922
1987	5
1987	4.02652
1987	2.49037
1987	2
1987	1.81014
1987	1.62531
1987	1.40351
1987	1.21972
1987	1.05774
1987	1.03909
1987	0.70725
1987	0.68193
1987	0.61785
1987	0.61571
1987	0.24685
1987	0.1583
1987	0.12925
1987	0.09789
1987	0.09429
1987	0.07825
1987	0.07149
1987	0.06781
1987	0.04351
1987	0.02652
1988	12424.54816
1988	10473.08197
1988	5577.20362
1988	2888.94511
1988	2722.22788
1988	2699.00939
1988	2442.71679
1988	2253.24351
1988	2056.74362
1988	2008.21083
1988	1694.79475
1988	1579.22674
1988	1453.98671
1988	1368.83013
1988	1201.68334
1988	1199.27302
1988	1173.53572
1988	872.59297
1988	750.79499
1988	654.51519
1988	632.63654
1988	621.69212
1988	550.66328
1988	492.12401
1988	451.34969
1988	387.25101
1988	378.27936
1988	303.46003
1988	259.83973
1988	202.89889
1988	171.80728
1988	162.71632
1988	158.95961
1988	155.90959
1988	154.64378
1988	148.20751
1988	143.8932
1988	139.58026
1988	119.31637
1988	108.86679
1988	108.70178
1988	107.66721
1988	98.85976
1988	87.39078
1988	67.25542
1988	64.93717
1988	59.53452
1988	53.07634
1988	52.54361
1988	52.53257
1988	46.1589
1988	45.63417
1988	45.14428
1988	43.57588
1988	37.71346
1988	30.16333
1988	26.76534
1988	24.45063
1988	24.40281
1988	15.00079
1988	13.86464
1988	13.28355
1988	11.76501
1988	8.19025
1988	5.85065
1988	5.74098
1988	5.44508
1988	5
1988	3.02382
1988	3
1988	2.37445
1988	2.23889
1988	1.49166
1988	1.40868
1988	1.15633
1988	1.0457
1988	0.83916
1988	0.76379
1988	0.46549
1988	0.4485
1988	0.39609
1988	0.29277
1988	0.27917
1988	0.16046
1988	0.15734
1988	0.1292
1988	0.11182
1988	0.08566
1988	0.07196
1988	0.03715
1988	0.03202
1988	0.02535
1989	12025.52851
1989	9880.41096
1989	5555.18073
1989	2944.54419
1989	2913.3321
1989	2830.68212
1989	2749.24024
1989	2030.73459
1989	2024.73204
1989	1996.6336
1989	1989.51788
1989	1877.62031
1989	1721.63691
1989	1569.52884
1989	1480.59448
1989	1233.90889
1989	1182.92791
1989	899.23642
1989	789.5309
1989	723.78642
1989	649.71478
1989	597.10074
1989	582.72137
1989	496.3969
1989	454.34741
1989	416.66854
1989	405.773
1989	337.13376
1989	280.5218
1989	207.83042
1989	192.73458
1989	189.85284
1989	169.6859
1989	163.88339
1989	153.13521
1989	149.22541
1989	142.22395
1989	128.74227
1989	116.94032
1989	116.16082
1989	109.59985
1989	101.59421
1989	99.3767
1989	77.27313
1989	76.84745
1989	62.56727
1989	56.71266
1989	53.51736
1989	53.38475
1989	51.95853
1989	51.1579
1989	48.03053
1989	46.73581
1989	38.73086
1989	35.68429
1989	32.00931
1989	28.22377
1989	27.26606
1989	25.46244
1989	20.627
1989	16.15033
1989	12.83403
1989	10.61705
1989	5.23831
1989	4.72863
1989	4.72227
1989	4.4209
1989	4.02924
1989	4
1989	4
1989	2.53431
1989	1.71135
1989	1.6453
1989	1.20937
1989	0.95179
1989	0.84358
1989	0.8429
1989	0.66923
1989	0.48687
1989	0.45269
1989	0.28534
1989	0.21139
1989	0.13156
1989	0.11011
1989	0.09047
1989	0.08454
1989	0.07714
1989	0.04889
1989	0.02266
1989	0.01768
1989	0.01508
1990	11300.93852
1990	9677.54536
1990	7018.83364
1990	3113.044
1990	2991.70622
1990	2768.04442
1990	2262.17979
1990	2251.76592
1990	2064.448
1990	2040.12428
1990	1982.15062
1990	1816.85827
1990	1724.57074
1990	1537.02098
1990	1407.19696
1990	1314.65491
1990	1234.10971
1990	901.35229
1990	821.11709
1990	693.49644
1990	681.81278
1990	666.49448
1990	629.56985
1990	520.80672
1990	474.35485
1990	453.99815
1990	447.62222
1990	385.05789
1990	286.47828
1990	269.8357
1990	190.95913
1990	167.10147
1990	164.83652
1990	160.59853
1990	160.24832
1990	150.9715
1990	148.91012
1990	127.97529
1990	121.12745
1990	111.52665
1990	109.38149
1990	107.71648
1990	97.7073
1990	77.36143
1990	71.75255
1990	70.27655
1990	66.58838
1990	62.0385
1990	58.74794
1990	57.81278
1990	57.70308
1990	50.00124
1990	47.95983
1990	37.37874
1990	35.31714
1990	29.71371
1990	29.1844
1990	26.61214
1990	25.97264
1990	18.88087
1990	14.14321
1990	12.21765
1990	10.57794
1990	5.71853
1990	4.50988
1990	4
1990	3.95705
1990	3.90803
1990	3.9
1990	3.82956
1990	3.49063
1990	1.8025
1990	1.70517
1990	1.59095
1990	1.16354
1990	1.09747
1990	1.00148
1990	0.87511
1990	0.84412
1990	0.62053
1990	0.5905
1990	0.32522
1990	0.16485
1990	0.12828
1990	0.12321
1990	0.11728
1990	0.10436
1990	0.04659
1990	0.01818
1990	0.01677
1991	10313.41449
1991	9882.71
1991	8789.90176
1991	3357.59551
1991	3149.02361
1991	2836.20371
1991	2531.01697
1991	2509.84308
1991	2040.98815
1991	1994.67796
1991	1962.17599
1991	1898.17014
1991	1665.9638
1991	1520.91666
1991	1309.48924
1991	906.99024
1991	838.44905
1991	706.46764
1991	656.671
1991	639.26725
1991	635.18088
1991	529.19218
1991	499.34484
1991	490.55821
1991	446.79421
1991	429.77561
1991	301.52301
1991	300.64211
1991	293.83527
1991	193.88303
1991	191.3972
1991	171.38773
1991	155.73368
1991	152.93133
1991	152.10907
1991	148.01887
1991	145.82648
1991	143.63123
1991	113.79719
1991	112.95266
1991	109.03388
1991	106.1707
1991	104.16806
1991	85.28869
1991	80.00124
1991	77.47666
1991	77.41471
1991	67.70763
1991	63.34105
1991	60.77483
1991	58.10545
1991	49.13884
1991	43.85179
1991	41.7663
1991	31.71697
1991	29.81708
1991	28.05499
1991	25.99185
1991	19.06196
1991	18.62471
1991	16.10944
1991	11.95975
1991	9.12369
1991	6.57835
1991	5.07251
1991	4.43332
1991	4
1991	3.5
1991	2.82655
1991	2.58945
1991	2.14145
1991	1.81934
1991	1.37516
1991	1.04947
1991	0.90224
1991	0.87309
1991	0.83069
1991	0.74104
1991	0.61679
1991	0.29146
1991	0.27341
1991	0.22565
1991	0.2
1991	0.16336
1991	0.1102
1991	0.102
1991	0.07407
1991	0.05966
1991	0.03858
1991	0.03394
1991	0.01855
1992	9768.165
1992	9036.07454
1992	7818.71693
1992	3476.16116
1992	3133.8483
1992	2851.94239
1992	2519.64924
1992	2409.90238
1992	2224.92447
1992	2125.81493
1992	2044.89374
1992	1950.60942
1992	1576.90754
1992	1470.45919
1992	1341.1767
1992	1084.1664
1992	883.16327
1992	823.52195
1992	744.45117
1992	666.52189
1992	618.74827
1992	602.05884
1992	597.28541
1992	525.68738
1992	480.11274
1992	478.45598
1992	444.81074
1992	442.60453
1992	421.46908
1992	323.94067
1992	297.47835
1992	222.2473
1992	180.97396
1992	177.51521
1992	173.70976
1992	163.42971
1992	146.93911
1992	140.43551
1992	140.19349
1992	140.00083
1992	131.71644
1992	115.16208
1992	114.43272
1992	114.07538
1992	112.43841
1992	110.23985
1992	106.23124
1992	86.40051
1992	81.65835
1992	81.65399
1992	80.96551
1992	66.61334
1992	66.16103
1992	63.67468
1992	57.58649
1992	53
1992	48.65675
1992	44.61771
1992	42.53642
1992	41.52311
1992	40.7932
1992	29.37143
1992	28.49921
1992	27.44872
1992	25.9073
1992	22.684
1992	19.8002
1992	16.46466
1992	15.01327
1992	10.38858
1992	10.33765
1992	7.4276
1992	7.28011
1992	6.60849
1992	5.594
1992	5
1992	4.57746
1992	2.88939
1992	2.264
1992	2.23293
1992	1.55
1992	1.53448
1992	1.311
1992	1.30009
1992	1.25336
1992	1.23409
1992	1.23329
1992	1.1749
1992	0.99804
1992	0.86271
1992	0.41389
1992	0.40748
1992	0.38517
1992	0.34317
1992	0.28999
1992	0.13407
1992	0.13192
1992	0.1127
1992	0.05381
1992	0.01816
1992	0.00008
1993	9601.95046
1993	8893.56852
1993	6951.0065
1993	3591.23039
1993	3139.9889
1993	2903.46328
1993	2634.2971
1993	2384.64443
1993	2304.74704
1993	2250.20475
1993	2143.59226
1993	1966.9371
1993	1896.08941
1993	1588.09088
1993	1399.54433
1993	1311.67067
1993	898.06075
1993	839.39919
1993	779.57691
1993	660.38636
1993	646.67954
1993	589.63728
1993	577.56631
1993	557.52047
1993	522.5952
1993	508.37485
1993	470.30015
1993	467.31953
1993	406.72656
1993	348.69134
1993	312.38617
1993	218.4404
1993	206.45034
1993	194.52064
1993	180.76701
1993	177.68001
1993	174.33727
1993	142.78781
1993	140.03942
1993	136.88703
1993	127.14527
1993	125.88575
1993	125.877
1993	120.00124
1993	112.89483
1993	112.4889
1993	102.13204
1993	90.55313
1993	90.22204
1993	85.69882
1993	84.54281
1993	84.22388
1993	74.14588
1993	69.70037
1993	62.54939
1993	60.4851
1993	54.5956
1993	47.03622
1993	42.56105
1993	34.75571
1993	34.24195
1993	30.25164
1993	30.19462
1993	26.06411
1993	24.84136
1993	22.57744
1993	19.41023
1993	15.41604
1993	14.12893
1993	11.11899
1993	9.79499
1993	8.25439
1993	7.7982
1993	7.53177
1993	6.83251
1993	5.778
1993	5
1993	4.67653
1993	4.5
1993	3.62011
1993	2.49684
1993	2.08435
1993	2
1993	1.99832
1993	1.81067
1993	1.44166
1993	1.1995
1993	1.13191
1993	1.1152
1993	0.92199
1993	0.83229
1993	0.8
1993	0.79966
1993	0.59237
1993	0.29865
1993	0.1684
1993	0.14657
1993	0.13964
1993	0.13236
1993	0.06115
1993	0.05374
1993	0.0517
1993	0.0046
1993	0.00025
1994	9412.8656
1994	9101.1643
1994	6306.85915
1994	3672.47277
1994	3158.63464
1994	2957.31415
1994	2796.29424
1994	2700.45181
1994	2500.1779
1994	2342.82378
1994	2340.70405
1994	2114.43484
1994	1936.40082
1994	1589.00206
1994	1416.49625
1994	1295.62274
1994	957.17092
1994	903.68756
1994	814.18005
1994	712.92447
1994	676.32349
1994	650.63476
1994	624.80948
1994	567.26304
1994	563.48557
1994	535.37247
1994	467.05448
1994	462.41693
1994	416.46587
1994	370.0085
1994	334.71036
1994	328.40559
1994	195.09187
1994	191.18341
1994	185.61003
1994	180.22205
1994	179.7001
1994	154.09759
1994	149.11362
1994	140.50819
1994	137.37047
1994	127.50041
1994	127.04025
1994	118.46082
1994	115.78538
1994	115.4291
1994	110.00005
1994	108.33014
1994	95.96986
1994	89.85349
1994	87.27205
1994	81.65123
1994	80.99158
1994	74.03129
1994	71.56944
1994	62.9286
1994	58.22702
1994	57.65096
1994	57.35197
1994	55.01508
1994	47.80146
1994	36.45672
1994	34.40983
1994	31.37783
1994	29.09515
1994	26.60528
1994	26.29303
1994	25.84287
1994	24.27039
1994	14.42113
1994	14.19946
1994	12.69104
1994	12
1994	11.40015
1994	8.91368
1994	8.56427
1994	8.40878
1994	8.14947
1994	7.32588
1994	6.1846
1994	6
1994	5.93
1994	5.16078
1994	5
1994	3.31615
1994	2.8889
1994	2.78653
1994	1.82935
1994	1.64
1994	1.59105
1994	1.59019
1994	1.43603
1994	1.09459
1994	1.08796
1994	0.77456
1994	0.67223
1994	0.65986
1994	0.6
1994	0.25
1994	0.22167
1994	0.18635
1994	0.14526
1994	0.12848
1994	0.05567
1994	0.05374
1994	0.04531
1994	0.03199
1995	9399.89315
1995	9235.03793
1995	6172.48893
1995	3708.59932
1995	3075.21086
1995	3059.62461
1995	2982.23845
1995	2909.93425
1995	2654.66464
1995	2453.1321
1995	2395.83109
1995	2158.52341
1995	1998.07723
1995	1581.58042
1995	1428.19859
1995	1306.73797
1995	989.7745
1995	929.49504
1995	859.07402
1995	774.19884
1995	769.71452
1995	717.55351
1995	646.64609
1995	645.22395
1995	597.05413
1995	583.65877
1995	579.90374
1995	499.00876
1995	414.79108
1995	395.85926
1995	364.80036
1995	345.1546
1995	206.78873
1995	187.7466
1995	187.30654
1995	180.54342
1995	176.22726
1995	173.30261
1995	163.89007
1995	160.32282
1995	148.97685
1995	138.03412
1995	129.8181
1995	126.39341
1995	125.56914
1995	111.40787
1995	110.01077
1995	100.0243
1995	91.51258
1995	90.95009
1995	90.05442
1995	87.9737
1995	82.30102
1995	71.73465
1995	66.13174
1995	61.94776
1995	60.39753
1995	52.8237
1995	47.96095
1995	45.9726
1995	41.75348
1995	35.36445
1995	34.11568
1995	32.26239
1995	29.87049
1995	27.66064
1995	26.45705
1995	25.99775
1995	24.87931
1995	12.17144
1995	12.12327
1995	12
1995	10.11118
1995	10.11069
1995	9.89735
1995	9.38714
1995	9.24073
1995	8.47313
1995	8.26511
1995	7
1995	5.58042
1995	5
1995	4.05854
1995	3.90668
1995	3.13334
1995	3.08268
1995	3
1995	2.83669
1995	2.1056
1995	2
1995	1.9769
1995	1.68011
1995	1.56494
1995	1.32997
1995	1.12064
1995	1.05968
1995	0.99203
1995	0.7
1995	0.61892
1995	0.17974
1995	0.14603
1995	0.05374
1995	0.04171
1995	0.02949
1995	0.00989
1996	9444.54918
1996	9237.93117
1996	6016.55705
1996	3747.66725
1996	3293.46875
1996	3240.89048
1996	3211.28816
1996	3175.43852
1996	2720.53552
1996	2500.96536
1996	2439.37922
1996	2153.75922
1996	2006.75072
1996	1638.83182
1996	1447.31335
1996	1376.02494
1996	1106.53982
1996	933.67344
1996	891.08867
1996	821.32148
1996	750.86335
1996	730.02571
1996	708.18124
1996	666.92907
1996	642.05354
1996	600.83137
1996	593.40666
1996	562.9769
1996	458.76835
1996	397.66143
1996	368.08928
1996	341.33863
1996	210.06396
1996	208.17993
1996	200.74086
1996	180.31778
1996	175.45205
1996	171.1379
1996	166.65979
1996	163.94776
1996	150.24095
1996	136.9513
1996	136.19581
1996	125.60148
1996	120.50372
1996	108.38556
1996	105.20895
1996	103.38489
1996	100.11334
1996	99.97622
1996	91.59219
1996	89.65806
1996	87.97771
1996	76.53106
1996	66.14749
1996	62.70028
1996	57.6238
1996	46.85299
1996	46.35835
1996	37.92114
1996	37.87669
1996	36.2377
1996	33.09382
1996	31.21102
1996	29.87156
1996	26.66319
1996	26.49762
1996	25.70661
1996	24.79993
1996	17.093
1996	16.26134
1996	12.67049
1996	12
1996	11.89439
1996	11.45889
1996	10.7052
1996	9.64646
1996	9.18497
1996	8.94997
1996	8.41947
1996	7.49727
1996	6.63827
1996	6.45953
1996	6.43491
1996	5.28298
1996	3.93057
1996	3.52103
1996	2.98686
1996	2.12613
1996	2.0734
1996	2
1996	1.98
1996	1.84694
1996	1.82465
1996	1.72418
1996	1.61687
1996	1.4889
1996	1.19042
1996	1.18265
1996	0.62567
1996	0.31373
1996	0.1729
1996	0.16605
1996	0.1476
1996	0.05374
1996	0.05352
1996	0.01939
1996	0.01293
1996	0.00594
1997	9460.93973
1997	9400.13067
1997	6101.09035
1997	3727.91139
1997	3517.55363
1997	3421.93305
1997	3289.61074
1997	3284.55511
1997	2647.54247
1997	2626.6722
1997	2479.59418
1997	2139.78906
1997	2121.84126
1997	1607.54839
1997	1504.04624
1997	1417.25029
1997	1172.34267
1997	1172.1578
1997	907.69346
1997	905.07695
1997	869.67084
1997	779.61609
1997	765.38326
1997	713.42295
1997	694.68443
1997	665.34962
1997	622.68447
1997	579.49638
1997	522.03241
1997	389.34998
1997	370.26741
1997	361.98951
1997	264.6339
1997	233.25498
1997	210.41599
1997	191.26178
1997	179.90999
1997	175.26254
1997	167.23897
1997	157.45158
1997	149.59153
1997	148.77165
1997	132.83775
1997	130.70942
1997	125.1802
1997	124.45723
1997	119.33792
1997	105.91515
1997	101.07275
1997	97.28428
1997	94.68847
1997	84.98717
1997	80.02505
1997	74.87502
1997	68.18334
1997	68.08731
1997	67.23381
1997	59.56035
1997	53.71412
1997	52.42192
1997	38.56818
1997	38.51045
1997	33.59898
1997	33.17877
1997	32.74247
1997	28.24604
1997	24.0133
1997	22.82288
1997	22.58078
1997	19.5415
1997	18.8471
1997	15.52828
1997	12.26959
1997	11.63871
1997	10.96599
1997	10.48058
1997	9.59767
1997	9.34538
1997	9
1997	8.35945
1997	7.34
1997	7.13075
1997	5.43412
1997	5.16046
1997	5
1997	4.84733
1997	4.78675
1997	4.52385
1997	3.38499
1997	2.67287
1997	2.23274
1997	2.10879
1997	2.01305
1997	1.96453
1997	1.82472
1997	1.7583
1997	1.62863
1997	1.32
1997	0.85563
1997	0.81214
1997	0.62657
1997	0.46425
1997	0.25407
1997	0.18037
1997	0.14895
1997	0.05374
1998	9471.65309
1998	9278.00548
1998	6069.66507
1998	3703.32823
1998	3501.56659
1998	3408.79676
1998	3301.74483
1998	3146.59724
1998	2749.25205
1998	2700.45618
1998	2518.50568
1998	2206.45424
1998	2162.13519
1998	2160.04145
1998	1616.03923
1998	1448.15649
1998	1402.432
1998	1282.36318
1998	916.88787
1998	903.62458
1998	848.13526
1998	823.13294
1998	783.31247
1998	761.30549
1998	746.01957
1998	734.62757
1998	649.26045
1998	572.12733
1998	526.90134
1998	387.40936
1998	376.68899
1998	351.89153
1998	276.6326
1998	245.746
1998	240.62451
1998	236.70952
1998	213.80694
1998	179.67859
1998	168.86661
1998	161.15345
1998	147.41622
1998	147.14368
1998	143.78689
1998	129.51637
1998	128.99952
1998	126.17524
1998	120.9575
1998	115.77884
1998	104.44808
1998	89.69967
1998	89.21636
1998	83
1998	81.2498
1998	79.08601
1998	76.36436
1998	66.12644
1998	57.84336
1998	57.06277
1998	53.57011
1998	49.31047
1998	44.31708
1998	40.35658
1998	34.75753
1998	33.99988
1998	32
1998	26.3056
1998	25.70405
1998	24.86683
1998	23.66797
1998	21.38143
1998	20.91684
1998	18.43399
1998	13.87213
1998	13.65247
1998	11.61972
1998	10.91118
1998	10.65933
1998	10
1998	9.84816
1998	9.64599
1998	9.48858
1998	9.11999
1998	7
1998	6.41554
1998	4.99377
1998	4.58905
1998	4.47664
1998	4.4
1998	3.43458
1998	3.19044
1998	3.15656
1998	2.23854
1998	2.19205
1998	2.17162
1998	2.1566
1998	1.92564
1998	1.73436
1998	1.70563
1998	1.60741
1998	1.37951
1998	1
1998	0.79701
1998	0.50303
1998	0.46641
1998	0.15435
1998	0.123
1998	0.07271
1998	0.05374
1998	0.01098
1999	8993.4137
1999	8907.01622
1999	6312.31629
1999	3620.59041
1999	3354.28521
1999	3317.02833
1999	3147.84047
1999	3109.22194
1999	2835
1999	2632.96211
1999	2520.20463
1999	2337.20428
1999	2136.305
1999	2018.19665
1999	1568.82927
1999	1427.64817
1999	1388.61603
1999	1376.99874
1999	913.53483
1999	872.89353
1999	870.0217
1999	830.19399
1999	793.17348
1999	778.82358
1999	764.78454
1999	744.55684
1999	646.94061
1999	604.91706
1999	557.93569
1999	408.48168
1999	374.04179
1999	330.81966
1999	302.63873
1999	289.8
1999	283.61047
1999	282.92822
1999	204.26522
1999	194.83037
1999	158.0938
1999	154.25933
1999	147.46389
1999	147.37747
1999	139.92581
1999	138.932
1999	129.6182
1999	122.08842
1999	109.48328
1999	107.19759
1999	102
1999	100.49664
1999	96.62299
1999	92.58357
1999	87.47977
1999	83.69611
1999	70.49987
1999	68.61734
1999	58.38086
1999	56.57179
1999	52.10762
1999	49.62203
1999	49.56985
1999	41.80865
1999	40.82032
1999	33.94708
1999	33.43373
1999	23.22929
1999	23.11035
1999	22.21708
1999	21.93818
1999	20.93529
1999	20
1999	17.93834
1999	17.84058
1999	15.95298
1999	12.6063
1999	12
1999	11.79916
1999	10.16231
1999	10
1999	9.58684
1999	8.9777
1999	8.30742
1999	6.28971
1999	5.99592
1999	5.56864
1999	5.51556
1999	3.81373
1999	3.29279
1999	3.12693
1999	3.05958
1999	3.02
1999	2.63432
1999	2.3186
1999	2.15351
1999	2.04627
1999	1.9805
1999	1.94141
1999	1.66184
1999	1.55202
1999	1
1999	0.89397
1999	0.55277
1999	0.50147
1999	0.49803
1999	0.197
1999	0.05809
1999	0.05374
1999	0.02237
2000	9475.74895
2000	9057.77596
2000	6723.63889
2000	3765.38516
2000	3460.7588
2000	3460.0852
2000	3377.52732
2000	3354.60925
2000	2753.14455
2000	2581.9687
2000	2572.32543
2000	2439.95665
2000	2200.73368
2000	2169.13511
2000	1534.1069
2000	1530.27842
2000	1469.34531
2000	1433.02529
2000	972.04106
2000	874.52442
2000	831.74536
2000	828.05825
2000	793.33734
2000	771.03155
2000	770.05094
2000	746.11311
2000	725.62922
2000	704.116
2000	546.78467
2000	437.23131
2000	396.31137
2000	365.17927
2000	316
2000	314.79176
2000	291.9074
2000	288.58721
2000	215.36776
2000	201.63061
2000	186.98453
2000	181.8532
2000	167.5
2000	156.63607
2000	151.91619
2000	140.10014
2000	137.15915
2000	132.52177
2000	130.96042
2000	127.06681
2000	112.19908
2000	99.56547
2000	93.20904
2000	85.05965
2000	84.89139
2000	80.49893
2000	72.18552
2000	70.0853
2000	56.76279
2000	51.41923
2000	49.77501
2000	49.41499
2000	47.67982
2000	42.77799
2000	40.43515
2000	34.68791
2000	33.41747
2000	26.01703
2000	24.34692
2000	22.8069
2000	22.22755
2000	20.50404
2000	18.74295
2000	16.36189
2000	16
2000	16
2000	14.68287
2000	14.01131
2000	13.09457
2000	12.74034
2000	12.36467
2000	10.21812
2000	9.58533
2000	9.55052
2000	9.36243
2000	8.27969
2000	7.65055
2000	7.13187
2000	5.6601
2000	4.747
2000	4.02365
2000	3.66324
2000	3.21103
2000	3.19072
2000	2.40889
2000	2.35606
2000	2.02986
2000	1.99003
2000	1.96207
2000	1.70653
2000	1.56605
2000	1.53
2000	0.69
2000	0.66887
2000	0.45721
2000	0.39202
2000	0.36619
2000	0.179
2000	0.06914
2000	0.02833
2000	0.01548
2000	0.00802
2001	9156.63995
2001	8957.00822
2001	7159.73476
2001	3799.99117
2001	3570.03017
2001	3434.53486
2001	3422.98368
2001	3333.98838
2001	2816.36185
2001	2500.04083
2001	2477.46841
2001	2408.82171
2001	2261.41605
2001	2125.59516
2001	1573.48551
2001	1513.89265
2001	1433.58079
2001	1427.84153
2001	915.48762
2001	876.07288
2001	864.81023
2001	835.97119
2001	781.63081
2001	768.25713
2001	751.13964
2001	748.06048
2001	741.90412
2001	636.82415
2001	513.37535
2001	439.97498
2001	412.51131
2001	356.79943
2001	348.49958
2001	308.86234
2001	269.80235
2001	266.35027
2001	217.58366
2001	210.83491
2001	209.28577
2001	191.79247
2001	181.43836
2001	167.8753
2001	156.04377
2001	139.5882
2001	132.72897
2001	124.52011
2001	121.0593
2001	119.24008
2001	117.22529
2001	95.99972
2001	90.13303
2001	86.74805
2001	76.89133
2001	72.58098
2001	67.52336
2001	63.37444
2001	63.1591
2001	50.46238
2001	49.25458
2001	48.74078
2001	46.82814
2001	44.85325
2001	43.94188
2001	35.372
2001	32.4094
2001	26.05527
2001	24.88533
2001	24.7933
2001	24.01708
2001	20.94088
2001	18.32603
2001	18.1593
2001	17.17186
2001	17.111
2001	14.95604
2001	14.78219
2001	14.3349
2001	13.48161
2001	12.3046
2001	11.54063
2001	10.48798
2001	9.49617
2001	9.24546
2001	8.01615
2001	7.83791
2001	7.8004
2001	7.18333
2001	5.99404
2001	5.13362
2001	4.10149
2001	4.03491
2001	3.91387
2001	3.88537
2001	3.6058
2001	3.3666
2001	2.36251
2001	2.10783
2001	2.01058
2001	1.81901
2001	1.61054
2001	1.271
2001	1.16243
2001	0.7
2001	0.51138
2001	0.32903
2001	0.202
2001	0.14011
2001	0.12579
2001	0.08415
2001	0.07138
2001	0.01557
2002	8999.90133
2002	8809.50666
2002	7658.89118
2002	3593.34925
2002	3529.76154
2002	3523.96857
2002	3341.88449
2002	2953.69968
2002	2924.20405
2002	2447.9726
2002	2386.83313
2002	2123.32298
2002	2039.79134
2002	2029.91077
2002	1757.89225
2002	1617.65305
2002	1383.18318
2002	1340.03153
2002	967.51436
2002	899.48445
2002	896.14301
2002	865.5894
2002	840.75927
2002	812.66516
2002	794.9174
2002	744.24488
2002	742.55169
2002	588.27609
2002	519.7802
2002	438.8405
2002	392.71859
2002	372.65236
2002	339.59452
2002	315.41845
2002	259.9621
2002	251.04817
2002	240.4934
2002	212.56164
2002	211.44428
2002	206.42177
2002	192.56792
2002	189.4066
2002	153.25575
2002	144.11158
2002	140.42832
2002	127.70219
2002	125.73887
2002	120.17484
2002	113.97407
2002	96.44867
2002	86.21381
2002	85.45992
2002	78.55014
2002	69.90076
2002	67.93074
2002	57.61932
2002	55.15342
2002	49.39291
2002	47.54399
2002	47.22013
2002	47.0884
2002	42.95741
2002	40.99065
2002	40.7589
2002	33.46922
2002	31.22241
2002	26.39388
2002	24.3576
2002	23.01736
2002	22.66575
2002	21.91326
2002	18.6137
2002	17.90308
2002	17.16277
2002	17.14158
2002	15.60241
2002	14.65224
2002	13.43742
2002	13.07471
2002	13.06085
2002	12.47535
2002	10.43273
2002	9.49617
2002	9.01284
2002	8.99217
2002	8.36396
2002	8.29042
2002	7.43318
2002	6.82469
2002	6.6362
2002	6.32234
2002	5.5304
2002	4.48438
2002	3.74534
2002	2.74011
2002	2.64813
2002	2.44085
2002	2.36251
2002	1.94969
2002	1.50952
2002	1.46248
2002	1
2002	0.8
2002	0.43608
2002	0.43503
2002	0.381
2002	0.31178
2002	0.14138
2002	0.13021
2002	0.08927
2002	0.01505
2002	0.00084
2003	10076.81061
2003	8797.29041
2003	8534.77855
2003	3833.03404
2003	3807.67752
2003	3559.00599
2003	3272.95665
2003	3113.64521
2003	2660.82958
2003	2581.42877
2003	2288.36937
2003	2278.59203
2003	2268.31392
2003	1846.89884
2003	1784.04302
2003	1484.8877
2003	1318.04445
2003	1245.31816
2003	1061.97374
2003	927.02416
2003	902.30472
2003	865.75903
2003	841.68182
2003	823.00979
2003	815.0335
2003	744.09538
2003	629.81298
2003	554.6763
2003	510.1629
2003	430.70944
2003	411.34177
2003	377.52922
2003	352.50685
2003	325.17476
2003	271.87904
2003	261.06521
2003	255.52326
2003	241.1596
2003	206.46588
2003	202.30936
2003	200.00085
2003	196.36775
2003	161.17101
2003	155.99554
2003	137.58928
2003	133.6582
2003	125.07225
2003	116.56882
2003	103.15888
2003	91.81186
2003	90.23643
2003	88.84417
2003	77.36913
2003	67.21815
2003	64.33019
2003	55.27552
2003	51.17223
2003	50.49315
2003	49.77562
2003	49.58959
2003	45.81582
2003	45.52935
2003	42.92015
2003	36.06849
2003	34.33129
2003	31.8152
2003	31.33015
2003	28.16977
2003	25.30854
2003	22.54004
2003	22
2003	21.99452
2003	21.00274
2003	19.85158
2003	17.11124
2003	16.93329
2003	16.55189
2003	15.68731
2003	15.34589
2003	14.58882
2003	14.09612
2003	12.36198
2003	11.06035
2003	9.8725
2003	9.70066
2003	9.46166
2003	9.28445
2003	7.89501
2003	7.47741
2003	6.91283
2003	6.72214
2003	6.13796
2003	5.41931
2003	4.53724
2003	3.72307
2003	3.19412
2003	3.12806
2003	3.03898
2003	2.7807
2003	2.36251
2003	1.62806
2003	1.35818
2003	1
2003	0.72181
2003	0.51349
2003	0.501
2003	0.4
2003	0.35478
2003	0.14005
2003	0.13847
2003	0.09059
2003	0.01195
2003	0.01185
2003	0.00399
2004	10496.24133
2004	9273.77037
2004	8700.20492
2004	4104.20868
2004	3847.93316
2004	3657.4525
2004	3196.48757
2004	3139.35779
2004	2855.16767
2004	2766.74508
2004	2515.38205
2004	2331.69623
2004	2020.56678
2004	1977.53943
2004	1844.52503
2004	1839.48343
2004	1582.29672
2004	1245.86688
2004	1183.37849
2004	1054.41503
2004	1043.22294
2004	861.81005
2004	843.10083
2004	825.08217
2004	754.29732
2004	700.09207
2004	557.34419
2004	541.95644
2004	529.00582
2004	488.06332
2004	406.24082
2004	403.28689
2004	391.4449
2004	368.20765
2004	344.84255
2004	317.63403
2004	258.50968
2004	242.92704
2004	238.77112
2004	234.04175
2004	213.94316
2004	204.43115
2004	170.58743
2004	153.21067
2004	151.03687
2004	142.00735
2004	131.63173
2004	124.67114
2004	123.39171
2004	96.88536
2004	96.62753
2004	93.47919
2004	89.10493
2004	81.66704
2004	66.5916
2004	66.34701
2004	61.33813
2004	58.2131
2004	51.90984
2004	50.60605
2004	48.39418
2004	47.62842
2004	47.53454
2004	45.60142
2004	42.92824
2004	35.03104
2004	34.79125
2004	31.68717
2004	28.77786
2004	27.93972
2004	27.77691
2004	25.36189
2004	24.30695
2004	22.6694
2004	21.0847
2004	20.68387
2004	19.81148
2004	17.619
2004	17.16676
2004	16.91784
2004	16.41191
2004	15.75985
2004	11.27084
2004	11.16119
2004	10.68759
2004	10.5974
2004	9.83605
2004	9.46111
2004	9.10518
2004	8.57353
2004	6.74582
2004	6.69884
2004	6.59204
2004	5.95068
2004	5.23814
2004	3.84869
2004	3.66126
2004	3.44645
2004	3.26102
2004	3.20833
2004	2.35606
2004	1.9791
2004	1.36466
2004	1.35395
2004	1.00223
2004	0.93574
2004	0.589
2004	0.25277
2004	0.15
2004	0.14097
2004	0.09218
2004	0.006
2004	0.0007
2005	11096.30789
2005	9511.24158
2005	8321.8
2005	4238.58358
2005	3791.56563
2005	3784.06672
2005	3096.3287
2005	2978.03137
2005	2866.93064
2005	2844.62628
2005	2671.9799
2005	2630.86027
2005	2037.52243
2005	1955.58327
2005	1889.41913
2005	1770.89952
2005	1721.29252
2005	1337.17306
2005	1260.50533
2005	1149.32588
2005	1111.04458
2005	820.16137
2005	798.05076
2005	780.55853
2005	752.77448
2005	682.77395
2005	572.36896
2005	540.27026
2005	532.7553
2005	463.79396
2005	440.00603
2005	401.93483
2005	394.33335
2005	379.38402
2005	375.47671
2005	352.40727
2005	307.78037
2005	266.02883
2005	235.87597
2005	215.6963
2005	213.14754
2005	196.65006
2005	176.65753
2005	170.17718
2005	164.81356
2005	128.50471
2005	125.33253
2005	124.42227
2005	117.9431
2005	111.50024
2005	99.38719
2005	94.42466
2005	90.56146
2005	84.25015
2005	82.70864
2005	76.7478
2005	67.94368
2005	62.66462
2005	52.65519
2005	47.52479
2005	47.40539
2005	45.46485
2005	42.17903
2005	40.30436
2005	39.93577
2005	36.98356
2005	36.06743
2005	32.95458
2005	29.34667
2005	27.77375
2005	27.19081
2005	25.57116
2005	23.7589
2005	23.31999
2005	20.75072
2005	19.74795
2005	17.64765
2005	17.54448
2005	17.17389
2005	17.04807
2005	15.58606
2005	15.40706
2005	12.31061
2005	11.36667
2005	9.63302
2005	9.43937
2005	8.95124
2005	8.67059
2005	8.55323
2005	7.39939
2005	6.98491
2005	6.9
2005	6.75957
2005	5.68675
2005	5.2457
2005	4.30974
2005	4.03163
2005	3.35651
2005	3.20237
2005	2.35094
2005	2.34963
2005	1.97739
2005	1.95843
2005	1.35593
2005	1
2005	0.94608
2005	0.55
2005	0.2821
2005	0.15928
2005	0.12071
2005	0.08457
2005	0.02697
2005	0.005
2005	0.00299
2006	10665.43882
2006	9677.3983
2006	8330.53425
2006	4149.62539
2006	3865.27067
2006	3709.57791
2006	3292.13096
2006	2948.46855
2006	2803.17755
2006	2786.37256
2006	2662.91614
2006	2442.25006
2006	2166.03457
2006	2009.44099
2006	1967.49345
2006	1809.57667
2006	1602.14244
2006	1434.91669
2006	1387.86552
2006	1138.14378
2006	1099.27914
2006	847.35631
2006	794.0182
2006	743.85952
2006	731.71629
2006	682.8348
2006	646.58046
2006	551.23519
2006	548.07125
2006	536.37993
2006	438.82147
2006	381.34794
2006	378.17638
2006	363.43691
2006	362.86575
2006	344.37215
2006	337.31912
2006	247.19583
2006	236.76647
2006	220.37031
2006	201.73841
2006	177.73381
2006	177.21151
2006	164.53902
2006	157.91781
2006	129.31912
2006	123.20036
2006	118.30757
2006	116.14128
2006	107.75607
2006	107.49613
2006	100.90137
2006	89.19878
2006	86.80748
2006	84.60998
2006	78.07796
2006	68.45662
2006	63.13191
2006	60.97897
2006	51.74967
2006	48.56101
2006	44.64739
2006	43.94999
2006	40.98428
2006	38.89418
2006	36.31335
2006	33.40208
2006	32.57534
2006	30.61918
2006	30.06005
2006	26.5863
2006	25.88724
2006	25.80121
2006	25.12859
2006	24.21739
2006	23.79111
2006	20.39327
2006	20.16499
2006	20
2006	17.45244
2006	16.86589
2006	16.08926
2006	15.16507
2006	12.70383
2006	11.42385
2006	11.22891
2006	11.01819
2006	9.71143
2006	9.66656
2006	8.00589
2006	7.81407
2006	7.28
2006	7.08103
2006	6.73288
2006	5.68453
2006	4.99114
2006	4.05268
2006	3.80553
2006	3.73482
2006	3.22732
2006	2.97044
2006	2.25731
2006	2.23502
2006	1.97912
2006	1.78276
2006	1.03342
2006	1.032
2006	0.99742
2006	0.99486
2006	0.30303
2006	0.15948
2006	0.10807
2006	0.09299
2006	0.02898
2006	0.005
2007	10248.62275
2007	9878.38862
2007	8456.66849
2007	4039.02547
2007	3925.57165
2007	3500.18969
2007	3448.56255
2007	2947.49714
2007	2666.00419
2007	2603.42559
2007	2564.79394
2007	2352.75555
2007	2280.86819
2007	2096.63573
2007	1967.54508
2007	1844.70319
2007	1768.46407
2007	1601.79917
2007	1445.59963
2007	1121.07605
2007	1040.33492
2007	849.06863
2007	847.94382
2007	789.28102
2007	714.81372
2007	704.5962
2007	673.67169
2007	585.34901
2007	546.10839
2007	511.12215
2007	466.76212
2007	411.87022
2007	369.22953
2007	368.52877
2007	333.66301
2007	320.03969
2007	313.89015
2007	243.897
2007	213.65064
2007	196.19566
2007	180.73092
2007	175.5119
2007	168.60951
2007	153.35153
2007	144.20274
2007	132.44415
2007	120.36124
2007	115.03784
2007	114.95089
2007	112.49503
2007	107.71108
2007	85.88712
2007	83.15674
2007	80.58485
2007	78.48327
2007	74.63232
2007	68.08692
2007	61.82557
2007	53.04377
2007	51.7656
2007	51.23393
2007	48.43458
2007	47.57725
2007	44.84311
2007	43.89315
2007	42.20439
2007	36.01088
2007	35.2317
2007	32.81692
2007	30.03316
2007	28.20955
2007	27.68305
2007	26.67683
2007	25.2411
2007	24.7893
2007	23.73584
2007	22.15616
2007	21.95458
2007	17.43623
2007	15.84113
2007	14.99178
2007	14.30731
2007	13.74412
2007	12.96046
2007	11.22409
2007	10.90831
2007	10.67046
2007	9.78874
2007	8.60999
2007	7.69119
2007	7.40002
2007	6.81921
2007	6.72419
2007	6.50126
2007	6.35641
2007	5.13801
2007	4.02907
2007	3.93794
2007	3.57194
2007	3.24384
2007	2.9998
2007	2.92498
2007	2.47712
2007	2.329
2007	1.10849
2007	1.07458
2007	0.98383
2007	0.94623
2007	0.90333
2007	0.53109
2007	0.28317
2007	0.19034
2007	0.11803
2007	0.11005
2007	0.08777
2007	0.02539
2007	0.005
2008	10783.06906
2008	9794.119
2008	8514.18033
2008	4179.6196
2008	3986.93362
2008	3348.24716
2008	3186.7423
2008	3046.44907
2008	2728.50085
2008	2638.69923
2008	2463.52188
2008	2435.62234
2008	2385.57764
2008	2168.5516
2008	2014.31655
2008	1954.14782
2008	1874.98857
2008	1502.86446
2008	1430.68063
2008	1203.1777
2008	1062.0712
2008	876.1543
2008	849.12532
2008	782.03454
2008	761.13843
2008	727.83757
2008	703.66062
2008	604.07006
2008	585.03165
2008	504.5811
2008	480.79007
2008	401.16882
2008	392.71287
2008	359.20315
2008	309.64726
2008	299.6769
2008	288.66753
2008	247.81302
2008	239.75039
2008	193.8048
2008	189.7439
2008	164.20721
2008	157.7544
2008	151.88251
2008	134.08468
2008	130.31534
2008	126.98634
2008	121.19725
2008	116.04623
2008	108.57153
2008	100.69325
2008	100.00753
2008	86.76198
2008	81.65448
2008	80.74385
2008	80.01306
2008	65.32577
2008	61.56671
2008	60.2088
2008	52.94093
2008	51.50441
2008	48.43458
2008	47.5832
2008	43.33459
2008	41.65883
2008	38.30006
2008	37.74396
2008	36.30375
2008	36.01088
2008	34.07377
2008	27.9257
2008	27.55896
2008	26.67683
2008	24.71849
2008	22.3089
2008	22.14587
2008	20.81967
2008	19.95765
2008	17.43623
2008	15.54841
2008	15.26683
2008	14.30731
2008	12.83333
2008	11.62661
2008	11.32228
2008	11.21826
2008	10.90831
2008	10.66197
2008	8.7182
2008	7.69119
2008	7.6
2008	7.47516
2008	6.73221
2008	6.61154
2008	6.39086
2008	6.08208
2008	4.6874
2008	4.02907
2008	3.93794
2008	3.51066
2008	3.48775
2008	3.208
2008	2.92498
2008	2.47712
2008	1.1
2008	1.07458
2008	0.98383
2008	0.94623
2008	0.90333
2008	0.53109
2008	0.2401
2008	0.19034
2008	0.11803
2008	0.11005
2008	0.08777
2008	0.02539
2008	0.005
2009	9933.70849
2009	9759.68875
2009	9140.78904
2009	4176.63511
2009	4025.86801
2009	3318.82898
2009	3000.68817
2009	2794.68985
2009	2560.03392
2009	2496.42694
2009	2471.49778
2009	2400.33934
2009	2351.55525
2009	2211.423
2009	1948.03811
2009	1909.02453
2009	1789.15524
2009	1540.41077
2009	1422.14455
2009	1212.8878
2009	1045.8501
2009	1012.24884
2009	835.84564
2009	816.15266
2009	794.47276
2009	726.13882
2009	693.00275
2009	691.52246
2009	587.28632
2009	486.44157
2009	485.29283
2009	401.57076
2009	399.874
2009	346.01607
2009	338.39726
2009	286.50418
2009	274.34017
2009	262.60807
2009	241.80518
2009	198.15256
2009	183.13813
2009	154.62422
2009	149.769
2009	146.44828
2009	145.52558
2009	137.62415
2009	133.06079
2009	115
2009	112.39343
2009	105.49503
2009	96.26596
2009	95.44915
2009	91.32411
2009	82.08141
2009	77.40476
2009	77.23345
2009	60.90682
2009	58.86103
2009	58.35665
2009	54.65003
2009	53.59644
2009	48.92993
2009	48.43458
2009	46.55601
2009	37.83117
2009	35.36659
2009	35.04823
2009	34.24601
2009	34.01088
2009	28.19153
2009	27.48995
2009	26.67683
2009	25.56438
2009	24.56546
2009	24.22305
2009	23.72877
2009	22
2009	18.87787
2009	17.43623
2009	15.42473
2009	13.53333
2009	12.60347
2009	12.30731
2009	11.91408
2009	11.24522
2009	10.90831
2009	10.38968
2009	9.54122
2009	7.69119
2009	7.6
2009	7.53781
2009	6.41675
2009	5.73221
2009	5.72419
2009	5.41664
2009	5.41085
2009	5.123
2009	4.69146
2009	4.02907
2009	3.9895
2009	3.93794
2009	3.77793
2009	2.92498
2009	2.47712
2009	1.07458
2009	0.98383
2009	0.94623
2009	0.90333
2009	0.765
2009	0.53109
2009	0.22285
2009	0.19034
2009	0.11803
2009	0.11005
2009	0.08777
2009	0.02539
2009	0.005
2010	10521.0885
2010	10146.26268
2010	9696.13699
2010	4306.27795
2010	4251.58037
2010	3485.72488
2010	2978.19944
2010	2812.8372
2010	2714.09426
2010	2458.37198
2010	2450.36959
2010	2408.46545
2010	2374.95433
2010	2134.61955
2010	1987.65895
2010	1879.14782
2010	1789.15524
2010	1610.45847
2010	1437.22357
2010	1318.73663
2010	1040.91895
2010	1029.9186
2010	911.71282
2010	867.87601
2010	807.32748
2010	759.62082
2010	714.77032
2010	664.82728
2010	596.20564
2010	514.31829
2010	485.5932
2010	406.81604
2010	400.9985
2010	327.17808
2010	322.71038
2010	302.21141
2010	258.75405
2010	247.66475
2010	245.55312
2010	202.37694
2010	182.63128
2010	159.4297
2010	158.32757
2010	156.14281
2010	144.92729
2010	141.17224
2010	126.16986
2010	125.00158
2010	107.05557
2010	105.49503
2010	87.49863
2010	86.24815
2010	83.72411
2010	78.61099
2010	78.13009
2010	65.32934
2010	63.57528
2010	60.65085
2010	58.47474
2010	56.75023
2010	53.69493
2010	48.5363
2010	46.43458
2010	44.87665
2010	34.84203
2010	34.45847
2010	33.11221
2010	31.01088
2010	30.57425
2010	30.25536
2010	28.71441
2010	28.65921
2010	26.67683
2010	23.22579
2010	21.12171
2010	21
2010	20.88219
2010	20.30137
2010	17.43623
2010	15.42473
2010	14.30731
2010	13.07313
2010	12.70007
2010	10.92592
2010	10.90831
2010	10.6439
2010	10.28301
2010	9.40335
2010	8.88023
2010	8.47986
2010	8.23223
2010	7.68135
2010	7.64192
2010	5.976
2010	5.73221
2010	5.72419
2010	5.57404
2010	4.25168
2010	4.02907
2010	3.93794
2010	3.50576
2010	2.92498
2010	2.91947
2010	2.47712
2010	1.07458
2010	1
2010	0.98383
2010	0.94623
2010	0.90333
2010	0.53109
2010	0.21986
2010	0.19034
2010	0.11803
2010	0.11005
2010	0.08777
2010	0.02539
2010	0.005
2011	11153.02001
2011	10228.51589
2011	10107.32588
2011	4302.87945
2011	4234.12137
2011	3664.60811
2011	3096.34278
2011	2959.47155
2011	2686.77612
2011	2681.89428
2011	2634.58217
2011	2528.39938
2011	2470.07703
2011	2007.34931
2011	1884.14782
2011	1839.78949
2011	1640.21049
2011	1637.53861
2011	1084.06849
2011	994.68846
2011	989.2821
2011	942.75362
2011	939.98087
2011	888.90891
2011	748.52819
2011	706.09361
2011	616.49743
2011	517.36418
2011	501.5114
2011	498.98957
2011	455.00322
2011	392.84726
2011	330.81543
2011	318.12329
2011	308.08264
2011	302.49863
2011	244.3997
2011	223.48422
2011	223.42544
2011	183.13813
2011	163.42427
2011	161.2995
2011	153.79069
2011	150.16395
2011	141.00015
2011	135.36748
2011	134.95701
2011	123.65753
2011	105.05176
2011	104.90873
2011	94.57802
2011	83.74247
2011	81.88659
2011	74.26653
2011	73.65457
2011	70.06657
2011	62.08781
2011	61.90742
2011	59.78946
2011	56.53345
2011	55.69493
2011	52.03398
2011	49.93453
2011	47.43458
2011	44.63027
2011	40.63281
2011	37.38224
2011	31.01088
2011	30.39195
2011	30.21809
2011	28.33946
2011	27.64039
2011	26.81084
2011	26.67683
2011	24.08767
2011	21.29428
2011	20.79294
2011	20.16164
2011	17.5863
2011	17.43623
2011	15.59715
2011	15.42473
2011	14.46895
2011	13.01232
2011	10.90831
2011	10.53035
2011	10.2302
2011	10.0309
2011	10.02333
2011	9.85793
2011	7.73764
2011	7.7
2011	7.57805
2011	6.9833
2011	6.71233
2011	5.73221
2011	5.72419
2011	5.17594
2011	4.02907
2011	4
2011	3.93794
2011	3.51281
2011	2.92498
2011	2.86664
2011	2.47712
2011	1.07458
2011	1
2011	0.98383
2011	0.94623
2011	0.90333
2011	0.53109
2011	0.21986
2011	0.19034
2011	0.11803
2011	0.11005
2011	0.08777
2011	0.02539
2011	0.005
