1961	935000
1961	395854
1961	307000
1961	167839
1961	134000
1961	126900
1961	101407
1961	99890
1961	95127
1961	85800
1961	74245
1961	66922
1961	60000
1961	60000
1961	55866
1961	49639
1961	48400
1961	46000
1961	37000
1961	36660
1961	34238
1961	31530
1961	30514
1961	29393
1961	29000
1961	27884
1961	26200
1961	25900
1961	24974
1961	20000
1961	18183
1961	17800
1961	17173
1961	15035
1961	13800
1961	13630
1961	13210
1961	12478
1961	12202
1961	10800
1961	10698
1961	10360
1961	10000
1961	8500
1961	7586
1961	7273
1961	7217
1961	7176
1961	5661
1961	5476
1961	5100
1961	5000
1961	4390
1961	4000
1961	3592
1961	3152
1961	3150
1961	3074
1961	3000
1961	2966
1961	2701
1961	2675
1961	2584
1961	2450
1961	2320
1961	2200
1961	2100
1961	2065
1961	2000
1961	1806
1961	1800
1961	1783
1961	1738
1961	1308
1961	1167
1961	1115
1961	1100
1961	1000
1961	978
1961	900
1961	898
1961	851
1961	800
1961	747
1961	731
1961	700
1961	700
1961	630
1961	608
1961	600
1961	600
1961	560
1961	545
1961	505
1961	504
1961	450
1961	448
1961	430
1961	359
1961	350
1961	300
1961	211
1961	198
1961	130
1961	95
1961	50
1961	50
1961	40
1961	12
1961	8
1961	5
1961	2
1961	2
1962	1050000
1962	436077
1962	339000
1962	187040
1962	139700
1962	134000
1962	106745
1962	97944
1962	92091
1962	89793
1962	89361
1962	81600
1962	70200
1962	69700
1962	67387
1962	51534
1962	47200
1962	46320
1962	41000
1962	39379
1962	38407
1962	38213
1962	37000
1962	35025
1962	31800
1962	31536
1962	29800
1962	29000
1962	25600
1962	24948
1962	24400
1962	18800
1962	18623
1962	16420
1962	16000
1962	14861
1962	13934
1962	13608
1962	12000
1962	12000
1962	11368
1962	10351
1962	10000
1962	8502
1962	8376
1962	7941
1962	7370
1962	6645
1962	6500
1962	6269
1962	5500
1962	5200
1962	5092
1962	5000
1962	4231
1962	4200
1962	4200
1962	4061
1962	3160
1962	3150
1962	2860
1962	2764
1962	2700
1962	2400
1962	2246
1962	2242
1962	2235
1962	2200
1962	2110
1962	2000
1962	1866
1962	1770
1962	1632
1962	1543
1962	1400
1962	1150
1962	1134
1962	1100
1962	1100
1962	1019
1962	979
1962	914
1962	880
1962	875
1962	830
1962	700
1962	668
1962	616
1962	600
1962	600
1962	600
1962	572
1962	452
1962	430
1962	425
1962	400
1962	396
1962	356
1962	350
1962	331
1962	330
1962	288
1962	130
1962	125
1962	84
1962	50
1962	50
1962	40
1962	15
1962	10
1962	5
1962	2
1962	2
1963	1063100
1963	497413
1963	341000
1963	206806
1963	158000
1963	156200
1963	132183
1963	129000
1963	105161
1963	93900
1963	91237
1963	82523
1963	73000
1963	71100
1963	67700
1963	67581
1963	65196
1963	55000
1963	54000
1963	48056
1963	47207
1963	41771
1963	40615
1963	39900
1963	38000
1963	30707
1963	30000
1963	29100
1963	29008
1963	28200
1963	27239
1963	26704
1963	25000
1963	18201
1963	18008
1963	15981
1963	15558
1963	13669
1963	12377
1963	12000
1963	11200
1963	11000
1963	8817
1963	8020
1963	7719
1963	7375
1963	7300
1963	6900
1963	5600
1963	5300
1963	5000
1963	4700
1963	4600
1963	4198
1963	4152
1963	4059
1963	3500
1963	3200
1963	3200
1963	2978
1963	2946
1963	2936
1963	2860
1963	2527
1963	2450
1963	2400
1963	2348
1963	2219
1963	2032
1963	2000
1963	1749
1963	1494
1963	1400
1963	1204
1963	1200
1963	1179
1963	952
1963	928
1963	896
1963	875
1963	870
1963	841
1963	793
1963	700
1963	700
1963	700
1963	700
1963	657
1963	620
1963	600
1963	542
1963	508
1963	500
1963	492
1963	483
1963	412
1963	400
1963	354
1963	350
1963	294
1963	230
1963	140
1963	115
1963	110
1963	95
1963	55
1963	50
1963	49
1963	15
1963	10
1963	5
1963	4
1963	1
1964	1010600
1964	569379
1964	360000
1964	230900
1964	212600
1964	210427
1964	193668
1964	149553
1964	148038
1964	133800
1964	95000
1964	78886
1964	75200
1964	69587
1964	67767
1964	65800
1964	65041
1964	49299
1964	48600
1964	48400
1964	45643
1964	43783
1964	43381
1964	41700
1964	41395
1964	40000
1964	31200
1964	30900
1964	28603
1964	28200
1964	28173
1964	27800
1964	19465
1964	18000
1964	17528
1964	17290
1964	15000
1964	14923
1964	14590
1964	13544
1964	13500
1964	13059
1964	12000
1964	11800
1964	11784
1964	11320
1964	10500
1964	9237
1964	9000
1964	8352
1964	7090
1964	6000
1964	5400
1964	5140
1964	5000
1964	4300
1964	4255
1964	4214
1964	3860
1964	3389
1964	3300
1964	3200
1964	2862
1964	2739
1964	2540
1964	2537
1964	2476
1964	2472
1964	2469
1964	2252
1964	2160
1964	2160
1964	2000
1964	1923
1964	1855
1964	1560
1964	1500
1964	1360
1964	1250
1964	1183
1964	1000
1964	985
1964	975
1964	904
1964	900
1964	800
1964	774
1964	766
1964	719
1964	718
1964	700
1964	620
1964	600
1964	504
1964	470
1964	400
1964	392
1964	382
1964	324
1964	291
1964	273
1964	162
1964	140
1964	108
1964	55
1964	50
1964	44
1964	25
1964	15
1964	12
1964	11
1964	5
1964	4
1965	841200
1965	616301
1965	346000
1965	248182
1965	219000
1965	193000
1965	132374
1965	125626
1965	122993
1965	113936
1965	82300
1965	78400
1965	76602
1965	73452
1965	58173
1965	56053
1965	53600
1965	52500
1965	52000
1965	49015
1965	45720
1965	43745
1965	40190
1965	40000
1965	35650
1965	35107
1965	34486
1965	34300
1965	27400
1965	27200
1965	25157
1965	22816
1965	18544
1965	18500
1965	18443
1965	18000
1965	17191
1965	16200
1965	15104
1965	14895
1965	13200
1965	13175
1965	12643
1965	11979
1965	10500
1965	10252
1965	9330
1965	9119
1965	9046
1965	5900
1965	5829
1965	5764
1965	5405
1965	5172
1965	5114
1965	5100
1965	4711
1965	4600
1965	4482
1965	3600
1965	3450
1965	3354
1965	3269
1965	3260
1965	2489
1965	2483
1965	2400
1965	2399
1965	2316
1965	2296
1965	2200
1965	2100
1965	2082
1965	2000
1965	1752
1965	1740
1965	1561
1965	1500
1965	1492
1965	1361
1965	1300
1965	1300
1965	1200
1965	1192
1965	994
1965	900
1965	862
1965	836
1965	767
1965	700
1965	700
1965	700
1965	596
1965	500
1965	498
1965	484
1965	439
1965	400
1965	382
1965	337
1965	160
1965	150
1965	109
1965	60
1965	50
1965	47
1965	35
1965	28
1965	22
1965	15
1965	5
1965	4
1966	855017
1966	804254
1966	293000
1966	228284
1966	223000
1966	198100
1966	164197
1966	132207
1966	112871
1966	110000
1966	106223
1966	104061
1966	88000
1966	73106
1966	71936
1966	69800
1966	58122
1966	56521
1966	54100
1966	51787
1966	48000
1966	47130
1966	44700
1966	44250
1966	40200
1966	40000
1966	33247
1966	27300
1966	22100
1966	21500
1966	20454
1966	19611
1966	19535
1966	18597
1966	18000
1966	15160
1966	14140
1966	13776
1966	13662
1966	11900
1966	10909
1966	10100
1966	9749
1966	9747
1966	8820
1966	8750
1966	8327
1966	7502
1966	7367
1966	6950
1966	6900
1966	6250
1966	6000
1966	5216
1966	5200
1966	5103
1966	4930
1966	4885
1966	4799
1966	4743
1966	3800
1966	3764
1966	3372
1966	3122
1966	2578
1966	2540
1966	2500
1966	2180
1966	2107
1966	2000
1966	1950
1966	1900
1966	1781
1966	1697
1966	1647
1966	1624
1966	1614
1966	1569
1966	1500
1966	1500
1966	1474
1966	1300
1966	1200
1966	1000
1966	1000
1966	886
1966	880
1966	864
1966	780
1966	765
1966	700
1966	680
1966	634
1966	610
1966	595
1966	500
1966	492
1966	468
1966	400
1966	289
1966	200
1966	150
1966	145
1966	143
1966	69
1966	68
1966	60
1966	50
1966	33
1966	33
1966	18
1966	13
1966	5
1966	4
1967	892625
1967	865935
1967	353400
1967	255000
1967	242817
1967	209400
1967	189259
1967	140200
1967	118095
1967	114152
1967	96658
1967	86935
1967	84312
1967	78000
1967	78000
1967	66000
1967	63000
1967	60000
1967	54300
1967	51153
1967	47097
1967	45296
1967	45255
1967	42500
1967	41329
1967	40000
1967	38100
1967	34600
1967	31200
1967	27200
1967	24000
1967	23909
1967	22463
1967	22153
1967	20669
1967	16193
1967	14910
1967	14049
1967	13500
1967	13326
1967	13000
1967	11900
1967	11800
1967	11211
1967	11083
1967	9737
1967	7753
1967	7386
1967	6804
1967	6378
1967	6300
1967	6094
1967	5996
1967	5602
1967	5353
1967	5305
1967	5300
1967	4800
1967	4711
1967	4600
1967	4320
1967	3963
1967	3798
1967	3372
1967	2502
1967	2330
1967	2206
1967	2200
1967	2105
1967	2089
1967	2000
1967	2000
1967	1797
1967	1663
1967	1600
1967	1556
1967	1482
1967	1474
1967	1444
1967	1422
1967	1400
1967	1338
1967	1300
1967	1300
1967	1219
1967	1100
1967	1000
1967	908
1967	900
1967	873
1967	867
1967	830
1967	745
1967	619
1967	544
1967	500
1967	464
1967	398
1967	300
1967	250
1967	241
1967	164
1967	163
1967	160
1967	116
1967	65
1967	53
1967	50
1967	44
1967	39
1967	20
1967	16
1967	10
1967	4
1968	868844
1968	775803
1968	368700
1968	269000
1968	258019
1968	193900
1968	163038
1968	130000
1968	115448
1968	99249
1968	89566
1968	85300
1968	83000
1968	74129
1968	69696
1968	64853
1968	62000
1968	60000
1968	54077
1968	52572
1968	51717
1968	48221
1968	46414
1968	43800
1968	43000
1968	40000
1968	39100
1968	38150
1968	32533
1968	26800
1968	26400
1968	24000
1968	23243
1968	22000
1968	18599
1968	16400
1968	15806
1968	14515
1968	14293
1968	13700
1968	12477
1968	12446
1968	11662
1968	11600
1968	11425
1968	10345
1968	10000
1968	9405
1968	8406
1968	7607
1968	6804
1968	6679
1968	6602
1968	6400
1968	6135
1968	5450
1968	5200
1968	5100
1968	5080
1968	4858
1968	4572
1968	4500
1968	3990
1968	3500
1968	3372
1968	2791
1968	2750
1968	2273
1968	2000
1968	1881
1968	1880
1968	1864
1968	1837
1968	1800
1968	1751
1968	1568
1968	1552
1968	1500
1968	1500
1968	1498
1968	1361
1968	1300
1968	1231
1968	1118
1968	1100
1968	1000
1968	990
1968	914
1968	839
1968	816
1968	809
1968	800
1968	800
1968	780
1968	726
1968	639
1968	632
1968	508
1968	250
1968	219
1968	206
1968	200
1968	185
1968	160
1968	81
1968	80
1968	67
1968	55
1968	52
1968	50
1968	26
1968	20
1968	10
1968	4
1969	817950
1969	796109
1969	361000
1969	250224
1969	241000
1969	174000
1969	146592
1969	125000
1969	112248
1969	112107
1969	96221
1969	91000
1969	90300
1969	89200
1969	79818
1969	79404
1969	68842
1969	59195
1969	56853
1969	53500
1969	46800
1969	45718
1969	44500
1969	44454
1969	40600
1969	40000
1969	37800
1969	36271
1969	27406
1969	24000
1969	23755
1969	22800
1969	21200
1969	19500
1969	17586
1969	17155
1969	16300
1969	13702
1969	13082
1969	11920
1969	11800
1969	11044
1969	10474
1969	10339
1969	10145
1969	9501
1969	8851
1969	8100
1969	7402
1969	6652
1969	6600
1969	6015
1969	5880
1969	5645
1969	5338
1969	5000
1969	4378
1969	4135
1969	4000
1969	3900
1969	3629
1969	3527
1969	3523
1969	3449
1969	3422
1969	2680
1969	2537
1969	2235
1969	2150
1969	2000
1969	2000
1969	1986
1969	1905
1969	1900
1969	1839
1969	1800
1969	1800
1969	1494
1969	1415
1969	1346
1969	1333
1969	1300
1969	1267
1969	1150
1969	1120
1969	1115
1969	1006
1969	973
1969	900
1969	856
1969	806
1969	800
1969	800
1969	767
1969	677
1969	450
1969	419
1969	342
1969	300
1969	300
1969	277
1969	229
1969	218
1969	170
1969	123
1969	120
1969	99
1969	77
1969	70
1969	67
1969	26
1969	25
1969	21
1969	10
1969	4
1970	864752
1970	805800
1970	337100
1970	266000
1970	244000
1970	150900
1970	149861
1970	121906
1970	115800
1970	100635
1970	94833
1970	93000
1970	85000
1970	78449
1970	76666
1970	68569
1970	66000
1970	61206
1970	56309
1970	54518
1970	48700
1970	46537
1970	42000
1970	41200
1970	41048
1970	40000
1970	34400
1970	31726
1970	26100
1970	22800
1970	22516
1970	22319
1970	22250
1970	18931
1970	18000
1970	17594
1970	16817
1970	15825
1970	14500
1970	13953
1970	12160
1970	11971
1970	11912
1970	11177
1970	9700
1970	9516
1970	8600
1970	8532
1970	7190
1970	6700
1970	6674
1970	5500
1970	5434
1970	5265
1970	5193
1970	5050
1970	4442
1970	4344
1970	4200
1970	4120
1970	3862
1970	3607
1970	3422
1970	3400
1970	3248
1970	2963
1970	2625
1970	2610
1970	2328
1970	2304
1970	2160
1970	2100
1970	2000
1970	2000
1970	1955
1970	1911
1970	1845
1970	1615
1970	1600
1970	1593
1970	1400
1970	1300
1970	1179
1970	1162
1970	1130
1970	1029
1970	937
1970	876
1970	840
1970	800
1970	800
1970	721
1970	705
1970	596
1970	586
1970	490
1970	411
1970	408
1970	405
1970	300
1970	276
1970	260
1970	245
1970	170
1970	150
1970	123
1970	103
1970	91
1970	80
1970	70
1970	50
1970	25
1970	16
1970	10
1970	4
1971	801808
1971	773322
1971	361900
1971	262000
1971	244172
1971	173861
1971	149600
1971	119852
1971	112800
1971	102040
1971	88162
1971	79274
1971	77526
1971	70000
1971	65181
1971	63364
1971	61700
1971	57352
1971	55814
1971	49000
1971	47700
1971	43600
1971	43541
1971	42962
1971	40000
1971	39300
1971	32400
1971	30400
1971	26600
1971	26438
1971	24757
1971	23400
1971	22818
1971	19274
1971	18830
1971	18418
1971	17900
1971	17500
1971	16287
1971	15000
1971	14154
1971	13837
1971	13755
1971	12669
1971	9300
1971	9000
1971	8900
1971	8397
1971	7450
1971	6905
1971	6406
1971	6297
1971	5945
1971	5900
1971	5800
1971	5639
1971	5340
1971	4500
1971	4400
1971	4372
1971	4307
1971	4216
1971	4120
1971	3921
1971	3888
1971	3100
1971	2500
1971	2412
1971	2389
1971	2304
1971	2300
1971	2151
1971	2088
1971	2038
1971	2000
1971	1900
1971	1800
1971	1789
1971	1684
1971	1665
1971	1411
1971	1347
1971	1300
1971	1249
1971	1134
1971	1118
1971	1081
1971	1075
1971	1000
1971	996
1971	990
1971	856
1971	800
1971	800
1971	630
1971	550
1971	500
1971	408
1971	402
1971	300
1971	300
1971	280
1971	273
1971	215
1971	180
1971	161
1971	136
1971	109
1971	93
1971	92
1971	90
1971	70
1971	28
1971	10
1971	4
1972	856417
1972	793371
1972	418900
1972	299000
1972	263168
1972	179799
1972	158128
1972	145200
1972	126558
1972	115934
1972	86930
1972	85664
1972	84747
1972	84280
1972	74989
1972	73600
1972	66224
1972	62436
1972	61976
1972	56300
1972	54514
1972	51300
1972	50077
1972	40000
1972	39551
1972	37900
1972	36100
1972	34724
1972	31000
1972	30662
1972	27100
1972	26110
1972	25878
1972	23514
1972	22200
1972	17371
1972	16014
1972	15606
1972	14000
1972	13069
1972	13000
1972	12537
1972	12400
1972	11594
1972	9922
1972	9513
1972	9200
1972	9000
1972	8900
1972	7197
1972	6905
1972	6372
1972	6177
1972	5917
1972	5854
1972	5700
1972	5449
1972	5340
1972	5275
1972	5000
1972	4241
1972	4016
1972	3970
1972	3541
1972	3366
1972	3327
1972	3300
1972	3175
1972	2600
1972	2558
1972	2207
1972	2100
1972	2042
1972	2000
1972	2000
1972	1935
1972	1852
1972	1800
1972	1740
1972	1643
1972	1490
1972	1300
1972	1205
1972	1166
1972	1151
1972	1134
1972	1117
1972	1000
1972	975
1972	972
1972	950
1972	800
1972	800
1972	606
1972	506
1972	465
1972	425
1972	400
1972	372
1972	370
1972	350
1972	317
1972	251
1972	250
1972	222
1972	180
1972	167
1972	150
1972	110
1972	102
1972	70
1972	37
1972	25
1972	15
1972	10
1972	4
1973	967883
1973	792000
1973	372200
1973	313000
1973	234280
1973	157200
1973	149120
1973	141477
1973	116715
1973	111596
1973	93752
1973	91739
1973	78064
1973	76507
1973	73818
1973	71000
1973	65493
1973	64774
1973	62832
1973	60991
1973	53139
1973	50439
1973	45400
1973	43618
1973	43548
1973	40000
1973	39877
1973	39700
1973	38000
1973	30481
1973	29200
1973	26700
1973	25700
1973	24000
1973	19633
1973	17618
1973	16963
1973	15496
1973	15000
1973	14000
1973	13433
1973	13024
1973	11530
1973	10939
1973	10697
1973	9876
1973	9200
1973	7549
1973	7100
1973	7041
1973	6693
1973	6422
1973	6027
1973	5940
1973	5900
1973	5298
1973	5100
1973	4854
1973	3900
1973	3817
1973	3778
1973	3736
1973	3551
1973	3515
1973	3300
1973	3045
1973	2959
1973	2700
1973	2596
1973	2564
1973	2522
1973	2470
1973	2268
1973	2111
1973	2000
1973	1954
1973	1865
1973	1800
1973	1711
1973	1668
1973	1590
1973	1372
1973	1300
1973	1286
1973	1264
1973	1150
1973	1130
1973	1116
1973	967
1973	900
1973	800
1973	780
1973	674
1973	607
1973	591
1973	533
1973	528
1973	417
1973	400
1973	375
1973	350
1973	332
1973	207
1973	186
1973	143
1973	137
1973	124
1973	117
1973	116
1973	115
1973	70
1973	67
1973	35
1973	30
1973	10
1973	4
1974	1001713
1974	904500
1974	462100
1974	316000
1974	296175
1974	203487
1974	151300
1974	144903
1974	116476
1974	97700
1974	95098
1974	92700
1974	82835
1974	78071
1974	75418
1974	72506
1974	65724
1974	65000
1974	63375
1974	58808
1974	56000
1974	49366
1974	44685
1974	41599
1974	41100
1974	40000
1974	38900
1974	33734
1974	33700
1974	33658
1974	32411
1974	27291
1974	25200
1974	23400
1974	18150
1974	16774
1974	16375
1974	15600
1974	15000
1974	14347
1974	14000
1974	13800
1974	13668
1974	11930
1974	10124
1974	9220
1974	9200
1974	8786
1974	7700
1974	7620
1974	7300
1974	6631
1974	6372
1974	6200
1974	5622
1974	5557
1974	5362
1974	4692
1974	4504
1974	4280
1974	3750
1974	3615
1974	3334
1974	3238
1974	3200
1974	3094
1974	3039
1974	3032
1974	2975
1974	2970
1974	2776
1974	2700
1974	2415
1974	2343
1974	2251
1974	2160
1974	2000
1974	1955
1974	1874
1974	1805
1974	1700
1974	1603
1974	1600
1974	1505
1974	1300
1974	1249
1974	1075
1974	1021
1974	1010
1974	1000
1974	1000
1974	812
1974	775
1974	700
1974	561
1974	550
1974	400
1974	400
1974	400
1974	376
1974	312
1974	300
1974	254
1974	213
1974	140
1974	139
1974	136
1974	135
1974	130
1974	115
1974	74
1974	70
1974	32
1974	10
1974	3
1975	989871
1975	978109
1975	363100
1975	300000
1975	285934
1975	199935
1975	165700
1975	161931
1975	119138
1975	113400
1975	106053
1975	104233
1975	102306
1975	97800
1975	95665
1975	86695
1975	76690
1975	70290
1975	68153
1975	62765
1975	57600
1975	57137
1975	50988
1975	42337
1975	40370
1975	40000
1975	39800
1975	38614
1975	34926
1975	34622
1975	28305
1975	27500
1975	25900
1975	24300
1975	17595
1975	16745
1975	15771
1975	15462
1975	15000
1975	14357
1975	14157
1975	14000
1975	11995
1975	11400
1975	9184
1975	8371
1975	8354
1975	8280
1975	7300
1975	6992
1975	6978
1975	6500
1975	6270
1975	5633
1975	5473
1975	5330
1975	5244
1975	5060
1975	4791
1975	4500
1975	4255
1975	4204
1975	4000
1975	3358
1975	3280
1975	3096
1975	3004
1975	2980
1975	2978
1975	2887
1975	2702
1975	2700
1975	2569
1975	2342
1975	2000
1975	2000
1975	1876
1975	1821
1975	1750
1975	1643
1975	1600
1975	1600
1975	1568
1975	1500
1975	1357
1975	1350
1975	1238
1975	1127
1975	1072
1975	1019
1975	1014
1975	805
1975	800
1975	800
1975	794
1975	550
1975	425
1975	412
1975	407
1975	400
1975	400
1975	311
1975	296
1975	286
1975	198
1975	172
1975	145
1975	134
1975	110
1975	95
1975	76
1975	29
1975	10
1975	10
1975	3
1975	1
1976	996433
1976	969174
1976	349800
1976	323963
1976	315000
1976	298645
1976	176200
1976	165094
1976	141675
1976	124880
1976	112715
1976	111619
1976	108642
1976	94600
1976	89798
1976	81497
1976	79414
1976	68300
1976	67672
1976	67137
1976	64000
1976	62050
1976	58840
1976	58046
1976	51621
1976	46309
1976	45385
1976	45176
1976	41000
1976	38578
1976	37000
1976	36980
1976	32100
1976	29100
1976	19381
1976	19000
1976	18841
1976	15570
1976	15428
1976	15299
1976	14928
1976	13883
1976	13000
1976	12031
1976	10900
1976	8820
1976	7673
1976	7300
1976	7159
1976	6900
1976	6850
1976	6718
1976	6579
1976	6474
1976	6039
1976	5934
1976	5617
1976	5527
1976	5296
1976	4830
1976	4669
1976	4246
1976	3967
1976	3700
1976	3349
1976	3186
1976	3082
1976	3036
1976	2800
1976	2700
1976	2442
1976	2300
1976	2249
1976	2230
1976	2044
1976	2023
1976	2000
1976	1982
1976	1933
1976	1810
1976	1600
1976	1600
1976	1500
1976	1453
1976	1453
1976	1361
1976	1350
1976	1302
1976	1197
1976	1008
1976	850
1976	811
1976	807
1976	800
1976	700
1976	587
1976	488
1976	441
1976	407
1976	400
1976	400
1976	400
1976	307
1976	252
1976	218
1976	200
1976	150
1976	149
1976	148
1976	118
1976	113
1976	78
1976	27
1976	16
1976	10
1976	3
1976	1
1977	1011695
1977	868230
1977	418800
1977	356999
1977	309000
1977	247952
1977	173200
1977	144533
1977	119774
1977	117536
1977	109672
1977	104273
1977	90000
1977	87455
1977	85072
1977	84502
1977	76752
1977	72578
1977	69100
1977	63534
1977	62299
1977	57300
1977	55026
1977	51842
1977	50420
1977	47000
1977	45744
1977	44000
1977	43290
1977	41424
1977	41000
1977	40530
1977	34918
1977	24164
1977	21600
1977	18318
1977	17400
1977	16120
1977	15294
1977	15000
1977	14022
1977	13000
1977	12800
1977	11541
1977	10245
1977	9300
1977	8697
1977	7714
1977	7300
1977	7275
1977	7250
1977	6946
1977	6500
1977	6500
1977	5900
1977	5132
1977	4914
1977	4840
1977	4400
1977	4126
1977	3197
1977	3137
1977	3000
1977	2809
1977	2800
1977	2794
1977	2756
1977	2753
1977	2719
1977	2700
1977	2500
1977	2441
1977	2270
1977	2106
1977	2000
1977	1912
1977	1890
1977	1818
1977	1800
1977	1700
1977	1619
1977	1600
1977	1576
1977	1427
1977	1410
1977	1400
1977	1344
1977	1166
1977	900
1977	861
1977	800
1977	778
1977	606
1977	588
1977	585
1977	576
1977	538
1977	439
1977	438
1977	425
1977	400
1977	400
1977	400
1977	347
1977	200
1977	200
1977	150
1977	130
1977	110
1977	90
1977	88
1977	80
1977	27
1977	19
1977	14
1977	10
1977	2
1978	1264129
1978	918438
1978	493600
1978	405191
1978	292563
1978	283000
1978	172000
1978	139469
1978	134349
1978	129000
1978	115614
1978	109659
1978	85117
1978	83350
1978	82466
1978	74378
1978	69816
1978	63000
1978	62000
1978	58949
1978	58744
1978	56737
1978	54203
1978	53990
1978	51627
1978	49873
1978	45900
1978	43970
1978	42000
1978	41021
1978	41000
1978	29900
1978	26918
1978	25160
1978	21691
1978	17053
1978	15486
1978	15055
1978	14000
1978	14000
1978	13091
1978	12511
1978	12150
1978	12089
1978	10995
1978	10700
1978	10451
1978	9700
1978	9422
1978	7500
1978	6578
1978	6030
1978	6000
1978	6000
1978	5577
1978	5233
1978	4700
1978	4468
1978	4150
1978	3964
1978	3559
1978	3297
1978	3254
1978	3097
1978	3087
1978	3000
1978	2700
1978	2511
1978	2500
1978	2500
1978	2403
1978	2385
1978	2280
1978	2000
1978	2000
1978	1972
1978	1800
1978	1775
1978	1760
1978	1609
1978	1587
1978	1587
1978	1578
1978	1531
1978	1455
1978	1400
1978	1400
1978	1365
1978	950
1978	893
1978	750
1978	739
1978	731
1978	725
1978	655
1978	600
1978	596
1978	448
1978	400
1978	400
1978	380
1978	309
1978	293
1978	269
1978	235
1978	220
1978	210
1978	150
1978	123
1978	120
1978	90
1978	82
1978	38
1978	26
1978	15
1978	2
1978	2
1979	962876
1979	692427
1979	453800
1979	421708
1979	290200
1979	216585
1979	159292
1979	153300
1979	136600
1979	127883
1979	120299
1979	114464
1979	110626
1979	78851
1979	74153
1979	73325
1979	71904
1979	70000
1979	68072
1979	66900
1979	59600
1979	54293
1979	51800
1979	51480
1979	51130
1979	47707
1979	44562
1979	43744
1979	43000
1979	39200
1979	34927
1979	33000
1979	32206
1979	25900
1979	25233
1979	21675
1979	20000
1979	19000
1979	17193
1979	15290
1979	15004
1979	12856
1979	12340
1979	11623
1979	11320
1979	11000
1979	9400
1979	8519
1979	7535
1979	7508
1979	7485
1979	7200
1979	7134
1979	7117
1979	5490
1979	5047
1979	5000
1979	4971
1979	4400
1979	4200
1979	4025
1979	3750
1979	3464
1979	3400
1979	3395
1979	3000
1979	3000
1979	2984
1979	2905
1979	2826
1979	2700
1979	2200
1979	2084
1979	2000
1979	1962
1979	1799
1979	1797
1979	1777
1979	1776
1979	1671
1979	1640
1979	1488
1979	1450
1979	1445
1979	1417
1979	1361
1979	1301
1979	1244
1979	1000
1979	900
1979	800
1979	732
1979	705
1979	700
1979	637
1979	559
1979	551
1979	550
1979	500
1979	478
1979	400
1979	337
1979	301
1979	279
1979	229
1979	220
1979	198
1979	150
1979	124
1979	119
1979	90
1979	84
1979	73
1979	15
1979	9
1979	2
1980	919747
1980	810200
1980	438500
1980	404860
1980	228349
1980	222500
1980	141400
1980	125543
1980	125038
1980	122291
1980	117339
1980	107868
1980	93941
1980	92506
1980	85487
1980	84272
1980	77800
1980	62044
1980	59000
1980	56259
1980	54123
1980	53343
1980	45981
1980	45400
1980	45000
1980	41985
1980	39524
1980	37411
1980	37300
1980	36800
1980	34600
1980	25530
1980	24000
1980	20500
1980	18602
1980	18000
1980	16771
1980	15095
1980	14798
1980	14600
1980	14412
1980	13758
1980	13131
1980	13000
1980	10638
1980	10497
1980	9600
1980	9475
1980	8219
1980	7670
1980	7616
1980	7400
1980	7303
1980	6906
1980	5500
1980	5339
1980	5000
1980	4681
1980	4500
1980	4100
1980	4025
1980	3576
1980	3400
1980	3345
1980	3282
1980	3277
1980	3250
1980	3000
1980	3000
1980	2920
1980	2811
1980	2800
1980	2738
1980	2200
1980	2000
1980	1918
1980	1854
1980	1825
1980	1667
1980	1609
1980	1500
1980	1399
1980	1392
1980	1261
1980	1195
1980	1189
1980	1152
1980	1100
1980	1059
1980	949
1980	900
1980	750
1980	500
1980	500
1980	500
1980	500
1980	473
1980	462
1980	431
1980	413
1980	402
1980	400
1980	386
1980	360
1980	310
1980	267
1980	220
1980	150
1980	144
1980	100
1980	86
1980	86
1980	70
1980	15
1980	14
1980	1
1981	1519718
1981	936030
1981	480800
1981	365738
1981	231000
1981	168024
1981	137700
1981	132952
1981	130970
1981	130900
1981	112369
1981	109646
1981	95525
1981	86997
1981	77267
1981	75230
1981	71812
1981	70000
1981	67200
1981	57987
1981	54599
1981	53257
1981	51031
1981	50889
1981	50400
1981	47378
1981	46000
1981	43500
1981	42380
1981	40223
1981	27900
1981	27737
1981	27000
1981	22813
1981	20310
1981	17700
1981	17200
1981	16637
1981	15700
1981	15200
1981	14546
1981	12499
1981	11900
1981	11851
1981	11773
1981	10483
1981	7700
1981	7349
1981	7200
1981	7075
1981	6841
1981	6350
1981	6076
1981	5901
1981	5860
1981	5578
1981	5490
1981	4798
1981	4500
1981	4379
1981	4200
1981	3768
1981	3701
1981	3560
1981	3432
1981	3400
1981	3055
1981	3000
1981	3000
1981	2984
1981	2912
1981	2800
1981	2300
1981	2290
1981	2192
1981	2068
1981	2000
1981	1844
1981	1746
1981	1697
1981	1666
1981	1642
1981	1605
1981	1500
1981	1395
1981	1278
1981	1247
1981	1200
1981	1000
1981	900
1981	800
1981	800
1981	731
1981	716
1981	500
1981	500
1981	450
1981	437
1981	400
1981	351
1981	350
1981	340
1981	315
1981	210
1981	208
1981	199
1981	150
1981	133
1981	100
1981	100
1981	99
1981	88
1981	70
1981	43
1981	15
1981	1
1982	2204570
1982	904680
1982	520100
1982	420329
1982	307000
1982	207735
1982	148985
1982	145020
1982	139400
1982	138368
1982	115173
1982	106802
1982	95912
1982	90602
1982	86146
1982	86020
1982	77000
1982	71221
1982	70205
1982	69202
1982	68677
1982	58627
1982	51821
1982	51046
1982	48700
1982	48000
1982	44947
1982	43000
1982	42200
1982	34230
1982	34184
1982	32900
1982	25000
1982	24696
1982	21200
1982	18600
1982	17500
1982	16670
1982	16270
1982	14500
1982	13695
1982	13620
1982	13265
1982	12300
1982	12004
1982	9660
1982	9600
1982	8620
1982	7800
1982	7502
1982	7394
1982	6161
1982	5655
1982	5500
1982	5212
1982	4820
1982	4500
1982	4470
1982	4363
1982	4112
1982	4078
1982	3484
1982	3400
1982	3264
1982	3000
1982	3000
1982	2893
1982	2850
1982	2612
1982	2573
1982	2400
1982	2359
1982	2000
1982	1808
1982	1783
1982	1759
1982	1754
1982	1750
1982	1699
1982	1600
1982	1554
1982	1530
1982	1415
1982	1386
1982	1322
1982	1200
1982	1200
1982	1200
1982	1105
1982	1000
1982	920
1982	800
1982	647
1982	624
1982	570
1982	500
1982	500
1982	427
1982	421
1982	384
1982	250
1982	230
1982	227
1982	223
1982	210
1982	200
1982	173
1982	150
1982	100
1982	100
1982	90
1982	88
1982	70
1982	52
1982	15
1982	1
1983	1403322
1983	648170
1983	581600
1983	392578
1983	385000
1983	233843
1983	156024
1983	136700
1983	115844
1983	111963
1983	111715
1983	109484
1983	100677
1983	99772
1983	98956
1983	93000
1983	86327
1983	74254
1983	72428
1983	67000
1983	64657
1983	58048
1983	53297
1983	50447
1983	50000
1983	47800
1983	43150
1983	38690
1983	36200
1983	33569
1983	30180
1983	24850
1983	24700
1983	21051
1983	20539
1983	18552
1983	17500
1983	14969
1983	14500
1983	14400
1983	14300
1983	13400
1983	13000
1983	11357
1983	11019
1983	9500
1983	9048
1983	8701
1983	8100
1983	7394
1983	6640
1983	6628
1983	6397
1983	6017
1983	5778
1983	5750
1983	5000
1983	4716
1983	4400
1983	4100
1983	3500
1983	3300
1983	3000
1983	3000
1983	2900
1983	2874
1983	2565
1983	2533
1983	2500
1983	2438
1983	2430
1983	2301
1983	2140
1983	2000
1983	1934
1983	1814
1983	1800
1983	1800
1983	1764
1983	1725
1983	1700
1983	1700
1983	1700
1983	1650
1983	1640
1983	1460
1983	1200
1983	1179
1983	1144
1983	1000
1983	950
1983	820
1983	796
1983	700
1983	680
1983	600
1983	500
1983	465
1983	322
1983	204
1983	203
1983	200
1983	200
1983	194
1983	189
1983	157
1983	152
1983	150
1983	141
1983	100
1983	90
1983	75
1983	41
1983	34
1983	15
1983	1
1984	1815491
1984	783790
1984	492500
1984	413598
1984	378000
1984	185000
1984	177529
1984	145260
1984	140789
1984	135500
1984	124872
1984	107825
1984	98253
1984	98056
1984	94172
1984	90000
1984	89400
1984	79600
1984	78301
1984	77000
1984	73328
1984	64804
1984	52000
1984	47834
1984	44642
1984	43218
1984	41682
1984	37100
1984	35530
1984	35500
1984	34599
1984	32970
1984	27907
1984	22129
1984	22000
1984	20243
1984	19000
1984	15300
1984	14807
1984	14428
1984	13900
1984	13600
1984	13434
1984	13300
1984	12533
1984	10340
1984	9500
1984	9400
1984	8555
1984	8200
1984	8135
1984	7157
1984	6880
1984	6339
1984	5409
1984	5303
1984	5000
1984	4975
1984	4714
1984	4435
1984	4009
1984	4000
1984	3656
1984	3451
1984	3350
1984	3121
1984	3000
1984	3000
1984	3000
1984	3000
1984	2692
1984	2600
1984	2400
1984	2375
1984	2360
1984	2200
1984	2000
1984	1969
1984	1924
1984	1900
1984	1782
1984	1759
1984	1750
1984	1750
1984	1720
1984	1418
1984	1325
1984	1126
1984	1000
1984	971
1984	970
1984	941
1984	850
1984	753
1984	680
1984	600
1984	500
1984	486
1984	436
1984	292
1984	290
1984	263
1984	227
1984	220
1984	200
1984	197
1984	175
1984	150
1984	106
1984	90
1984	83
1984	62
1984	61
1984	15
1984	10
1984	1
1985	2450208
1985	685660
1985	485900
1985	410474
1985	381000
1985	170491
1985	166490
1985	160765
1985	150600
1985	126028
1985	116200
1985	111490
1985	107957
1985	96672
1985	90000
1985	87171
1985	82786
1985	75679
1985	74329
1985	73379
1985	69384
1985	60243
1985	56000
1985	49334
1985	47826
1985	44637
1985	42200
1985	38400
1985	37300
1985	35790
1985	31395
1985	28154
1985	27237
1985	26100
1985	24867
1985	20966
1985	20000
1985	17000
1985	15457
1985	15300
1985	13900
1985	13768
1985	12552
1985	12475
1985	10500
1985	9542
1985	9410
1985	9300
1985	8660
1985	8200
1985	7770
1985	6430
1985	6070
1985	5600
1985	5273
1985	5104
1985	5072
1985	4034
1985	3950
1985	3885
1985	3824
1985	3600
1985	3500
1985	3445
1985	3100
1985	3100
1985	3063
1985	3000
1985	3000
1985	3000
1985	2965
1985	2838
1985	2673
1985	2000
1985	2000
1985	1990
1985	1971
1985	1950
1985	1864
1985	1800
1985	1740
1985	1627
1985	1613
1985	1496
1985	1387
1985	1379
1985	1256
1985	1098
1985	1000
1985	975
1985	835
1985	800
1985	705
1985	680
1985	672
1985	600
1985	500
1985	451
1985	449
1985	400
1985	377
1985	316
1985	309
1985	274
1985	232
1985	200
1985	150
1985	115
1985	93
1985	92
1985	73
1985	53
1985	44
1985	16
1985	16
1986	1731462
1986	528000
1986	441200
1986	385136
1986	374000
1986	161000
1986	158480
1986	145700
1986	126122
1986	125213
1986	116800
1986	116456
1986	101235
1986	96307
1986	85000
1986	82982
1986	78236
1986	74159
1986	74122
1986	67515
1986	66361
1986	63539
1986	63247
1986	58000
1986	46475
1986	45604
1986	37700
1986	37520
1986	33400
1986	32200
1986	32100
1986	28574
1986	27749
1986	25985
1986	24000
1986	21266
1986	17520
1986	16715
1986	16603
1986	16466
1986	15086
1986	14239
1986	13754
1986	12800
1986	10683
1986	9000
1986	8400
1986	7849
1986	7371
1986	6100
1986	5455
1986	5140
1986	5076
1986	5053
1986	4727
1986	4680
1986	4500
1986	4277
1986	4000
1986	3947
1986	3899
1986	3700
1986	3517
1986	3500
1986	3300
1986	3271
1986	3200
1986	3100
1986	3000
1986	3000
1986	3000
1986	2654
1986	2339
1986	2000
1986	2000
1986	2000
1986	1956
1986	1950
1986	1800
1986	1747
1986	1680
1986	1589
1986	1452
1986	1400
1986	1200
1986	1121
1986	1076
1986	1000
1986	949
1986	948
1986	917
1986	900
1986	680
1986	619
1986	600
1986	600
1986	600
1986	461
1986	431
1986	377
1986	293
1986	276
1986	230
1986	200
1986	196
1986	150
1986	125
1986	120
1986	112
1986	90
1986	90
1986	71
1986	66
1986	16
1986	10
1987	1967005
1987	539260
1987	461800
1987	395645
1987	303000
1987	184712
1987	162127
1987	155000
1987	133098
1987	121320
1987	113948
1987	112691
1987	104400
1987	82779
1987	78039
1987	76000
1987	72507
1987	70100
1987	69765
1987	69249
1987	67000
1987	61388
1987	60000
1987	50496
1987	39990
1987	38790
1987	37620
1987	34870
1987	33430
1987	33100
1987	31900
1987	28664
1987	27200
1987	25338
1987	25000
1987	19748
1987	16800
1987	16247
1987	14840
1987	14517
1987	12921
1987	12160
1987	11989
1987	11640
1987	11268
1987	10050
1987	9100
1987	8271
1987	8000
1987	7000
1987	6600
1987	6104
1987	5400
1987	5312
1987	5000
1987	4890
1987	4620
1987	4502
1987	4232
1987	4000
1987	4000
1987	3792
1987	3744
1987	3551
1987	3400
1987	3297
1987	3100
1987	3100
1987	3000
1987	2930
1987	2921
1987	2900
1987	2339
1987	2100
1987	2027
1987	2000
1987	2000
1987	2000
1987	1800
1987	1674
1987	1654
1987	1400
1987	1389
1987	1305
1987	1214
1987	1197
1987	1100
1987	1098
1987	920
1987	903
1987	863
1987	730
1987	650
1987	624
1987	581
1987	546
1987	500
1987	424
1987	417
1987	402
1987	258
1987	209
1987	208
1987	200
1987	150
1987	125
1987	100
1987	100
1987	95
1987	90
1987	90
1987	76
1987	67
1987	16
1987	12
1988	2754206
1988	621200
1988	427900
1988	367400
1988	245400
1988	219063
1988	184350
1988	149000
1988	116917
1988	116065
1988	114736
1988	90409
1988	85800
1988	76353
1988	75023
1988	72998
1988	72235
1988	69528
1988	62503
1988	62000
1988	58341
1988	54228
1988	52000
1988	48758
1988	41545
1988	39414
1988	35800
1988	35700
1988	35560
1988	33700
1988	32606
1988	29500
1988	27976
1988	20687
1988	17910
1988	16049
1988	15400
1988	15301
1988	14000
1988	12880
1988	12811
1988	12725
1988	11554
1988	11523
1988	10425
1988	10000
1988	8000
1988	7442
1988	6761
1988	6449
1988	6000
1988	5800
1988	5408
1988	5000
1988	5000
1988	4460
1988	4350
1988	4160
1988	4000
1988	3852
1988	3651
1988	3636
1988	3507
1988	3500
1988	3200
1988	3100
1988	3073
1988	3000
1988	2800
1988	2639
1988	2452
1988	2339
1988	2130
1988	2100
1988	2000
1988	2000
1988	2000
1988	2000
1988	1800
1988	1800
1988	1790
1988	1782
1988	1530
1988	1483
1988	1461
1988	1455
1988	1150
1988	990
1988	967
1988	930
1988	895
1988	730
1988	652
1988	650
1988	553
1988	537
1988	471
1988	458
1988	409
1988	280
1988	210
1988	200
1988	192
1988	150
1988	130
1988	108
1988	100
1988	100
1988	92
1988	78
1988	68
1988	63
1988	57
1988	16
1988	10
1989	2848834
1989	620150
1989	492800
1989	443869
1989	269888
1989	233200
1989	197318
1989	133000
1989	130361
1989	86327
1989	81061
1989	80979
1989	80459
1989	79860
1989	78422
1989	75573
1989	74400
1989	73947
1989	64000
1989	60245
1989	57296
1989	56060
1989	55100
1989	50938
1989	50303
1989	41606
1989	39301
1989	36900
1989	33710
1989	29682
1989	28568
1989	27500
1989	23900
1989	20100
1989	19000
1989	15393
1989	14908
1989	14653
1989	13858
1989	13000
1989	12478
1989	11886
1989	11808
1989	11397
1989	11000
1989	10590
1989	10545
1989	9890
1989	6551
1989	5900
1989	5500
1989	5423
1989	5380
1989	4849
1989	4784
1989	4396
1989	4000
1989	4000
1989	4000
1989	3930
1989	3600
1989	3585
1989	3527
1989	3456
1989	3300
1989	3200
1989	3100
1989	3000
1989	2929
1989	2900
1989	2339
1989	2188
1989	2000
1989	2000
1989	2000
1989	1967
1989	1900
1989	1819
1989	1800
1989	1651
1989	1571
1989	1541
1989	1430
1989	1200
1989	1035
1989	950
1989	925
1989	900
1989	844
1989	802
1989	730
1989	707
1989	680
1989	650
1989	650
1989	471
1989	431
1989	404
1989	327
1989	322
1989	300
1989	200
1989	200
1989	164
1989	150
1989	135
1989	107
1989	100
1989	92
1989	71
1989	59
1989	41
1989	24
1989	17
1989	10
1990	2645608
1990	737710
1990	551600
1990	445489
1990	296008
1990	283214
1990	214851
1990	156432
1990	135685
1990	130394
1990	101028
1990	81723
1990	80500
1990	76542
1990	70073
1990	69469
1990	68096
1990	67634
1990	65000
1990	63057
1990	59000
1990	45721
1990	43178
1990	40000
1990	37800
1990	37129
1990	34130
1990	33941
1990	32989
1990	27632
1990	27400
1990	21827
1990	19446
1990	18328
1990	16459
1990	14550
1990	14412
1990	14200
1990	14100
1990	13583
1990	13100
1990	12299
1990	11151
1990	10441
1990	10335
1990	10154
1990	9000
1990	8800
1990	7800
1990	7779
1990	7288
1990	6800
1990	6779
1990	6600
1990	5400
1990	5198
1990	4971
1990	4911
1990	4400
1990	4400
1990	4000
1990	4000
1990	4000
1990	4000
1990	3578
1990	3400
1990	3322
1990	3100
1990	3000
1990	2900
1990	2894
1990	2553
1990	2339
1990	2008
1990	2000
1990	2000
1990	1962
1990	1860
1990	1717
1990	1695
1990	1530
1990	1492
1990	1255
1990	1250
1990	1106
1990	970
1990	935
1990	922
1990	835
1990	825
1990	799
1990	740
1990	700
1990	650
1990	501
1990	471
1990	418
1990	343
1990	257
1990	240
1990	183
1990	155
1990	150
1990	145
1990	140
1990	128
1990	108
1990	101
1990	100
1990	85
1990	40
1990	23
1990	18
1990	13
1990	10
1991	3051686
1991	754950
1991	555900
1991	413831
1991	240881
1991	217496
1991	193296
1991	178595
1991	161900
1991	140283
1991	113374
1991	94504
1991	85400
1991	85182
1991	80806
1991	78704
1991	72403
1991	69897
1991	69696
1991	66000
1991	58061
1991	57425
1991	49138
1991	44500
1991	36200
1991	34338
1991	33775
1991	30300
1991	30140
1991	29865
1991	29286
1991	29189
1991	23700
1991	23322
1991	20496
1991	17509
1991	16200
1991	15409
1991	14908
1991	14000
1991	13900
1991	12614
1991	10129
1991	10000
1991	9216
1991	9120
1991	9000
1991	8800
1991	8209
1991	7996
1991	7300
1991	7000
1991	7000
1991	6980
1991	6975
1991	5800
1991	5500
1991	5457
1991	5140
1991	5000
1991	4100
1991	4000
1991	4000
1991	3645
1991	3500
1991	3358
1991	3100
1991	3000
1991	3000
1991	2795
1991	2339
1991	2169
1991	2000
1991	1965
1991	1623
1991	1600
1991	1493
1991	1488
1991	1478
1991	1365
1991	1305
1991	1300
1991	1260
1991	1160
1991	1020
1991	1000
1991	968
1991	930
1991	906
1991	900
1991	862
1991	793
1991	720
1991	650
1991	650
1991	600
1991	471
1991	320
1991	272
1991	252
1991	220
1991	220
1991	145
1991	140
1991	132
1991	99
1991	91
1991	85
1991	73
1991	60
1991	40
1991	30
1991	19
1991	12
1991	8
1992	3514953
1992	780936
1992	584400
1992	575652
1992	334276
1992	211394
1992	186600
1992	150855
1992	127213
1992	117899
1992	111655
1992	109157
1992	97320
1992	93600
1992	79567
1992	71380
1992	65947
1992	65640
1992	64000
1992	56300
1992	52300
1992	45052
1992	44949
1992	43200
1992	42382
1992	35000
1992	34080
1992	30560
1992	27908
1992	27300
1992	26502
1992	24636
1992	24361
1992	23575
1992	23324
1992	22162
1992	21290
1992	19895
1992	16530
1992	16498
1992	14263
1992	13103
1992	12495
1992	11651
1992	11557
1992	11496
1992	11486
1992	11245
1992	9640
1992	9600
1992	9400
1992	9252
1992	9000
1992	8991
1992	8900
1992	8800
1992	8749
1992	8300
1992	8100
1992	7600
1992	6686
1992	6181
1992	6005
1992	5818
1992	5210
1992	4876
1992	4543
1992	4335
1992	4200
1992	3975
1992	3900
1992	3746
1992	3407
1992	3228
1992	3103
1992	3100
1992	3000
1992	3000
1992	2892
1992	2735
1992	2667
1992	2500
1992	2339
1992	2308
1992	2200
1992	2100
1992	2088
1992	2020
1992	2000
1992	1936
1992	1740
1992	1706
1992	1700
1992	1600
1992	1500
1992	1500
1992	1484
1992	1333
1992	1250
1992	1173
1992	963
1992	950
1992	867
1992	850
1992	792
1992	730
1992	700
1992	614
1992	600
1992	471
1992	459
1992	320
1992	315
1992	279
1992	232
1992	155
1992	150
1992	128
1992	126
1992	85
1992	82
1992	70
1992	46
1992	22
1992	17
1992	15
1992	13
1992	5
1993	3468428
1993	731790
1993	655739
1993	596500
1993	338796
1993	204790
1993	167900
1993	135698
1993	130400
1993	121370
1993	112305
1993	106493
1993	104786
1993	101600
1993	93600
1993	77476
1993	64285
1993	60690
1993	60000
1993	52376
1993	50220
1993	48600
1993	45575
1993	44900
1993	44800
1993	36808
1993	36380
1993	36091
1993	34321
1993	30400
1993	25827
1993	24108
1993	24002
1993	20490
1993	20300
1993	20208
1993	19892
1993	19636
1993	18692
1993	16631
1993	15000
1993	13488
1993	13400
1993	13399
1993	11696
1993	11500
1993	11321
1993	11136
1993	10403
1993	10000
1993	9679
1993	9600
1993	9585
1993	9200
1993	8700
1993	8500
1993	8471
1993	8221
1993	8000
1993	6877
1993	6652
1993	6020
1993	5587
1993	5200
1993	5183
1993	4980
1993	4505
1993	4500
1993	4238
1993	4100
1993	4000
1993	3600
1993	3500
1993	3417
1993	3381
1993	3226
1993	3210
1993	3100
1993	2873
1993	2836
1993	2616
1993	2600
1993	2536
1993	2500
1993	2446
1993	2400
1993	2350
1993	2275
1993	2205
1993	2100
1993	2050
1993	1951
1993	1725
1993	1600
1993	1563
1993	1437
1993	1318
1993	1307
1993	1300
1993	1200
1993	1015
1993	970
1993	850
1993	830
1993	740
1993	670
1993	600
1993	520
1993	500
1993	471
1993	393
1993	367
1993	308
1993	238
1993	226
1993	160
1993	148
1993	146
1993	135
1993	85
1993	74
1993	65
1993	40
1993	29
1993	18
1993	10
1993	5
1994	2256526
1994	717950
1994	562900
1994	519541
1994	186954
1994	182466
1994	141647
1994	130134
1994	120579
1994	100237
1994	99300
1994	98598
1994	81957
1994	71931
1994	70140
1994	65000
1994	59570
1994	56900
1994	51852
1994	50800
1994	44032
1994	43076
1994	41486
1994	39375
1994	36400
1994	34627
1994	32715
1994	27165
1994	26905
1994	25791
1994	21700
1994	20800
1994	19500
1994	18862
1994	17420
1994	17084
1994	16007
1994	15577
1994	14300
1994	14193
1994	14002
1994	14000
1994	12993
1994	12241
1994	12029
1994	12000
1994	11100
1994	9887
1994	9773
1994	9600
1994	9366
1994	9300
1994	8920
1994	8613
1994	8520
1994	8358
1994	7700
1994	7170
1994	7000
1994	6548
1994	6098
1994	6087
1994	6000
1994	5500
1994	5403
1994	5250
1994	4699
1994	4281
1994	3900
1994	3855
1994	3720
1994	3580
1994	3546
1994	3321
1994	3116
1994	3096
1994	3031
1994	2958
1994	2796
1994	2790
1994	2500
1994	2450
1994	2230
1994	2200
1994	2200
1994	2188
1994	2000
1994	1930
1994	1928
1994	1797
1994	1600
1994	1517
1994	1459
1994	1360
1994	1318
1994	1250
1994	1250
1994	1024
1994	930
1994	912
1994	860
1994	750
1994	700
1994	700
1994	692
1994	650
1994	592
1994	550
1994	500
1994	500
1994	353
1994	338
1994	303
1994	272
1994	246
1994	242
1994	156
1994	152
1994	140
1994	119
1994	85
1994	54
1994	31
1994	26
1994	13
1994	8.3
1994	5
1994	3
1994	1
1995	2326685
1995	576020
1995	566700
1995	455986
1995	204440
1995	198380
1995	148543
1995	140169
1995	129400
1995	124492
1995	83862
1995	80917
1995	79011
1995	74219
1995	70391
1995	63705
1995	60000
1995	48800
1995	42915
1995	39750
1995	38000
1995	37577
1995	27700
1995	27401
1995	27000
1995	26643
1995	26304
1995	26000
1995	24989
1995	23361
1995	22630
1995	20570
1995	19402
1995	18803
1995	17600
1995	17400
1995	15683
1995	14751
1995	13847
1995	13482
1995	13358
1995	13000
1995	12159
1995	11700
1995	11383
1995	11249
1995	11079
1995	10720
1995	10600
1995	10318
1995	9200
1995	8700
1995	8548
1995	8500
1995	8069
1995	6945
1995	6851
1995	6836
1995	6777
1995	6758
1995	6300
1995	6000
1995	5741
1995	5447
1995	4945
1995	4758
1995	4100
1995	4000
1995	3985
1995	3962
1995	3900
1995	3800
1995	3513
1995	3500
1995	3339
1995	3126
1995	3000
1995	2900
1995	2884
1995	2790
1995	2500
1995	2500
1995	2145
1995	2000
1995	1814
1995	1700
1995	1680
1995	1625
1995	1594
1995	1488
1995	1300
1995	1280
1995	1253
1995	1240
1995	1168
1995	1016
1995	1000
1995	930
1995	929
1995	890
1995	740
1995	692
1995	650
1995	650
1995	600
1995	553
1995	530
1995	500
1995	310
1995	302
1995	300
1995	243
1995	200
1995	200
1995	157
1995	153
1995	149
1995	136
1995	112
1995	101
1995	85
1995	60
1995	33
1995	32
1995	20
1995	10
1995	5
1995	2
1995	1
1996	3245230
1996	688870
1996	535200
1996	472738
1996	225216
1996	208716
1996	151025
1996	141662
1996	133750
1996	130590
1996	98201
1996	81558
1996	79900
1996	70151
1996	66000
1996	64964
1996	61108
1996	59800
1996	44396
1996	44000
1996	42631
1996	39790
1996	39375
1996	38241
1996	31485
1996	30412
1996	29074
1996	28598
1996	27661
1996	26040
1996	23500
1996	21520
1996	19500
1996	18100
1996	17917
1996	17448
1996	17165
1996	15980
1996	15412
1996	14412
1996	12249
1996	12092
1996	11988
1996	11723
1996	11600
1996	11272
1996	11034
1996	11000
1996	10999
1996	10720
1996	10343
1996	10000
1996	9620
1996	9395
1996	8574
1996	8554
1996	8312
1996	8156
1996	6349
1996	6339
1996	6206
1996	6080
1996	5510
1996	4490
1996	4045
1996	3900
1996	3842
1996	3792
1996	3722
1996	3536
1996	3500
1996	3192
1996	3000
1996	2945
1996	2914
1996	2900
1996	2865
1996	2797
1996	2737
1996	2728
1996	2700
1996	2500
1996	2450
1996	2188
1996	2000
1996	2000
1996	2000
1996	1816
1996	1659
1996	1600
1996	1370
1996	1340
1996	1300
1996	1106
1996	1038
1996	1000
1996	930
1996	905
1996	878
1996	799
1996	664
1996	613
1996	600
1996	580
1996	511
1996	510
1996	500
1996	436
1996	336
1996	244
1996	214
1996	210
1996	202
1996	159
1996	158
1996	143
1996	142
1996	111
1996	85
1996	85
1996	44
1996	23
1996	22
1996	18
1996	10
1996	2
1996	2
1996	1
1997	4261283
1997	810750
1997	618000
1997	596952
1997	286414
1997	215369
1997	158113
1997	136977
1997	136746
1997	130513
1997	123206
1997	106029
1997	91637
1997	76204
1997	72400
1997	68504
1997	65396
1997	61299
1997	54388
1997	50500
1997	46085
1997	38100
1997	36457
1997	35380
1997	32369
1997	32204
1997	30938
1997	28000
1997	27200
1997	26420
1997	25745
1997	25124
1997	24033
1997	23753
1997	23319
1997	23308
1997	21878
1997	19100
1997	18515
1997	18100
1997	16800
1997	15087
1997	14294
1997	14024
1997	13866
1997	12148
1997	11600
1997	11530
1997	11339
1997	11242
1997	11117
1997	10939
1997	10493
1997	10229
1997	9990
1997	9806
1997	9105
1997	8648
1997	8504
1997	8195
1997	8153
1997	7854
1997	6371
1997	5845
1997	4596
1997	4480
1997	4400
1997	4118
1997	3900
1997	3850
1997	3648
1997	3500
1997	3332
1997	3300
1997	3220
1997	3074
1997	3026
1997	3000
1997	3000
1997	2900
1997	2600
1997	2600
1997	2500
1997	2370
1997	2336
1997	2188
1997	2024
1997	2000
1997	1800
1997	1700
1997	1350
1997	1250
1997	1086
1997	1040
1997	1038
1997	994
1997	920
1997	722
1997	611
1997	550
1997	550
1997	498
1997	475
1997	428
1997	400
1997	392
1997	322
1997	239
1997	215
1997	200
1997	200
1997	193
1997	163
1997	160
1997	144
1997	100
1997	99
1997	90
1997	85
1997	85
1997	40
1997	33
1997	24
1997	18
1997	16
1997	2
1997	1
1998	2373982
1998	671250
1998	646000
1998	505353
1998	260000
1998	250556
1998	137564
1998	137114
1998	132509
1998	124550
1998	116510
1998	98600
1998	74300
1998	73178
1998	64000
1998	62190
1998	62000
1998	56900
1998	55535
1998	50328
1998	48763
1998	43658
1998	43332
1998	38692
1998	37870
1998	37673
1998	36655
1998	33300
1998	31676
1998	31600
1998	30235
1998	28060
1998	26211
1998	25600
1998	24414
1998	23283
1998	23000
1998	21700
1998	20440
1998	17536
1998	14638
1998	13700
1998	13500
1998	12538
1998	12334
1998	12307
1998	12133
1998	12000
1998	11679
1998	11518
1998	11469
1998	11333
1998	11300
1998	11169
1998	11070
1998	11000
1998	10144
1998	10057
1998	9044
1998	8720
1998	8504
1998	8460
1998	7399
1998	6880
1998	6650
1998	4566
1998	4560
1998	4490
1998	4210
1998	3914
1998	3800
1998	3700
1998	3626
1998	3461
1998	3415
1998	3300
1998	3220
1998	3053
1998	3005
1998	3000
1998	2601
1998	2550
1998	2390
1998	2363
1998	2307
1998	2188
1998	2149
1998	2000
1998	1800
1998	1800
1998	1506
1998	1487
1998	1400
1998	1318
1998	1300
1998	1100
1998	1038
1998	920
1998	701
1998	660
1998	600
1998	583
1998	535
1998	525
1998	520
1998	400
1998	354
1998	235
1998	205
1998	200
1998	200
1998	200
1998	180
1998	170
1998	167
1998	150
1998	140
1998	90
1998	85
1998	85
1998	68
1998	40
1998	25
1998	18
1998	18
1998	2
1998	1
1999	2478295
1999	736200
1999	629525
1999	586360
1999	243468
1999	193183
1999	139791
1999	138000
1999	126352
1999	113400
1999	108800
1999	84555
1999	79300
1999	70215
1999	65443
1999	64858
1999	64727
1999	51692
1999	50567
1999	45900
1999	43686
1999	40395
1999	37930
1999	35600
1999	34475
1999	30562
1999	30100
1999	29795
1999	29368
1999	29000
1999	26161
1999	26057
1999	24700
1999	23350
1999	22407
1999	22313
1999	21000
1999	20864
1999	19300
1999	16902
1999	16800
1999	15815
1999	15689
1999	15561
1999	14800
1999	14500
1999	12500
1999	12000
1999	11789
1999	11160
1999	11081
1999	10920
1999	10051
1999	10034
1999	8626
1999	8599
1999	8000
1999	7675
1999	7300
1999	7050
1999	6873
1999	6358
1999	6010
1999	5780
1999	5597
1999	4944
1999	4715
1999	4700
1999	4092
1999	4045
1999	4010
1999	4000
1999	3911
1999	3851
1999	3500
1999	3300
1999	3220
1999	3200
1999	3000
1999	3000
1999	2918
1999	2698
1999	2300
1999	2144
1999	1855
1999	1800
1999	1800
1999	1750
1999	1600
1999	1530
1999	1500
1999	1350
1999	1314
1999	1300
1999	1289
1999	1103
1999	1100
1999	1000
1999	965
1999	773
1999	718
1999	702
1999	678
1999	668
1999	570
1999	561
1999	410
1999	367
1999	333
1999	312
1999	233
1999	210
1999	200
1999	188
1999	187
1999	160
1999	118
1999	90
1999	85
1999	70
1999	60
1999	50
1999	40
1999	20
1999	11
1999	2
1999	1
2000	2563850
2000	578451
2000	520000
2000	477753
2000	227726
2000	204329
2000	200280
2000	136593
2000	129937
2000	114509
2000	107700
2000	98675
2000	68198
2000	63000
2000	60803
2000	60624
2000	53010
2000	50900
2000	49529
2000	45164
2000	42908
2000	39926
2000	35000
2000	34613
2000	32296
2000	32237
2000	29700
2000	29545
2000	27767
2000	27100
2000	26384
2000	26112
2000	25306
2000	25252
2000	22837
2000	22175
2000	22000
2000	20980
2000	19000
2000	18630
2000	17960
2000	17258
2000	17229
2000	16160
2000	12249
2000	11613
2000	11341
2000	10985
2000	10900
2000	10800
2000	10521
2000	10485
2000	10200
2000	9714
2000	9533
2000	9470
2000	8755
2000	7762
2000	7665
2000	7186
2000	7172
2000	7153
2000	6200
2000	6135
2000	5400
2000	5333
2000	5080
2000	5035
2000	4700
2000	4577
2000	4486
2000	4422
2000	4210
2000	3851
2000	3809
2000	3800
2000	3436
2000	3300
2000	3300
2000	3277
2000	3220
2000	3000
2000	2800
2000	2668
2000	2250
2000	2204
2000	1920
2000	1870
2000	1855
2000	1800
2000	1800
2000	1500
2000	1479
2000	1440
2000	1350
2000	1300
2000	1200
2000	1182
2000	1050
2000	975
2000	762
2000	679
2000	660
2000	652
2000	563
2000	550
2000	500
2000	446
2000	374
2000	313
2000	300
2000	200
2000	191
2000	187
2000	184
2000	144
2000	140
2000	90
2000	90
2000	85
2000	75
2000	71
2000	22
2000	20
2000	12
2000	2
2000	1
2001	2358845
2001	568505
2001	449643
2001	340000
2001	199103
2001	195905
2001	144786
2001	142000
2001	130487
2001	98110
2001	85100
2001	82544
2001	74076
2001	60600
2001	58606
2001	57904
2001	57818
2001	55587
2001	53700
2001	48173
2001	40710
2001	40560
2001	37000
2001	34000
2001	32000
2001	31751
2001	30081
2001	28802
2001	26158
2001	24522
2001	24036
2001	23896
2001	23861
2001	23200
2001	22572
2001	19849
2001	19562
2001	19500
2001	19000
2001	17000
2001	16800
2001	16586
2001	16058
2001	14700
2001	12800
2001	12738
2001	12508
2001	12122
2001	11616
2001	11441
2001	11436
2001	11170
2001	10502
2001	10200
2001	10100
2001	9000
2001	9000
2001	8931
2001	7776
2001	7382
2001	6475
2001	6464
2001	5764
2001	5090
2001	4924
2001	4662
2001	4520
2001	4414
2001	4059
2001	3973
2001	3759
2001	3673
2001	3600
2001	3385
2001	3300
2001	3220
2001	3121
2001	3047
2001	2940
2001	2900
2001	2541
2001	2500
2001	2200
2001	2130
2001	1987
2001	1883
2001	1833
2001	1800
2001	1634
2001	1500
2001	1400
2001	1393
2001	1350
2001	1340
2001	1270
2001	1262
2001	1219
2001	1100
2001	978
2001	893
2001	770
2001	634
2001	621
2001	600
2001	556
2001	500
2001	396
2001	390
2001	357
2001	300
2001	211
2001	188
2001	180
2001	164
2001	152
2001	120
2001	102
2001	92
2001	87
2001	85
2001	80
2001	75
2001	20
2001	18
2001	16
2001	2
2001	1
2002	2454108
2002	670309
2002	550000
2002	395134
2002	192083
2002	178408
2002	152856
2002	133000
2002	132437
2002	122231
2002	94500
2002	89401
2002	77693
2002	64400
2002	62250
2002	58200
2002	54550
2002	50174
2002	47549
2002	47500
2002	41525
2002	38000
2002	36310
2002	34494
2002	33200
2002	33000
2002	27700
2002	27497
2002	27423
2002	27000
2002	26475
2002	25611
2002	24329
2002	22044
2002	21936
2002	20728
2002	20540
2002	20000
2002	19000
2002	18377
2002	17000
2002	16000
2002	15830
2002	13982
2002	12700
2002	12404
2002	11806
2002	11767
2002	11490
2002	11288
2002	10905
2002	10200
2002	9832
2002	9776
2002	9700
2002	9000
2002	7164
2002	6976
2002	6504
2002	6500
2002	6154
2002	5854
2002	5847
2002	5603
2002	5173
2002	4692
2002	4465
2002	4268
2002	4081
2002	3900
2002	3820
2002	3763
2002	3620
2002	3300
2002	3298
2002	3273
2002	3160
2002	3000
2002	3000
2002	2800
2002	2714
2002	2600
2002	2500
2002	2150
2002	2065
2002	2020
2002	1995
2002	1831
2002	1800
2002	1600
2002	1500
2002	1462
2002	1460
2002	1350
2002	1285
2002	1270
2002	1251
2002	1200
2002	1178
2002	1000
2002	980
2002	742
2002	641
2002	500
2002	485
2002	475
2002	411
2002	357
2002	300
2002	260
2002	250
2002	238
2002	200
2002	180
2002	150
2002	150
2002	110
2002	99
2002	92
2002	85
2002	84
2002	73
2002	21
2002	18
2002	17
2002	2
2002	1
2003	2262663
2003	656200
2003	490000
2003	364035
2003	200875
2003	136000
2003	124985
2003	115837
2003	112158
2003	102683
2003	94312
2003	88200
2003	75290
2003	64000
2003	61539
2003	52903
2003	50662
2003	46338
2003	40192
2003	37400
2003	37051
2003	37000
2003	35666
2003	34458
2003	34250
2003	33400
2003	31800
2003	28000
2003	26209
2003	25713
2003	25600
2003	25467
2003	22437
2003	22195
2003	22000
2003	21592
2003	20123
2003	20035
2003	19000
2003	17084
2003	16000
2003	15898
2003	13526
2003	13000
2003	11898
2003	11861
2003	11625
2003	11500
2003	11437
2003	9900
2003	9680
2003	9623
2003	8690
2003	7958
2003	7900
2003	7713
2003	7601
2003	7239
2003	6692
2003	6461
2003	5954
2003	5735
2003	5674
2003	4685
2003	4500
2003	4035
2003	3810
2003	3517
2003	3460
2003	3331
2003	3279
2003	3211
2003	3000
2003	3000
2003	3000
2003	2981
2003	2500
2003	2466
2003	2268
2003	2255
2003	2200
2003	1978
2003	1932
2003	1800
2003	1584
2003	1500
2003	1450
2003	1443
2003	1416
2003	1384
2003	1350
2003	1300
2003	1270
2003	1226
2003	1205
2003	1204
2003	1026
2003	1004
2003	943
2003	863
2003	744
2003	683
2003	644
2003	500
2003	462
2003	426
2003	388
2003	385
2003	350
2003	332
2003	320
2003	197
2003	180
2003	165
2003	112
2003	101
2003	97
2003	92
2003	90
2003	85
2003	83
2003	80
2003	25
2003	18
2003	10
2003	2
2003	1
2004	2411490
2004	921281
2004	549900
2004	400012
2004	165108
2004	157294
2004	133937
2004	133913
2004	117882
2004	106187
2004	86200
2004	78312
2004	69569
2004	68249
2004	68129
2004	52659
2004	49528
2004	48308
2004	42430
2004	40596
2004	39000
2004	37380
2004	37311
2004	36380
2004	34000
2004	33000
2004	32520
2004	32486
2004	31700
2004	29065
2004	27137
2004	25942
2004	25568
2004	23400
2004	22200
2004	22000
2004	21763
2004	21140
2004	19000
2004	17001
2004	16535
2004	15000
2004	14314
2004	13850
2004	13000
2004	12988
2004	12521
2004	11560
2004	11413
2004	11000
2004	10293
2004	10200
2004	10101
2004	9321
2004	8350
2004	7900
2004	7600
2004	7471
2004	6518
2004	6054
2004	5357
2004	4465
2004	4390
2004	4246
2004	4174
2004	4046
2004	3800
2004	3782
2004	3782
2004	3677
2004	3310
2004	3000
2004	3000
2004	2819
2004	2675
2004	2544
2004	2500
2004	2479
2004	2467
2004	2300
2004	2100
2004	2030
2004	1985
2004	1770
2004	1707
2004	1702
2004	1681
2004	1653
2004	1500
2004	1461
2004	1392
2004	1350
2004	1320
2004	1298
2004	1221
2004	1100
2004	1100
2004	1087
2004	1004
2004	900
2004	897
2004	769
2004	608
2004	550
2004	535
2004	475
2004	377
2004	367
2004	357
2004	350
2004	234
2004	224
2004	203
2004	180
2004	180
2004	140
2004	131
2004	118
2004	106
2004	95
2004	85
2004	84
2004	27
2004	19
2004	18
2004	2
2004	1
2005	2685743
2005	889426
2005	549100
2005	292574
2005	161064
2005	153470
2005	135247
2005	124351
2005	115983
2005	100500
2005	93598
2005	83230
2005	71953
2005	65400
2005	65042
2005	58336
2005	58211
2005	47000
2005	46800
2005	45600
2005	45093
2005	43000
2005	40251
2005	38000
2005	35000
2005	34940
2005	33483
2005	31413
2005	28870
2005	28100
2005	27691
2005	26211
2005	26000
2005	25900
2005	25000
2005	22947
2005	22180
2005	20000
2005	20000
2005	17694
2005	16122
2005	16000
2005	15600
2005	15000
2005	14143
2005	13396
2005	11752
2005	11400
2005	11385
2005	10888
2005	10601
2005	10053
2005	9850
2005	9579
2005	9000
2005	7685
2005	7135
2005	6690
2005	6500
2005	6154
2005	4749
2005	4500
2005	4421
2005	4253
2005	4210
2005	4053
2005	3714
2005	3682
2005	3672
2005	3605
2005	3358
2005	3135
2005	3048
2005	3029
2005	3016
2005	3000
2005	2930
2005	2500
2005	2400
2005	2250
2005	2230
2005	2100
2005	1900
2005	1888
2005	1769
2005	1699
2005	1609
2005	1597
2005	1527
2005	1517
2005	1419
2005	1407
2005	1161
2005	1100
2005	1094
2005	1038
2005	1032
2005	1000
2005	777
2005	560
2005	550
2005	543
2005	536
2005	500
2005	490
2005	480
2005	366
2005	350
2005	333
2005	300
2005	296
2005	247
2005	200
2005	200
2005	175
2005	115
2005	109
2005	100
2005	93
2005	90
2005	85
2005	80
2005	30
2005	21
2005	18
2005	2
2005	1
2006	2746193
2006	900381
2006	552200
2006	330169
2006	146265
2006	144345
2006	121600
2006	112592
2006	98137
2006	96600
2006	65835
2006	65000
2006	59041
2006	52000
2006	48525
2006	48000
2006	45500
2006	44451
2006	42710
2006	41956
2006	41900
2006	40512
2006	38368
2006	37700
2006	37405
2006	34000
2006	32563
2006	29700
2006	25036
2006	24900
2006	24800
2006	21500
2006	20557
2006	20200
2006	19381
2006	18880
2006	17605
2006	17602
2006	17500
2006	15793
2006	15479
2006	15000
2006	14231
2006	14060
2006	14000
2006	13361
2006	10851
2006	10808
2006	10500
2006	9724
2006	9145
2006	8900
2006	8600
2006	8500
2006	8349
2006	7800
2006	6889
2006	6441
2006	5035
2006	4850
2006	4845
2006	4645
2006	4184
2006	4000
2006	4000
2006	3916
2006	3791
2006	3710
2006	3500
2006	3500
2006	3080
2006	3071
2006	2998
2006	2763
2006	2718
2006	2600
2006	2500
2006	2300
2006	2298
2006	2250
2006	2063
2006	2000
2006	2000
2006	1686
2006	1668
2006	1596
2006	1533
2006	1500
2006	1490
2006	1382
2006	1301
2006	1176
2006	1170
2006	943
2006	900
2006	770
2006	750
2006	723
2006	668
2006	570
2006	500
2006	496
2006	431
2006	372
2006	350
2006	340
2006	318
2006	304
2006	300
2006	300
2006	298
2006	255
2006	209
2006	191
2006	181
2006	171
2006	120
2006	117
2006	110
2006	102
2006	90
2006	85
2006	32
2006	19
2006	18
2006	10
2006	2
2006	1
2007	2397152
2007	908679
2007	520000
2007	357273
2007	164851
2007	127740
2007	118000
2007	110000
2007	103240
2007	79000
2007	74584
2007	73000
2007	63000
2007	61759
2007	58562
2007	50600
2007	44000
2007	41100
2007	39482
2007	39180
2007	37800
2007	34289
2007	32000
2007	31900
2007	29370
2007	29248
2007	27200
2007	26383
2007	25600
2007	24066
2007	22880
2007	22056
2007	21486
2007	21412
2007	19400
2007	18109
2007	15805
2007	15000
2007	14429
2007	13644
2007	13008
2007	13000
2007	12861
2007	12639
2007	11600
2007	11153
2007	11136
2007	11030
2007	9400
2007	9000
2007	8341
2007	7900
2007	7700
2007	6750
2007	6500
2007	6453
2007	6300
2007	6043
2007	5686
2007	5147
2007	5082
2007	4641
2007	4150
2007	4058
2007	3951
2007	3632
2007	3346
2007	3265
2007	3100
2007	2996
2007	2914
2007	2836
2007	2800
2007	2700
2007	2648
2007	2582
2007	2350
2007	2250
2007	2046
2007	2000
2007	1900
2007	1890
2007	1850
2007	1600
2007	1595
2007	1478
2007	1371
2007	1311
2007	1244
2007	1191
2007	1128
2007	991
2007	900
2007	870
2007	850
2007	780
2007	684
2007	607
2007	606
2007	525
2007	516
2007	404
2007	400
2007	390
2007	367
2007	358
2007	316
2007	300
2007	268
2007	266
2007	225
2007	190
2007	160
2007	160
2007	158
2007	122
2007	110
2007	104
2007	104
2007	102
2007	100
2007	90
2007	33
2007	24
2007	18
2007	10
2007	2
2007	1
2008	2839945
2008	851058
2008	490000
2008	363103
2008	168037
2008	160238
2008	130381
2008	121281
2008	107765
2008	93403
2008	81952
2008	70000
2008	64342
2008	64066
2008	61930
2008	50800
2008	44718
2008	42424
2008	41153
2008	40248
2008	38500
2008	33103
2008	33000
2008	32466
2008	31127
2008	29040
2008	28800
2008	22054
2008	21500
2008	21176
2008	20580
2008	20500
2008	20100
2008	19942
2008	17404
2008	17087
2008	16971
2008	16700
2008	16320.4
2008	13618
2008	12866
2008	12000
2008	11442
2008	11000
2008	10839
2008	9654
2008	9054
2008	9041
2008	8980
2008	8654
2008	8519
2008	8339
2008	8000
2008	6374
2008	6278
2008	6214
2008	6051
2008	6033
2008	5339
2008	5000
2008	4939
2008	4099
2008	3937
2008	3901
2008	3864
2008	3770
2008	3761
2008	3462
2008	3233
2008	3098
2008	3000
2008	2838
2008	2781
2008	2614
2008	2599
2008	2546
2008	2485
2008	2436
2008	2372
2008	2366
2008	2145
2008	1951
2008	1890
2008	1660
2008	1563
2008	1480
2008	1409
2008	1400
2008	1307
2008	1300
2008	1269
2008	1240
2008	1204
2008	1200
2008	1028
2008	950
2008	777
2008	673
2008	646
2008	538
2008	500
2008	391
2008	347
2008	333
2008	324
2008	257
2008	225
2008	202
2008	191
2008	189
2008	160
2008	155
2008	118
2008	117
2008	111
2008	102
2008	100
2008	90
2008	79
2008	50
2008	34
2008	25
2008	18
2008	3
2008	2
2008	1
2008	1
2009	3067928
2009	863079
2009	620000
2009	373117
2009	208155
2009	176510
2009	135531
2009	104996
2009	97860
2009	96367
2009	85000
2009	75335
2009	73000
2009	63000
2009	62449
2009	55400
2009	51322
2009	45991
2009	40265
2009	40062.1
2009	39293
2009	36600
2009	36383
2009	34000
2009	30400
2009	28200
2009	27098
2009	25966
2009	25200
2009	24122
2009	22577
2009	21048
2009	20158
2009	19881
2009	18846
2009	17842
2009	15402
2009	14103
2009	13486
2009	13348
2009	12005
2009	11800
2009	10260
2009	10171
2009	9847
2009	9565
2009	9500
2009	8826
2009	8370
2009	8223
2009	8100
2009	7822
2009	7668
2009	7408
2009	7112
2009	6679
2009	6278
2009	6098
2009	5805
2009	5688
2009	5626
2009	5054
2009	4820
2009	4416
2009	4315
2009	4069
2009	3819
2009	3810
2009	2952
2009	2863
2009	2811
2009	2788
2009	2723
2009	2627
2009	2609
2009	2497
2009	2473
2009	2424
2009	2300
2009	2156
2009	2000
2009	1961
2009	1952
2009	1900
2009	1893
2009	1622
2009	1600
2009	1566
2009	1496
2009	1416
2009	1410
2009	1314
2009	1284
2009	1209
2009	1054.8
2009	970
2009	953
2009	791
2009	759
2009	605
2009	460
2009	343
2009	335
2009	282
2009	272
2009	240
2009	237
2009	235
2009	207
2009	153
2009	130
2009	128
2009	119
2009	110
2009	102
2009	100
2009	100
2009	93
2009	62
2009	50
2009	35
2009	29
2009	7
2009	3
2009	2
2009	2
2009	1
2010	3005753
2010	787617
2010	755500
2010	325766
2010	220198
2010	137000
2010	122276
2010	119323
2010	109737
2010	89700
2010	89112
2010	86000
2010	78500
2010	58912
2010	56530.2
2010	55288
2010	55000
2010	50000
2010	41100
2010	41056
2010	40530
2010	40200
2010	32300
2010	31414
2010	30280
2010	29300
2010	29100
2010	25700
2010	23178
2010	22000
2010	20500
2010	20200
2010	19500
2010	19200
2010	18428
2010	18400
2010	17200
2010	14625
2010	14156
2010	14145
2010	12400
2010	12300
2010	11100
2010	10440
2010	9900
2010	9300
2010	8491
2010	8066
2010	8000
2010	7949.5
2010	7900
2010	7800
2010	7610
2010	7500
2010	7400
2010	7200
2010	6983
2010	6964
2010	6340
2010	6120
2010	5700
2010	5700
2010	5600
2010	4600
2010	4315
2010	4200
2010	4000
2010	4000
2010	3400
2010	3243
2010	3210
2010	2998.64
2010	2971
2010	2520
2010	2500
2010	2491
2010	2400
2010	2400
2010	2300
2010	2250
2010	2200
2010	2000
2010	2000
2010	1854
2010	1700
2010	1700
2010	1700
2010	1500
2010	1400
2010	1400
2010	1376
2010	1300
2010	1300
2010	1200
2010	1183
2010	1000
2010	970
2010	840
2010	650
2010	470
2010	450
2010	420
2010	343
2010	340
2010	310
2010	310
2010	270
2010	230
2010	207
2010	200
2010	170
2010	150
2010	150
2010	140
2010	102
2010	90
2010	80
2010	80
2010	79
2010	70
2010	40
2010	30
2010	7
2010	3
2010	2
2010	1
2010	1
