1975	26293.859
1975	22730.065
1975	19869.137
1975	17573.003
1975	13837.387
1975	12463.907
1975	11630.998
1975	11608.956
1975	10475.58
1975	9581.639
1975	6029.393
1975	5556.697
1975	5318.679
1975	5213.771
1975	4946.881
1975	4709.177
1975	4638.793
1975	4408.635
1975	4026.456
1975	4023.822
1975	3668.603
1975	3144.081
1975	2992.147
1975	2956.504
1975	2703.194
1975	2429.937
1975	2293.969
1975	2274.517
1975	2078.053
1975	1945.397
1975	1887.973
1975	1802.974
1975	1530.894
1975	1503.092
1975	1495.914
1975	1437.131
1975	1163.042
1975	1143.917
1975	1116.066
1975	1084.721
1975	1075.369
1975	1005.324
1975	1003.233
1975	914.38
1975	860.161
1975	845.977
1975	755.168
1975	724.367
1975	715.394
1975	712.233
1975	661.895
1975	638.634
1975	638.512
1975	624.658
1975	614.397
1975	611.928
1975	606.998
1975	605.458
1975	574.085
1975	569.745
1975	544.898
1975	516.131
1975	486.129
1975	438.923
1975	415.615
1975	403.535
1975	370.287
1975	338.504
1975	334.67
1975	330.334
1975	323.847
1975	316.318
1975	308.224
1975	291.181
1975	281.524
1975	281.372
1975	275.61
1975	264.748
1975	243.827
1975	239.33
1975	231.052
1975	223.671
1975	223.255
1975	213.235
1975	202.712
1975	179.3
1975	163.903
1975	159.482
1975	155.23
1975	153.554
1975	151.212
1975	147.934
1975	137.261
1975	126.27
1975	116.401
1975	116.148
1975	109.652
1975	102.253
1975	101.753
1975	96.277
1975	93.36
1975	91.913
1975	84.683
1975	82.527
1975	81.876
1975	74.975
1975	74.813
1975	72.414
1975	65.062
1975	63.787
1975	62.564
1975	59.21
1975	57.408
1975	56.628
1975	54.124
1975	51.691
1975	50.821
1975	47.375
1975	46.873
1975	46.016
1975	39.162
1975	38.309
1975	34.593
1975	33.998
1975	31.286
1975	28.029
1975	24.246
1975	23.645
1975	23.311
1975	23.299
1975	21.739
1975	19.338
1975	18.145
1975	16.447
1975	16.447
1975	16.104
1975	13.598
1975	10.837
1975	10.518
1975	9.568
1975	9.398
1975	8.483
1975	8.314
1975	8.156
1975	7.963
1975	7.497
1975	7.048
1975	7.048
1975	6.342
1975	5.795
1975	5.036
1975	4.687
1975	4.463
1975	4.208
1975	4.142
1975	3.776
1975	3.667
1975	3.42
1975	3.351
1975	2.622
1975	2.173
1975	2.137
1975	1.942
1975	1.942
1975	1.942
1975	1.609
1975	1.262
1975	1.128
1976	26293.859
1976	19869.137
1976	19770.154
1976	17537.942
1976	13837.387
1976	13029.212
1976	12272.325
1976	11756.4
1976	10770.563
1976	9600.911
1976	6029.393
1976	5578.924
1976	5269.462
1976	5213.771
1976	5103.155
1976	4866.15
1976	4753.459
1976	4402.826
1976	4089.435
1976	3974.935
1976	3736.54
1976	3128.781
1976	3026.738
1976	3000.631
1976	2706.986
1976	2468.144
1976	2414.704
1976	2249.727
1976	2128.087
1976	1905.126
1976	1887.973
1976	1802.974
1976	1537.272
1976	1525.526
1976	1495.914
1976	1443.273
1976	1177.562
1976	1166.055
1976	1150.652
1976	1127.814
1976	1081.011
1976	1026.385
1976	1010.878
1976	984.717
1976	922.386
1976	845.977
1976	755.168
1976	735.439
1976	724.488
1976	724.367
1976	716.616
1976	653.84
1976	642.073
1976	634.945
1976	624.658
1976	622.746
1976	611.928
1976	605.458
1976	584.512
1976	574.085
1976	542.375
1976	531.361
1976	495.949
1976	473.665
1976	443.103
1976	421.581
1976	370.287
1976	334.67
1976	331.801
1976	323.847
1976	316.318
1976	314.789
1976	308.224
1976	298.415
1976	291.181
1976	284.644
1976	275.61
1976	267.863
1976	245.985
1976	239.33
1976	231.052
1976	223.671
1976	223.255
1976	202.712
1976	181.583
1976	179.3
1976	165.428
1976	163.903
1976	159.482
1976	156.444
1976	153.554
1976	151.212
1976	133.551
1976	126.27
1976	119.932
1976	119.436
1976	116.401
1976	102.253
1976	101.753
1976	96.277
1976	91.913
1976	91.374
1976	84.8
1976	84.683
1976	82.527
1976	74.975
1976	74.813
1976	74.483
1976	65.857
1976	65.062
1976	63.787
1976	63.787
1976	57.216
1976	56.628
1976	52.244
1976	51.691
1976	50.821
1976	49.802
1976	47.375
1976	46.016
1976	38.309
1976	35.415
1976	34.593
1976	34.267
1976	31.286
1976	28.029
1976	27.183
1976	24.246
1976	23.645
1976	23.311
1976	21.739
1976	19.338
1976	18.796
1976	18.145
1976	16.999
1976	16.447
1976	13.598
1976	10.837
1976	10.518
1976	9.568
1976	9.398
1976	9.371
1976	8.483
1976	8.314
1976	8.156
1976	7.963
1976	7.048
1976	7.048
1976	6.342
1976	5.795
1976	5.61
1976	5.586
1976	5.523
1976	5.501
1976	5.036
1976	4.687
1976	4.463
1976	3.776
1976	3.42
1976	2.622
1976	2.173
1976	2.137
1976	1.942
1976	1.942
1976	1.942
1976	1.609
1976	1.262
1976	1.128
1977	26293.859
1977	19869.137
1977	19439.85
1977	17439.768
1977	13837.387
1977	13501.271
1977	13267.378
1977	11819.101
1977	11065.546
1977	9559.154
1977	6012.127
1977	5601.151
1977	5213.771
1977	5154.623
1977	5148.061
1977	5023.122
1977	4373.784
1977	4200.974
1977	4152.414
1977	3926.047
1977	3804.477
1977	3113.481
1977	3061.329
1977	3044.758
1977	2725.942
1977	2656.175
1977	2498.709
1977	2188.127
1977	2175.355
1977	1887.973
1977	1871.051
1977	1802.974
1977	1589.409
1977	1567.189
1977	1452.485
1977	1416.077
1977	1189.112
1977	1177.562
1977	1139.562
1977	1132.912
1977	1087.782
1977	1058.3
1977	1026.385
1977	1021.987
1977	999.251
1977	845.977
1977	774.323
1977	755.168
1977	748.811
1977	727.519
1977	699.084
1977	681.21
1977	669.748
1977	644.22
1977	633.354
1977	624.658
1977	611.928
1977	605.458
1977	598.048
1977	585.005
1977	574.085
1977	521.207
1977	503.315
1977	489.761
1977	445.89
1977	425.558
1977	370.287
1977	334.67
1977	325.098
1977	323.847
1977	316.318
1977	309.676
1977	308.224
1977	307.016
1977	291.181
1977	287.916
1977	275.61
1977	267.863
1977	248.143
1977	246.456
1977	239.33
1977	223.671
1977	223.255
1977	202.712
1977	179.917
1977	179.3
1977	174.493
1977	163.644
1977	160.453
1977	159.482
1977	155.846
1977	153.404
1977	129.841
1977	126.27
1977	121.627
1977	116.401
1977	109.652
1977	102.253
1977	101.753
1977	96.277
1977	94.05
1977	91.374
1977	84.8
1977	84.683
1977	82.527
1977	77.586
1977	74.975
1977	74.813
1977	70.165
1977	65.857
1977	65.062
1977	63.787
1977	57.216
1977	56.628
1977	51.691
1977	50.821
1977	49.802
1977	48.761
1977	47.375
1977	46.016
1977	38.309
1977	38.052
1977	36.831
1977	31.286
1977	28.029
1977	27.183
1977	24.476
1977	24.246
1977	23.645
1977	21.739
1977	20.95
1977	19.426
1977	18.796
1977	18.145
1977	17.894
1977	16.447
1977	15.541
1977	10.837
1977	10.518
1977	9.568
1977	9.398
1977	9.371
1977	8.483
1977	8.314
1977	8.156
1977	7.963
1977	7.048
1977	7.048
1977	6.342
1977	5.795
1977	5.61
1977	5.586
1977	5.523
1977	5.501
1977	5.036
1977	4.687
1977	4.463
1977	3.776
1977	3.42
1977	2.622
1977	2.173
1977	2.137
1977	1.942
1977	1.942
1977	1.942
1977	1.609
1977	1.262
1977	1.128
1978	26293.859
1978	19869.137
1978	19109.545
1978	17313.546
1978	14062.691
1978	13837.387
1978	13267.378
1978	11819.101
1978	11375.278
1978	9543.094
1978	6454.144
1978	5601.151
1978	5321.96
1978	5248.651
1978	5213.771
1978	5023.122
1978	4346.913
1978	4292.465
1978	4186.003
1978	3873.399
1978	3838.446
1978	3113.481
1978	3095.921
1978	3088.885
1978	2776.91
1978	2741.107
1978	2529.274
1978	2284.858
1978	2119.577
1978	1887.973
1978	1846.269
1978	1802.974
1978	1589.409
1978	1570.394
1978	1458.627
1978	1428.834
1978	1200.885
1978	1177.562
1978	1151.31
1978	1116.734
1978	1093.424
1978	1090.729
1978	1034.102
1978	1033.095
1978	977.29
1978	845.977
1978	799.301
1978	762.183
1978	755.168
1978	727.519
1978	712.233
1978	700.192
1978	684.251
1978	658.536
1978	629.463
1978	615.276
1978	611.928
1978	605.458
1978	590.489
1978	574.085
1978	514.438
1978	510.681
1978	510.096
1978	504.706
1978	450.07
1978	431.524
1978	370.287
1978	334.212
1978	323.847
1978	318.395
1978	316.318
1978	309.676
1978	308.224
1978	303.13
1978	291.181
1978	287.916
1978	275.61
1978	270.977
1978	250.301
1978	246.456
1978	239.33
1978	223.671
1978	223.255
1978	207.095
1978	186.581
1978	183.557
1978	180.873
1978	166.16
1978	163.644
1978	159.482
1978	153.404
1978	126.27
1978	126.131
1978	122.723
1978	120.771
1978	116.401
1978	113.078
1978	104.3
1978	102.253
1978	101.753
1978	94.05
1978	91.374
1978	84.8
1978	84.683
1978	82.527
1978	80.69
1978	79.734
1978	74.975
1978	74.813
1978	73.355
1978	65.857
1978	65.062
1978	57.216
1978	56.628
1978	51.691
1978	50.821
1978	50.162
1978	49.802
1978	48.761
1978	46.016
1978	39.665
1978	38.309
1978	34.593
1978	31.286
1978	28.029
1978	27.183
1978	24.476
1978	24.246
1978	24.194
1978	23.645
1978	21.739
1978	20.95
1978	19.426
1978	18.796
1978	17.894
1978	16.447
1978	15.541
1978	11.245
1978	10.837
1978	10.518
1978	9.568
1978	9.398
1978	8.483
1978	8.416
1978	8.314
1978	8.156
1978	7.963
1978	7.821
1978	7.048
1978	6.578
1978	6.342
1978	5.795
1978	5.523
1978	5.501
1978	5.036
1978	4.687
1978	4.463
1978	3.776
1978	3.42
1978	2.622
1978	2.173
1978	2.137
1978	1.942
1978	1.942
1978	1.942
1978	1.609
1978	1.393
1978	1.262
1978	1.128
1979	26293.859
1979	19869.137
1979	18776.034
1979	17355.62
1979	14594.971
1979	13930.747
1979	13837.387
1979	11819.101
1979	11699.759
1979	9539.882
1979	6454.144
1979	5623.378
1979	5413.907
1979	5213.771
1979	5023.122
1979	4990.568
1979	4604.914
1979	4186.003
1979	4076.226
1979	3856.829
1979	3835.793
1979	3147.808
1979	3133.012
1979	3113.481
1979	2776.91
1979	2744.899
1979	2567.481
1979	2338.227
1979	1964.637
1979	1833.877
1979	1822.253
1979	1802.974
1979	1605.648
1979	1589.409
1979	1464.768
1979	1432.023
1979	1200.885
1979	1177.562
1979	1163.058
1979	1100.194
1979	1097.256
1979	1075.664
1979	1055.312
1979	1050.495
1979	1041.819
1979	845.977
1979	824.279
1979	762.183
1979	759.61
1979	727.867
1979	727.519
1979	715.8
1979	713.328
1979	706.367
1979	699.457
1979	636.67
1979	624.606
1979	615.276
1979	611.928
1979	574.085
1979	524.592
1979	524.251
1979	518.046
1979	492.261
1979	452.857
1979	437.49
1979	370.287
1979	331.003
1979	327.152
1979	320.937
1979	316.318
1979	311.692
1979	310.902
1979	308.224
1979	291.181
1979	287.916
1979	275.61
1979	274.092
1979	254.616
1979	246.456
1979	239.33
1979	223.671
1979	223.255
1979	207.095
1979	191.578
1979	183.557
1979	180.873
1979	164.953
1979	163.868
1979	159.482
1979	152.308
1979	128.041
1979	126.27
1979	126.131
1979	122.723
1979	120.771
1979	118.218
1979	112.323
1979	106.841
1979	102.253
1979	96.188
1979	91.374
1979	84.8
1979	84.683
1979	82.923
1979	82.759
1979	82.527
1979	79.734
1979	75.905
1979	74.975
1979	74.813
1979	65.857
1979	57.216
1979	56.628
1979	52.949
1979	51.691
1979	50.821
1979	49.802
1979	48.761
1979	48.43
1979	46.016
1979	39.665
1979	38.309
1979	31.286
1979	28.029
1979	27.183
1979	24.476
1979	24.246
1979	24.194
1979	23.645
1979	22.562
1979	21.739
1979	19.426
1979	18.796
1979	18.796
1979	17.894
1979	15.541
1979	13.119
1979	12.271
1979	11.172
1979	10.837
1979	10.393
1979	9.568
1979	9.398
1979	8.483
1979	8.416
1979	8.156
1979	7.963
1979	7.048
1979	6.578
1979	6.342
1979	5.795
1979	5.523
1979	5.501
1979	5.036
1979	4.687
1979	4.463
1979	3.776
1979	3.42
1979	2.622
1979	2.173
1979	2.137
1979	1.942
1979	1.942
1979	1.942
1979	1.609
1979	1.393
1979	1.262
1979	1.128
1980	26293.859
1980	19869.137
1980	18445.73
1980	17324.064
1980	15276.834
1980	14667.63
1980	14594.116
1980	12002.117
1980	11913.152
1980	9485.276
1980	6454.144
1980	5634.491
1980	5613.291
1980	5337.068
1980	5213.771
1980	4646.611
1980	4593.553
1980	4290.968
1980	4280.037
1980	3851.021
1980	3798.187
1980	3182.399
1980	3168.313
1980	3113.481
1980	2776.91
1980	2771.438
1980	2598.046
1980	2378.254
1980	1896.464
1980	1818.389
1980	1804.329
1980	1802.974
1980	1602.443
1980	1589.409
1980	1473.981
1980	1432.023
1980	1255.828
1980	1177.562
1980	1163.058
1980	1120.04
1980	1106.965
1980	1103.749
1980	1088.638
1980	1054.572
1980	1034.102
1980	845.977
1980	824.279
1980	782.24
1980	777.379
1980	755.543
1980	735.95
1980	727.519
1980	715.8
1980	706.367
1980	694.701
1980	640.353
1980	639.073
1980	621.641
1980	615.276
1980	574.085
1980	525.412
1980	524.592
1980	521.951
1980	485.126
1980	455.643
1980	443.456
1980	370.287
1980	327.794
1980	327.152
1980	320.937
1980	316.318
1980	308.224
1980	304.989
1980	303.13
1980	291.181
1980	287.916
1980	275.61
1980	274.092
1980	258.932
1980	246.456
1980	239.33
1980	223.671
1980	223.255
1980	207.095
1980	198.242
1980	183.557
1980	182.203
1980	180.873
1980	166.917
1980	159.482
1980	152.308
1980	135.801
1980	126.27
1980	123.819
1980	123.358
1980	118.712
1980	112.323
1980	112.144
1980	106.841
1980	102.6
1980	102.253
1980	93.103
1980	92.491
1980	91.374
1980	84.8
1980	84.683
1980	82.923
1980	82.527
1980	79.661
1980	75.905
1980	74.813
1980	65.857
1980	60.673
1980	57.216
1980	54.73
1980	52.949
1980	52.732
1980	51.691
1980	48.43
1980	46.016
1980	45.278
1980	43.098
1980	39.665
1980	31.066
1980	28.029
1980	26.817
1980	24.476
1980	24.246
1980	24.194
1980	23.645
1980	22.562
1980	21.739
1980	18.796
1980	18.796
1980	17.894
1980	15.541
1980	15.541
1980	14.524
1980	13.119
1980	12.271
1980	10.837
1980	10.393
1980	9.568
1980	9.398
1980	8.483
1980	8.416
1980	8.156
1980	7.963
1980	7.555
1980	7.334
1980	7.048
1980	6.578
1980	6.342
1980	5.795
1980	5.523
1980	4.687
1980	4.463
1980	3.885
1980	3.776
1980	3.42
1980	3.219
1980	2.622
1980	2.173
1980	2.137
1980	1.942
1980	1.942
1980	1.393
1980	1.262
1980	1.128
1981	26293.859
1981	19869.137
1981	18115.426
1981	17246.928
1981	15221.126
1981	14616.34
1981	14594.116
1981	12300.787
1981	12038.554
1981	9501.337
1981	6454.144
1981	5634.491
1981	5442.647
1981	5337.068
1981	5213.771
1981	4758.671
1981	4560.742
1981	4551.785
1981	4307.763
1981	3833.595
1981	3798.187
1981	3258.5
1981	3203.615
1981	3113.481
1981	2897.645
1981	2797.977
1981	2643.894
1981	2454.971
1981	1911.872
1981	1802.974
1981	1799.802
1981	1772.512
1981	1589.409
1981	1583.214
1981	1480.122
1981	1444.781
1981	1287.224
1981	1259.13
1981	1177.562
1981	1163.058
1981	1136.212
1981	1112.607
1981	1110.855
1981	1034.102
1981	1030.468
1981	845.977
1981	824.279
1981	788.926
1981	786.263
1981	783.218
1981	742.032
1981	727.519
1981	715.8
1981	706.367
1981	684.839
1981	653.488
1981	638.603
1981	633.734
1981	621.641
1981	574.085
1981	556.442
1981	532.777
1981	531.361
1981	488.693
1981	455.643
1981	449.421
1981	370.287
1981	337.829
1981	327.152
1981	325.501
1981	316.318
1981	308.224
1981	304.274
1981	294.934
1981	291.471
1981	291.181
1981	277.207
1981	275.61
1981	263.247
1981	246.456
1981	239.33
1981	223.671
1981	223.255
1981	207.095
1981	198.242
1981	186.555
1981	184.495
1981	183.557
1981	182.446
1981	159.482
1981	156.691
1981	143.561
1981	126.27
1981	125.072
1981	123.819
1981	115.002
1981	113.288
1981	112.323
1981	112.144
1981	106.841
1981	102.253
1981	102.059
1981	93.103
1981	92.491
1981	91.374
1981	87.243
1981	84.8
1981	84.683
1981	79.661
1981	75.905
1981	74.813
1981	65.857
1981	60.673
1981	57.216
1981	54.73
1981	52.732
1981	51.691
1981	51.556
1981	48.43
1981	46.936
1981	43.098
1981	41.795
1981	39.665
1981	34.949
1981	28.029
1981	26.817
1981	24.476
1981	24.246
1981	24.194
1981	24.173
1981	23.645
1981	23.496
1981	21.739
1981	18.796
1981	17.894
1981	16.759
1981	15.541
1981	15.541
1981	14.994
1981	12.271
1981	11.945
1981	11.221
1981	10.837
1981	10.393
1981	9.568
1981	9.398
1981	8.483
1981	8.156
1981	7.555
1981	7.334
1981	7.048
1981	6.578
1981	6.412
1981	6.342
1981	5.795
1981	4.687
1981	4.463
1981	4.142
1981	3.885
1981	3.776
1981	3.42
1981	3.219
1981	2.622
1981	2.173
1981	1.942
1981	1.942
1981	1.393
1981	1.262
1981	1.128
1982	26293.859
1982	19674.342
1982	18933.169
1982	17257.447
1982	15221.126
1982	14594.116
1982	13862.6
1982	12632.643
1982	12493.134
1982	9498.125
1982	7023.932
1982	5634.491
1982	5494.04
1982	5213.771
1982	5194.764
1982	4951.52
1982	4755.597
1982	4501.682
1982	4295.167
1982	3798.745
1982	3760.582
1982	3417.62
1982	3238.916
1982	3113.481
1982	3018.381
1982	2801.768
1982	2575.122
1982	2498.334
1982	2031.364
1982	1802.974
1982	1778.118
1982	1735.326
1982	1589.409
1982	1567.189
1982	1486.264
1982	1467.106
1982	1350.637
1982	1302.921
1982	1194.384
1982	1190.317
1982	1163.058
1982	1144.181
1982	1119.377
1982	1041.819
1982	1000.337
1982	849.258
1982	845.977
1982	810.894
1982	802.298
1982	795.147
1982	766.361
1982	730.116
1982	727.519
1982	706.367
1982	688.126
1982	658.293
1982	652.192
1982	635.104
1982	621.641
1982	589.782
1982	574.085
1982	540.143
1982	531.361
1982	467.291
1982	455.643
1982	455.387
1982	370.287
1982	337.829
1982	327.152
1982	323.209
1982	316.318
1982	310.818
1982	308.224
1982	301.637
1982	291.181
1982	283.698
1982	280.322
1982	275.61
1982	267.563
1982	246.456
1982	239.33
1982	223.671
1982	223.255
1982	219.148
1982	196.576
1982	187.932
1982	186.555
1982	183.557
1982	177.727
1982	159.482
1982	157.787
1982	133.638
1982	128.369
1982	126.27
1982	126.01
1982	124.161
1982	113.288
1982	112.144
1982	111.929
1982	111.292
1982	108.438
1982	108.268
1982	102.345
1982	102.059
1982	93.103
1982	91.374
1982	87.243
1982	84.683
1982	79.661
1982	75.905
1982	74.813
1982	65.857
1982	64.718
1982	58.763
1982	54.73
1982	52.949
1982	52.732
1982	51.691
1982	48.43
1982	47.857
1982	43.098
1982	41.795
1982	39.665
1982	38.832
1982	28.029
1982	26.817
1982	24.246
1982	24.194
1982	24.173
1982	23.913
1982	23.496
1982	20.111
1982	19.704
1982	19.581
1982	18.796
1982	18.789
1982	17.483
1982	16.868
1982	15.541
1982	12.757
1982	12.271
1982	11.945
1982	11.221
1982	10.837
1982	10.393
1982	9.398
1982	8.55
1982	8.483
1982	8.156
1982	7.927
1982	7.555
1982	7.334
1982	7.048
1982	6.578
1982	5.795
1982	4.687
1982	4.463
1982	3.776
1982	3.42
1982	3.219
1982	2.761
1982	2.622
1982	2.173
1982	1.942
1982	1.942
1982	1.942
1982	1.393
1982	1.262
1982	1.128
1983	26293.859
1983	19869.137
1983	19754.12
1983	17236.41
1983	16051.369
1983	14594.116
1983	13370.1
1983	12947.715
1983	12862.146
1983	10085.936
1983	7023.932
1983	5651.013
1983	5634.491
1983	5248.651
1983	5213.771
1983	5027.345
1983	4964.55
1983	4455.747
1983	4311.961
1983	3781.319
1983	3760.582
1983	3580.199
1983	3274.218
1983	3113.481
1983	3078.748
1983	2801.768
1983	2568.381
1983	2483.426
1983	2183.119
1983	1802.974
1983	1759.531
1983	1685.745
1983	1589.409
1983	1547.96
1983	1489.335
1983	1479.864
1983	1350.637
1983	1334.317
1983	1244.423
1983	1194.384
1983	1166.398
1983	1163.058
1983	1125.651
1983	1041.819
1983	991.298
1983	849.258
1983	845.977
1983	838.57
1983	808.983
1983	799.589
1983	787.38
1983	781.567
1983	727.519
1983	708.587
1983	706.367
1983	700.18
1983	660.696
1983	658.345
1983	621.641
1983	603.578
1983	574.085
1983	545.053
1983	534.745
1983	481.559
1983	461.353
1983	459.824
1983	370.287
1983	337.829
1983	320
1983	316.318
1983	308.224
1983	301.637
1983	301.003
1983	291.181
1983	283.436
1983	275.926
1983	275.61
1983	271.878
1983	254.451
1983	252.02
1983	246.456
1983	239.33
1983	223.671
1983	223.255
1983	203.24
1983	194.808
1983	186.555
1983	183.557
1983	173.009
1983	159.482
1983	157.787
1983	139.681
1983	128.369
1983	128.201
1983	126.27
1983	119.932
1983	116.966
1983	114.817
1983	113.288
1983	112.144
1983	111.929
1983	111.627
1983	111.292
1983	108.268
1983	103.448
1983	91.374
1983	84.683
1983	79.661
1983	75.905
1983	74.813
1983	70.738
1983	69.15
1983	64.718
1983	59.916
1983	58.808
1983	58.763
1983	52.732
1983	51.691
1983	50.821
1983	48.777
1983	46.599
1983	43.098
1983	41.795
1983	39.665
1983	28.029
1983	26.817
1983	25.785
1983	24.246
1983	24.194
1983	23.913
1983	23.496
1983	22.345
1983	19.704
1983	19.683
1983	19.581
1983	18.796
1983	17.483
1983	16.868
1983	15.541
1983	12.757
1983	12.471
1983	12.271
1983	12.234
1983	11.945
1983	11.221
1983	10.837
1983	9.398
1983	8.55
1983	8.483
1983	7.927
1983	7.555
1983	7.334
1983	7.048
1983	6.578
1983	5.795
1983	4.687
1983	4.463
1983	3.776
1983	3.42
1983	3.219
1983	2.761
1983	2.622
1983	2.173
1983	2.031
1983	1.942
1983	1.942
1983	1.942
1983	1.393
1983	1.262
1983	1.128
1984	26007.913
1984	20571.863
1984	18256.231
1984	17043.569
1984	16051.369
1984	14594.116
1984	14476.286
1984	13386.621
1984	12285.185
1984	10069.875
1984	7023.932
1984	5651.013
1984	5634.491
1984	5231.156
1984	5228.893
1984	5220.817
1984	5029.702
1984	4383.562
1984	4332.954
1984	3760.582
1984	3735.86
1984	3711.617
1984	3309.52
1984	3139.116
1984	3113.481
1984	2805.559
1984	2605.072
1984	2506.35
1984	2234.5
1984	1802.974
1984	1734.749
1984	1623.769
1984	1525.526
1984	1499
1984	1495.914
1984	1489.335
1984	1427.502
1984	1334.317
1984	1298.528
1984	1199.724
1984	1194.384
1984	1174.806
1984	1131.79
1984	1041.819
1984	988.285
1984	930.54
1984	874.236
1984	866.245
1984	845.977
1984	829.041
1984	812.916
1984	807.277
1984	781.567
1984	778.571
1984	727.519
1984	664.498
1984	660.696
1984	651.967
1984	632.32
1984	621.641
1984	574.085
1984	552.419
1984	538.129
1984	485.126
1984	467.319
1984	466.791
1984	370.287
1984	337.829
1984	316.332
1984	316.318
1984	308.224
1984	301.637
1984	297.731
1984	291.181
1984	286.551
1984	276.955
1984	273.935
1984	271.878
1984	264.267
1984	254.451
1984	246.456
1984	239.33
1984	229.885
1984	223.255
1984	209.705
1984	206.572
1984	188.518
1984	183.557
1984	168.29
1984	160.313
1984	159.482
1984	157.787
1984	151.321
1984	146.207
1984	144.416
1984	129.297
1984	127.574
1984	126.27
1984	125.072
1984	124.385
1984	117.016
1984	112.144
1984	108.268
1984	107.583
1984	103.448
1984	91.374
1984	89.388
1984	79.661
1984	75.905
1984	74.813
1984	70.738
1984	69.15
1984	66.336
1984	65.49
1984	61.856
1984	55.662
1984	54.366
1984	51.89
1984	51.691
1984	50.821
1984	49.697
1984	45.331
1984	45.278
1984	43.098
1984	36.291
1984	33.635
1984	26.817
1984	25.785
1984	25.697
1984	24.246
1984	23.913
1984	23.496
1984	20.578
1984	19.581
1984	18.796
1984	17.483
1984	15.763
1984	14.994
1984	14.027
1984	13.598
1984	12.757
1984	12.471
1984	12.271
1984	12.234
1984	11.945
1984	10.837
1984	9.398
1984	8.55
1984	8.483
1984	7.927
1984	7.555
1984	7.334
1984	7.048
1984	6.578
1984	5.795
1984	5.579
1984	4.687
1984	3.776
1984	3.42
1984	3.219
1984	2.761
1984	2.622
1984	2.173
1984	2.031
1984	1.942
1984	1.942
1984	1.942
1984	1.393
1984	1.262
1984	1.128
1985	27375.194
1985	21392.814
1985	18550.738
1985	18135.458
1985	17012.014
1985	16051.369
1985	14594.116
1985	13841.202
1985	11541.158
1985	9841.817
1985	7023.932
1985	5964.958
1985	5634.491
1985	5613.46
1985	5468.936
1985	5272.003
1985	5231.385
1985	4362.344
1985	4327.784
1985	3908.816
1985	3760.582
1985	3700
1985	3380.586
1985	3344.821
1985	3113.481
1985	2782.812
1985	2578.387
1985	2552.198
1985	2232.11
1985	1802.974
1985	1700.674
1985	1592.781
1985	1511.757
1985	1503.092
1985	1495.914
1985	1493.387
1985	1489.335
1985	1352.634
1985	1334.317
1985	1221.941
1985	1221.798
1985	1194.384
1985	1137.432
1985	1041.819
1985	976.232
1985	899.214
1985	893.921
1985	887.592
1985	848.555
1985	845.977
1985	829.041
1985	821.8
1985	807.277
1985	781.567
1985	727.519
1985	672.559
1985	670.651
1985	660.696
1985	658.541
1985	621.641
1985	574.085
1985	559.785
1985	541.514
1985	481.559
1985	473.758
1985	473.284
1985	379
1985	337.829
1985	318.395
1985	316.332
1985	316.318
1985	308.224
1985	304.274
1985	292.78
1985	291.181
1985	287.042
1985	284.893
1985	280.509
1985	279.644
1985	275.926
1985	254.451
1985	246.456
1985	239.33
1985	229.885
1985	228.228
1985	220.018
1985	216.624
1985	191.137
1985	183.557
1985	166.841
1985	166.726
1985	163.572
1985	161.126
1985	160.828
1985	157.787
1985	137.142
1985	133.953
1985	129.297
1985	128.498
1985	126.27
1985	120.298
1985	118.966
1985	117.016
1985	107.583
1985	94.891
1985	94.093
1985	91.374
1985	84.347
1985	75.905
1985	74.813
1985	70.738
1985	69.67
1985	69.15
1985	67.145
1985	62.132
1985	61.856
1985	55.662
1985	51.691
1985	50.821
1985	50.618
1985	47.887
1985	45.331
1985	45.278
1985	44.971
1985	36.291
1985	33.635
1985	27.932
1985	27.396
1985	24.246
1985	23.913
1985	23.496
1985	23.262
1985	22.347
1985	19.581
1985	18.796
1985	17.53
1985	17.483
1985	16.868
1985	15.927
1985	15.763
1985	14.027
1985	13.598
1985	12.757
1985	12.471
1985	12.234
1985	10.837
1985	10.073
1985	9.398
1985	9.168
1985	8.55
1985	8.483
1985	7.927
1985	7.048
1985	6.578
1985	5.795
1985	5.579
1985	4.687
1985	3.776
1985	3.42
1985	3.219
1985	2.761
1985	2.622
1985	2.173
1985	2.031
1985	1.942
1985	1.942
1985	1.942
1985	1.393
1985	1.262
1985	1.128
1986	29225.625
1986	22625.189
1986	22210.557
1986	17632.885
1986	17022.532
1986	16604.865
1986	14594.116
1986	14280.107
1986	11762.618
1986	9674.789
1986	7023.932
1986	6278.903
1986	5801.097
1986	5638.779
1986	5634.491
1986	5254.04
1986	5248.999
1986	4391.735
1986	4278.567
1986	4064.477
1986	3760.582
1986	3676.767
1986	3501.322
1986	3380.123
1986	3136.431
1986	2767.646
1986	2559.839
1986	2551.703
1986	2169.975
1986	1802.974
1986	1666.598
1986	1577.573
1986	1524.608
1986	1521.325
1986	1495.914
1986	1489.335
1986	1474.248
1986	1406.739
1986	1338.242
1986	1255.267
1986	1245.295
1986	1217.935
1986	1144.202
1986	1041.819
1986	949.17
1986	946.102
1986	924.364
1986	918.539
1986	916.224
1986	845.977
1986	830.685
1986	829.041
1986	807.277
1986	781.567
1986	727.519
1986	705.899
1986	676.804
1986	672.708
1986	621.641
1986	620.19
1986	574.085
1986	569.605
1986	548.283
1986	488.693
1986	479.25
1986	473.758
1986	387.712
1986	337.829
1986	335.152
1986	316.318
1986	314.04
1986	308.224
1986	295.85
1986	294.459
1986	292.78
1986	291.298
1986	291.181
1986	287.042
1986	285.337
1986	278.299
1986	264.267
1986	261.859
1986	244.537
1986	239.33
1986	238.224
1986	229.885
1986	216.624
1986	193.755
1986	183.557
1986	181.689
1986	166.841
1986	166.676
1986	161.126
1986	158.853
1986	157.787
1986	143.521
1986	143.521
1986	137.065
1986	128.201
1986	126.27
1986	122.104
1986	120.298
1986	118.966
1986	107.583
1986	94.891
1986	94.093
1986	85.414
1986	84.347
1986	80.817
1986	75.905
1986	74.813
1986	70.738
1986	69.15
1986	67.954
1986	62.132
1986	61.856
1986	55.662
1986	51.691
1986	51.538
1986	50.821
1986	49.581
1986	47.887
1986	45.278
1986	42.34
1986	37.372
1986	34.593
1986	27.932
1986	27.396
1986	24.246
1986	24.157
1986	23.913
1986	23.496
1986	22.347
1986	19.581
1986	19.283
1986	18.796
1986	17.483
1986	16.868
1986	15.927
1986	15.541
1986	14.55
1986	14.027
1986	12.757
1986	12.234
1986	11.822
1986	11.748
1986	10.837
1986	10.073
1986	9.168
1986	8.55
1986	8.483
1986	7.927
1986	7.048
1986	6.578
1986	5.795
1986	5.579
1986	4.687
1986	4.275
1986	3.776
1986	3.219
1986	2.786
1986	2.761
1986	2.622
1986	2.173
1986	2.031
1986	1.942
1986	1.942
1986	1.942
1986	1.262
1986	1.128
1987	31138.503
1987	26349.348
1987	21758.393
1987	17988.603
1987	17695.22
1987	16850.729
1987	14734.688
1987	14594.116
1987	11444.027
1987	9652.305
1987	7023.932
1987	6671.522
1987	6278.903
1987	5842.59
1987	5634.491
1987	5322.298
1987	5263.09
1987	4416.926
1987	4239.194
1987	4220.138
1987	3760.582
1987	3622.057
1987	3519.938
1987	3419.837
1987	3174.68
1987	2756.273
1987	2575.122
1987	2545.032
1987	2246.449
1987	1802.974
1987	1629.425
1987	1550.03
1987	1540.97
1987	1500.55
1987	1493.62
1987	1489.335
1987	1426.174
1987	1402.419
1987	1385.097
1987	1338.242
1987	1277.484
1987	1268.791
1987	1149.844
1987	1034.102
1987	988.523
1987	974.148
1987	952.039
1987	921.997
1987	858.96
1987	845.977
1987	839.569
1987	829.041
1987	807.277
1987	781.567
1987	747.287
1987	727.519
1987	689.109
1987	672.708
1987	621.641
1987	608.137
1987	581.881
1987	574.085
1987	558.436
1987	485.126
1987	479.25
1987	473.758
1987	396.425
1987	388.777
1987	337.829
1987	318.936
1987	316.318
1987	311.748
1987	308.224
1987	302.087
1987	296.796
1987	295.85
1987	292.78
1987	291.187
1987	291.181
1987	286.366
1987	269.561
1987	264.267
1987	261.546
1987	244.537
1987	239.33
1987	229.885
1987	216.624
1987	196.373
1987	192.376
1987	183.557
1987	172.525
1987	170.721
1987	169.347
1987	156.278
1987	154.135
1987	149.9
1987	147.925
1987	137.065
1987	127.192
1987	127.106
1987	126.27
1987	124.138
1987	120.298
1987	107.583
1987	98.797
1987	93.166
1987	87.401
1987	86.391
1987	84.347
1987	75.905
1987	74.813
1987	70.738
1987	69.15
1987	68.763
1987	64.948
1987	58.591
1987	54.366
1987	52.675
1987	52.458
1987	52.414
1987	50.821
1987	49.341
1987	45.278
1987	42.34
1987	37.372
1987	34.593
1987	29.008
1987	27.932
1987	26.295
1987	26.266
1987	25.052
1987	23.913
1987	23.496
1987	22.347
1987	19.581
1987	19.426
1987	18.235
1987	16.868
1987	16.447
1987	15.927
1987	15.541
1987	14.55
1987	12.757
1987	12.234
1987	11.822
1987	11.748
1987	10.837
1987	10.073
1987	9.168
1987	8.55
1987	8.483
1987	7.927
1987	7.048
1987	6.578
1987	5.795
1987	5.579
1987	4.687
1987	4.275
1987	3.776
1987	3.219
1987	2.786
1987	2.761
1987	2.622
1987	2.173
1987	2.031
1987	1.942
1987	1.942
1987	1.942
1987	1.262
1987	1.128
1988	33728.448
1988	27510.844
1988	21306.229
1988	17988.603
1988	17687.428
1988	16798.136
1988	15518.448
1988	14594.116
1988	12213.308
1988	9710.122
1988	7401.22
1988	7023.932
1988	6278.903
1988	6250.213
1988	5634.491
1988	5499.119
1988	5347.445
1988	4454.714
1988	4244.352
1988	4062.014
1988	3984.262
1988	3760.582
1988	3485.087
1988	3459.551
1988	3212.929
1988	2741.107
1988	2545.032
1988	2414.654
1988	2258.399
1988	1802.974
1988	1582.958
1988	1562.932
1988	1500.55
1988	1489.335
1988	1468.83
1988	1463.917
1988	1416.56
1988	1402.419
1988	1374.276
1988	1338.242
1988	1292.287
1988	1277.484
1988	1156.615
1988	1129.365
1988	1026.385
1988	999.127
1988	979.715
1988	959.172
1988	903.919
1988	845.977
1988	844.011
1988	829.041
1988	807.277
1988	793.274
1988	781.567
1988	754.735
1988	727.519
1988	701.415
1988	682.318
1988	621.641
1988	601.523
1988	592.797
1988	574.085
1988	502.962
1988	483.227
1988	473.758
1988	405.137
1988	395.48
1988	337.829
1988	318.936
1988	317.765
1988	316.318
1988	312.876
1988	310.547
1988	309.456
1988	308.224
1988	292.78
1988	291.187
1988	291.181
1988	283.203
1988	277.263
1988	268.888
1988	264.267
1988	244.537
1988	239.33
1988	229.885
1988	216.624
1988	198.992
1988	192.376
1988	183.557
1988	178.481
1988	178.373
1988	175.414
1988	169.347
1988	169.036
1988	149.417
1988	142.446
1988	137.065
1988	132.279
1988	129.31
1988	126.01
1988	120.298
1988	107.583
1988	99.074
1988	98.797
1988	91.964
1988	91.441
1988	87.401
1988	84.347
1988	75.905
1988	74.813
1988	70.738
1988	69.572
1988	69.15
1988	64.948
1988	58.591
1988	56.664
1988	53.379
1988	52.675
1988	50.821
1988	49.341
1988	46.599
1988	45.278
1988	42.34
1988	37.372
1988	34.593
1988	30.166
1988	29.801
1988	29.008
1988	28.63
1988	26.266
1988	23.913
1988	23.496
1988	22.347
1988	19.581
1988	19.426
1988	18.742
1988	18.235
1988	16.447
1988	15.927
1988	15.541
1988	14.55
1988	12.757
1988	12.591
1988	12.234
1988	11.822
1988	11.748
1988	10.837
1988	10.085
1988	8.55
1988	7.271
1988	7.048
1988	6.578
1988	6.342
1988	5.795
1988	5.579
1988	4.687
1988	4.275
1988	3.885
1988	3.776
1988	3.219
1988	2.786
1988	2.761
1988	2.622
1988	2.173
1988	2.031
1988	1.942
1988	1.942
1988	1.393
1988	1.262
1988	1.128
1989	33794.183
1989	28266.737
1989	20850.858
1989	17988.603
1989	17648.469
1989	16871.766
1989	15988.704
1989	14594.116
1989	12883.515
1989	9552.73
1989	7781.705
1989	7079.184
1989	6657.836
1989	6278.903
1989	5735.148
1989	5634.491
1989	5419.295
1989	4479.905
1989	4393.094
1989	4104.998
1989	3927.488
1989	3760.582
1989	3481.615
1989	3456.044
1989	3251.178
1989	2756.273
1989	2636.252
1989	2551.703
1989	2350.408
1989	1802.974
1989	1647.118
1989	1581.923
1989	1508.612
1989	1500.55
1989	1489.335
1989	1456.434
1989	1416.56
1989	1402.419
1989	1373.562
1989	1352.634
1989	1292.287
1989	1277.484
1989	1150.973
1989	1137.238
1989	1024.105
1989	1018.667
1989	1012.141
1989	1007.391
1989	897.893
1989	857.338
1989	845.977
1989	835.727
1989	810.52
1989	807.277
1989	781.567
1989	727.519
1989	719.873
1989	696.734
1989	621.641
1989	611.344
1989	599.05
1989	596.084
1989	574.085
1989	531.499
1989	497.147
1989	473.758
1989	413.85
1989	402.183
1989	323.665
1989	318.936
1989	317.765
1989	316.318
1989	315.131
1989	308.224
1989	307.163
1989	305.239
1989	299.862
1989	291.187
1989	277.315
1989	277.263
1989	268.888
1989	264.267
1989	250.089
1989	244.537
1989	239.33
1989	229.885
1989	216.624
1989	199.646
1989	197.067
1989	184.221
1989	183.557
1989	181.793
1989	175.414
1989	174.601
1989	169.347
1989	154.198
1989	144.698
1989	142.446
1989	132.279
1989	129.31
1989	126.01
1989	120.298
1989	107.583
1989	103.502
1989	97.131
1989	91.964
1989	89.715
1989	89.387
1989	84.347
1989	83.363
1989	75.905
1989	70.738
1989	69.572
1989	69.15
1989	64.948
1989	64.45
1989	59.497
1989	54.299
1989	52.675
1989	52.244
1989	49.341
1989	46.912
1989	46.599
1989	42.34
1989	41.109
1989	35.06
1989	34.593
1989	30.62
1989	30.166
1989	29.525
1989	26.266
1989	23.913
1989	23.496
1989	22.347
1989	19.581
1989	19.426
1989	18.742
1989	16.832
1989	16.447
1989	15.927
1989	15.541
1989	15.11
1989	14.55
1989	12.757
1989	12.234
1989	11.822
1989	11.748
1989	10.837
1989	10.687
1989	10.085
1989	7.271
1989	7.048
1989	6.578
1989	6.342
1989	5.795
1989	5.579
1989	4.687
1989	4.275
1989	3.885
1989	3.776
1989	3.219
1989	2.761
1989	2.622
1989	2.173
1989	2.031
1989	1.942
1989	1.942
1989	1.393
1989	1.393
1989	1.262
1989	1.128
1990	38520.504
1990	28285.174
1990	20398.694
1990	18403.725
1990	17609.51
1990	16959.421
1990	16452.69
1990	14594.116
1990	13068.065
1990	9507.761
1990	8102.251
1990	7251.847
1990	7099.427
1990	6278.903
1990	5971.177
1990	5634.491
1990	5442.647
1990	4569.51
1990	4484.104
1990	4225.733
1990	3907.801
1990	3760.582
1990	3446.313
1990	3432.81
1990	3289.428
1990	2722.151
1990	2636.252
1990	2595.065
1990	2320.535
1990	1802.974
1990	1669.079
1990	1601.06
1990	1514.008
1990	1489.335
1990	1471.439
1990	1452.051
1990	1450.237
1990	1419.765
1990	1402.419
1990	1330.991
1990	1321.918
1990	1292.287
1990	1150.973
1990	1145.986
1990	1053.658
1990	1049.083
1990	1010.95
1990	990.785
1990	908.187
1990	903.919
1990	866.222
1990	851.908
1990	845.977
1990	835.727
1990	792.835
1990	790.69
1990	744.484
1990	727.519
1990	621.641
1990	612.588
1990	607.041
1990	606.433
1990	574.085
1990	556.469
1990	497.147
1990	487.692
1990	422.563
1990	417.119
1990	408.886
1990	350.829
1990	334.454
1990	317.765
1990	316.318
1990	311.468
1990	308.224
1990	303.496
1990	287.916
1990	277.315
1990	277.263
1990	261.06
1990	258.215
1990	256.494
1990	250.089
1990	239.33
1990	229.885
1990	216.624
1990	201.666
1990	199.646
1990	197.067
1990	194.551
1990	192.994
1990	184.983
1990	183.557
1990	182.361
1990	169.347
1990	155.911
1990	142.446
1990	139.98
1990	132.414
1990	132.279
1990	126.313
1990	126.01
1990	111.292
1990	103.502
1990	97.538
1990	97.131
1990	89.387
1990	87.99
1990	84.347
1990	83.363
1990	82.527
1990	75.905
1990	75.736
1990	70.31
1990	69.572
1990	64.948
1990	63.747
1990	55.219
1990	52.675
1990	52.244
1990	49.341
1990	46.912
1990	43.825
1990	42.716
1990	42.34
1990	41.109
1990	37.485
1990	34.593
1990	30.62
1990	30.166
1990	29.525
1990	26.266
1990	23.913
1990	23.496
1990	22.347
1990	19.581
1990	19.426
1990	16.832
1990	15.927
1990	15.541
1990	15.11
1990	14.097
1990	12.757
1990	12.471
1990	12.234
1990	11.748
1990	10.837
1990	10.687
1990	10.085
1990	7.881
1990	7.271
1990	7.048
1990	6.695
1990	6.578
1990	6.342
1990	5.795
1990	4.687
1990	4.275
1990	3.885
1990	3.776
1990	3.219
1990	2.761
1990	2.622
1990	2.173
1990	2.031
1990	1.942
1990	1.942
1990	1.393
1990	1.393
1990	1.262
1990	1.128
1991	38507.357
1991	28296.236
1991	19946.53
1991	19372.342
1991	17609.51
1991	16938.384
1991	16919.811
1991	14594.116
1991	13577.034
1991	9475.64
1991	8381.1
1991	7251.847
1991	7180.951
1991	6435.876
1991	6210.728
1991	5634.491
1991	5430.073
1991	4673.284
1991	4521.891
1991	4225.733
1991	3897.958
1991	3760.582
1991	3467.661
1991	3411.012
1991	3327.677
1991	2712.666
1991	2710.777
1991	2561.709
1991	2350.408
1991	1802.974
1991	1683.72
1991	1604.249
1991	1581.297
1991	1535.718
1991	1491.296
1991	1489.335
1991	1437.363
1991	1431.644
1991	1421.118
1991	1333.026
1991	1298.528
1991	1292.287
1991	1151.235
1991	1150.973
1991	1074.061
1991	1056.521
1991	968.645
1991	908.187
1991	897.893
1991	888.433
1991	887.548
1991	845.977
1991	835.727
1991	804.847
1991	799.813
1991	794.812
1991	738.331
1991	727.519
1991	623.62
1991	621.641
1991	598.275
1991	588.896
1991	585.005
1991	574.085
1991	507.09
1991	487.692
1991	431.275
1991	430.87
1991	418.941
1991	350.829
1991	342.615
1991	334.454
1991	317.765
1991	316.318
1991	309.858
1991	308.224
1991	301.662
1991	281.372
1991	277.315
1991	277.263
1991	261.06
1991	256.494
1991	250.089
1991	239.33
1991	229.885
1991	216.624
1991	201.766
1991	201.666
1991	200.955
1991	200.929
1991	197.067
1991	191.361
1991	186.241
1991	183.557
1991	169.347
1991	159.338
1991	134.823
1991	134.483
1991	133.688
1991	132.328
1991	131.489
1991	127.106
1991	111.292
1991	108.207
1991	97.538
1991	97.131
1991	89.387
1991	89.033
1991	84.539
1991	83.363
1991	82.527
1991	79.029
1991	75.905
1991	71.19
1991	70.31
1991	64.948
1991	63.747
1991	55.727
1991	55.219
1991	52.675
1991	49.341
1991	48.388
1991	47.331
1991	46.912
1991	46.856
1991	44.846
1991	42.716
1991	34.593
1991	32.231
1991	32.209
1991	31.284
1991	26.266
1991	26.087
1991	23.496
1991	20.113
1991	19.909
1991	19.581
1991	17.483
1991	16.832
1991	15.11
1991	14.097
1991	13.598
1991	12.757
1991	12.471
1991	12.234
1991	11.919
1991	11.748
1991	10.687
1991	8.128
1991	7.881
1991	7.271
1991	7.048
1991	6.695
1991	6.578
1991	6.342
1991	5.795
1991	4.687
1991	4.275
1991	3.885
1991	3.776
1991	3.219
1991	2.786
1991	2.761
1991	2.622
1991	2.173
1991	2.031
1991	1.942
1991	1.942
1991	1.393
1991	1.262
1991	1.128
1992	37636.373
1992	29409.796
1992	20392.28
1992	20202.585
1992	17383.797
1992	16640.358
1992	14594.116
1992	13981.1
1992	9247.582
1992	8693.827
1992	8091.308
1992	7251.847
1992	6926.454
1992	6592.848
1992	6446.757
1992	5634.491
1992	5410.314
1992	4797.812
1992	4601.036
1992	4526.09
1992	4346.468
1992	3901.239
1992	3760.582
1992	3502.512
1992	3375.71
1992	3365.926
1992	2766.155
1992	2538.36
1992	2357.577
1992	1932.802
1992	1802.974
1992	1683.72
1992	1682.231
1992	1610.628
1992	1605.173
1992	1491.296
1992	1489.335
1992	1450.481
1992	1425.446
1992	1421.118
1992	1397.092
1992	1333.026
1992	1298.528
1992	1294.979
1992	1292.287
1992	1152.985
1992	1150.973
1992	1119.511
1992	1099.039
1992	1046.305
1992	1009.096
1992	940.969
1992	910.644
1992	905.942
1992	852.697
1992	845.977
1992	835.727
1992	816.86
1992	799.813
1992	797.889
1992	772.377
1992	727.519
1992	726.026
1992	680.901
1992	653.082
1992	621.641
1992	613.542
1992	613.399
1992	602.434
1992	582.935
1992	574.085
1992	517.033
1992	487.692
1992	478.053
1992	461.151
1992	451.959
1992	436.6
1992	435.632
1992	422.292
1992	373.762
1992	366.776
1992	345.242
1992	328.723
1992	316.318
1992	308.224
1992	301.528
1992	300.286
1992	284.964
1992	278.1
1992	277.315
1992	269.894
1992	259.184
1992	250.089
1992	248.722
1992	244.025
1992	239.33
1992	231.319
1992	229.885
1992	219.311
1992	216.624
1992	207.308
1992	201.666
1992	200.955
1992	197.067
1992	195.006
1992	191.361
1992	186.957
1992	186.034
1992	174.601
1992	169.347
1992	164.478
1992	139.911
1992	138.343
1992	134.483
1992	133.688
1992	131.489
1992	129.841
1992	129.082
1992	127.106
1992	108.207
1992	106.319
1992	97.538
1992	91.303
1992	89.387
1992	89.033
1992	83.363
1992	82.814
1992	82.527
1992	79.029
1992	75.905
1992	72.808
1992	70.31
1992	69.588
1992	67.997
1992	59.21
1992	59.154
1992	58.102
1992	55.219
1992	54.344
1992	52.675
1992	49.341
1992	48.388
1992	46.912
1992	44.846
1992	42.716
1992	32.231
1992	32.209
1992	31.284
1992	31.134
1992	26.266
1992	26.087
1992	23.496
1992	20.113
1992	19.909
1992	19.581
1992	17.483
1992	16.832
1992	15.11
1992	14.097
1992	13.598
1992	12.757
1992	12.471
1992	12.234
1992	11.919
1992	11.748
1992	10.687
1992	8.926
1992	8.128
1992	7.881
1992	7.271
1992	6.578
1992	6.342
1992	5.795
1992	4.699
1992	4.687
1992	4.275
1992	4.142
1992	3.934
1992	3.885
1992	3.776
1992	3.219
1992	2.786
1992	2.173
1992	2.031
1992	1.942
1992	1.942
1992	1.393
1992	1.262
1992	1.128
1993	39726.735
1993	32739.416
1993	21309.576
1993	20838.031
1993	17854.053
1993	16391.419
1993	15028.177
1993	14594.116
1993	9090.19
1993	8756.373
1993	8444.581
1993	7597.173
1993	7158.694
1993	6682.786
1993	6592.848
1993	5634.491
1993	5485.757
1993	4860.077
1993	4554.774
1993	4538.686
1993	4346.468
1993	3884.834
1993	3760.582
1993	3485.087
1993	3404.175
1993	3340.408
1993	2773.796
1993	2545.032
1993	2348.018
1993	1976.542
1993	1858.144
1993	1802.974
1993	1715.674
1993	1707.361
1993	1682.231
1993	1620.196
1993	1514.843
1993	1495.914
1993	1454.555
1993	1394.458
1993	1359.919
1993	1333.026
1993	1298.528
1993	1292.287
1993	1291.102
1993	1162.46
1993	1154.734
1993	1150.973
1993	1124.017
1993	1046.979
1993	1009.096
1993	932.854
1993	918.829
1993	845.977
1993	835.727
1993	816.86
1993	805.896
1993	793.69
1993	753.148
1993	753.036
1993	744.226
1993	727.519
1993	726.026
1993	676.237
1993	670.268
1993	642.079
1993	637.872
1993	629.51
1993	621.641
1993	581.839
1993	536.919
1993	499.036
1993	494.976
1993	487.692
1993	483.721
1993	475.908
1993	457.226
1993	444.344
1993	422.292
1993	421.829
1993	373.762
1993	366.776
1993	345.242
1993	345.159
1993	316.318
1993	308.224
1993	306.327
1993	296.53
1993	284.964
1993	278.1
1993	277.315
1993	269.894
1993	265.075
1993	261.06
1993	250.089
1993	244.025
1993	239.33
1993	237.063
1993	219.311
1993	217.458
1993	216.624
1993	210.497
1993	201.666
1993	197.067
1993	195.006
1993	193.604
1993	191.361
1993	186.957
1993	183.282
1993	179.39
1993	170.721
1993	169.347
1993	144.358
1993	139.911
1993	137.261
1993	134.483
1993	133.688
1993	127.106
1993	125.497
1993	120.531
1993	115.984
1993	108.207
1993	97.538
1993	93.719
1993	91.303
1993	89.387
1993	83.363
1993	82.527
1993	79.364
1993	79.029
1993	75.905
1993	72.808
1993	70.31
1993	69.588
1993	65.599
1993	62.693
1993	60.914
1993	59.603
1993	55.219
1993	54.224
1993	52.675
1993	50.482
1993	49.341
1993	48.388
1993	46.912
1993	44.846
1993	33.843
1993	33.518
1993	32.209
1993	31.134
1993	26.266
1993	26.087
1993	23.496
1993	20.113
1993	19.909
1993	19.581
1993	17.483
1993	16.832
1993	15.11
1993	14.097
1993	13.598
1993	12.836
1993	12.825
1993	12.757
1993	12.234
1993	11.748
1993	10.393
1993	10.042
1993	8.128
1993	7.881
1993	7.271
1993	6.578
1993	6.342
1993	5.795
1993	4.699
1993	4.687
1993	4.275
1993	4.275
1993	4.142
1993	3.934
1993	3.885
1993	3.776
1993	3.219
1993	2.786
1993	2.173
1993	2.031
1993	1.942
1993	1.942
1993	1.393
1993	1.262
1993	1.128
1994	42875.424
1994	34951.788
1994	21586.324
1994	21280.574
1994	18126.802
1994	16444.012
1994	14594.116
1994	14482.299
1994	9157.921
1994	9038.797
1994	9016.979
1994	8075.431
1994	7597.173
1994	6906.793
1994	6869.496
1994	5634.491
1994	5507.312
1994	4894.668
1994	4551.281
1994	4483.277
1994	4467.203
1994	3845.46
1994	3760.582
1994	3442.424
1994	3409.576
1994	3318.345
1994	2689.742
1994	2611.743
1994	2369.526
1994	2013.144
1994	1802.974
1994	1787.634
1994	1728.634
1994	1715.674
1994	1707.361
1994	1682.231
1994	1589.409
1994	1514.843
1994	1450.481
1994	1394.458
1994	1333.026
1994	1310.355
1994	1298.528
1994	1292.287
1994	1287.225
1994	1202.544
1994	1154.734
1994	1153.991
1994	1150.973
1994	1040.91
1994	1009.096
1994	955.065
1994	940.969
1994	845.977
1994	840.885
1994	835.727
1994	821.101
1994	787.391
1994	776.029
1994	743.533
1994	727.519
1994	713.72
1994	676.893
1994	676.237
1994	672.724
1994	670.616
1994	650.821
1994	637.872
1994	621.641
1994	579.648
1994	576.691
1994	509.433
1994	494.976
1994	493.593
1994	487.692
1994	458.372
1994	448.701
1994	442.705
1994	425.644
1994	391.698
1994	382.723
1994	379.992
1994	361.595
1994	356.031
1994	316.318
1994	308.224
1994	306.327
1994	305.047
1994	292.385
1994	284.964
1994	278.1
1994	276.54
1994	251.147
1994	250.089
1994	247.838
1994	239.33
1994	237.063
1994	235.622
1994	219.311
1994	217.458
1994	216.876
1994	216.624
1994	202.171
1994	201.666
1994	197.067
1994	195.006
1994	191.361
1994	186.957
1994	180.448
1994	178.481
1994	172.746
1994	169.347
1994	157.098
1994	144.98
1994	139.911
1994	134.483
1994	133.688
1994	129.841
1994	127.106
1994	121.911
1994	120.531
1994	108.207
1994	97.538
1994	93.719
1994	89.387
1994	86.749
1994	85.5
1994	85.475
1994	82.527
1994	79.029
1994	74.971
1994	74.188
1994	72.808
1994	70.31
1994	69.588
1994	62.693
1994	60.914
1994	59.603
1994	59.154
1994	55.219
1994	52.675
1994	48.388
1994	46.992
1994	46.912
1994	46.599
1994	44.846
1994	33.843
1994	33.518
1994	33.104
1994	31.134
1994	26.266
1994	26.087
1994	23.496
1994	21.368
1994	20.113
1994	19.909
1994	19.581
1994	16.832
1994	15.11
1994	14.097
1994	13.753
1994	13.598
1994	12.825
1994	12.757
1994	12.234
1994	11.748
1994	11.158
1994	10.393
1994	9.375
1994	8.128
1994	6.578
1994	6.342
1994	6.059
1994	5.795
1994	4.829
1994	4.699
1994	4.275
1994	4.275
1994	4.142
1994	3.94
1994	3.934
1994	3.885
1994	3.776
1994	2.786
1994	2.173
1994	2.031
1994	1.942
1994	1.942
1994	1.393
1994	1.262
1994	1.128
1995	42875.424
1995	39081.548
1995	22139.82
1995	21726.325
1995	18133.072
1995	16507.123
1995	14594.116
1995	14455.102
1995	9306.252
1995	9157.921
1995	8495.955
1995	7942.5
1995	7741.331
1995	7154.844
1995	6906.793
1995	5641.159
1995	4936.178
1995	4587.939
1995	4547.083
1995	4420.579
1995	4386.546
1995	3881.553
1995	3760.582
1995	3480.673
1995	3310.832
1995	3296.282
1995	2789.079
1995	2665.112
1995	2432.857
1995	2071.708
1995	1817.936
1995	1802.974
1995	1715.674
1995	1712.977
1995	1704.29
1995	1682.231
1995	1589.409
1995	1530.54
1995	1442.332
1995	1394.458
1995	1362.775
1995	1298.528
1995	1263.888
1995	1190.295
1995	1185.365
1995	1158.987
1995	1154.734
1995	1150.973
1995	1110.855
1995	1043.607
1995	1009.096
1995	977.276
1995	968.645
1995	888.936
1995	845.977
1995	835.727
1995	830.225
1995	808.22
1995	776.892
1995	727.519
1995	724.304
1995	720.556
1995	713.72
1995	687.455
1995	687.046
1995	671.574
1995	637.872
1995	621.641
1995	614.665
1995	576.691
1995	558.829
1995	534.004
1995	509.433
1995	490.745
1995	483.721
1995	480.725
1995	457.413
1995	432.347
1995	424.259
1995	382.723
1995	379.992
1995	376.633
1995	372.552
1995	336.088
1995	334.454
1995	317.672
1995	308.224
1995	305.047
1995	284.964
1995	274.874
1995	271.557
1995	269.327
1995	265.396
1995	257.756
1995	253.294
1995	247.838
1995	239.33
1995	229.634
1995	222.731
1995	221.518
1995	219.311
1995	217.458
1995	216.624
1995	216.537
1995	201.666
1995	197.067
1995	195.006
1995	192.622
1995	191.361
1995	178.481
1995	169.347
1995	166.102
1995	157.098
1995	140.147
1995	139.911
1995	134.483
1995	133.688
1995	126.131
1995	126.01
1995	118.325
1995	110.089
1995	109.574
1995	98.931
1995	93.719
1995	89.387
1995	86.749
1995	85.5
1995	85.475
1995	79.029
1995	74.971
1995	72.808
1995	72.462
1995	70.738
1995	70.31
1995	69.588
1995	62.693
1995	60.914
1995	59.603
1995	59.154
1995	55.219
1995	54.528
1995	52.675
1995	50.821
1995	50.808
1995	46.992
1995	46.599
1995	44.846
1995	39.588
1995	35.454
1995	33.999
1995	33.518
1995	31.134
1995	28.287
1995	26.087
1995	23.496
1995	23.311
1995	20.147
1995	20.113
1995	19.909
1995	19.581
1995	16.832
1995	14.097
1995	13.753
1995	13.598
1995	13.39
1995	12.757
1995	12.234
1995	11.748
1995	10.393
1995	9.375
1995	8.55
1995	8.128
1995	7.048
1995	6.578
1995	6.439
1995	6.342
1995	6.059
1995	5.827
1995	5.795
1995	4.699
1995	4.275
1995	4.275
1995	4.142
1995	3.94
1995	3.934
1995	3.776
1995	2.786
1995	2.173
1995	2.031
1995	1.942
1995	1.942
1995	1.393
1995	1.262
1995	1.128
1996	42875.424
1996	40121.363
1996	23523.558
1996	22172.075
1996	18133.072
1996	16458.036
1996	14925.801
1996	14651.307
1996	9850.879
1996	9121.222
1996	8589.106
1996	7942.5
1996	7940.976
1996	7220.739
1996	5858.447
1996	5641.159
1996	4787.435
1996	4587.939
1996	4572.274
1996	4440.337
1996	4298.226
1996	3848.742
1996	3760.582
1996	3538.047
1996	3221.266
1996	3165.62
1996	2695.132
1996	2636.252
1996	2489.018
1996	2159.555
1996	1897.67
1996	1802.974
1996	1715.674
1996	1685.866
1996	1654.91
1996	1614.942
1996	1589.409
1996	1569.785
1996	1438.257
1996	1394.458
1996	1386.271
1996	1298.528
1996	1248.908
1996	1245.492
1996	1214.324
1996	1163.482
1996	1150.973
1996	1110.855
1996	1110.006
1996	1104.997
1996	1017.255
1996	968.645
1996	888.936
1996	886.476
1996	845.977
1996	840.411
1996	835.727
1996	773.387
1996	772.693
1996	763.32
1996	733.919
1996	731.044
1996	727.519
1996	713.72
1996	713.421
1996	652.919
1996	637.872
1996	621.641
1996	599.599
1996	568.69
1996	566.748
1996	534.004
1996	528.82
1996	505.968
1996	483.721
1996	470.971
1996	466.126
1996	452.456
1996	414.617
1996	398.434
1996	383.106
1996	378.031
1996	361.567
1996	336.088
1996	334.454
1996	325.047
1996	308.224
1996	305.047
1996	303.527
1996	284.964
1996	271.557
1996	271.542
1996	259.184
1996	252.627
1996	251.901
1996	251.147
1996	247.838
1996	244.532
1996	242.391
1996	238.151
1996	219.311
1996	217.632
1996	217.458
1996	216.624
1996	201.666
1996	197.74
1996	197.067
1996	195.006
1996	192.622
1996	178.481
1996	177.568
1996	163.644
1996	162.78
1996	139.911
1996	134.483
1996	133.688
1996	126.131
1996	126.01
1996	118.325
1996	115.053
1996	111.472
1996	110.089
1996	93.719
1996	87.401
1996	86.749
1996	85.5
1996	85.475
1996	79.029
1996	77.322
1996	76.845
1996	75.913
1996	74.426
1996	70.738
1996	70.31
1996	69.588
1996	62.693
1996	60.914
1996	59.603
1996	59.154
1996	55.219
1996	54.528
1996	53.227
1996	52.675
1996	50.821
1996	46.992
1996	46.599
1996	44.846
1996	39.588
1996	37.066
1996	35.788
1996	33.518
1996	31.134
1996	28.287
1996	26.087
1996	23.496
1996	23.311
1996	20.147
1996	20.113
1996	19.909
1996	19.581
1996	16.832
1996	14.097
1996	13.753
1996	13.39
1996	12.757
1996	12.234
1996	11.748
1996	11.655
1996	9.375
1996	8.55
1996	8.314
1996	8.128
1996	7.048
1996	6.578
1996	6.439
1996	6.342
1996	6.059
1996	5.827
1996	5.795
1996	4.699
1996	4.275
1996	4.275
1996	4.18
1996	4.142
1996	3.94
1996	3.934
1996	3.776
1996	2.173
1996	2.031
1996	1.942
1996	1.942
1996	1.393
1996	1.262
1996	1.128
1997	42875.424
1997	41227.549
1997	23523.558
1997	21732.739
1997	18136.207
1997	16738.531
1997	15589.169
1997	14569.717
1997	10421.551
1997	8860.615
1997	8740.073
1997	8633.152
1997	7814.67
1997	7220.739
1997	6052.202
1997	5641.159
1997	4825.485
1997	4610.981
1997	4601.665
1997	4587.939
1997	4205.7
1997	3815.93
1997	3760.582
1997	3595.421
1997	3206.28
1997	3124.186
1997	2678.454
1997	2475.874
1997	2407.013
1997	2302.305
1997	1897.67
1997	1893.123
1997	1715.674
1997	1688.936
1997	1654.91
1997	1614.942
1997	1589.409
1997	1569.785
1997	1430.109
1997	1406.854
1997	1386.271
1997	1309.914
1997	1298.528
1997	1273.887
1997	1177.151
1997	1163.482
1997	1145.331
1997	1122.115
1997	1077.857
1997	1021.698
1997	999.77
1997	982.483
1997	900.949
1997	879.395
1997	862.255
1997	845.977
1997	815.669
1997	775.042
1997	773.387
1997	766.394
1997	763.32
1997	730.714
1997	727.519
1997	726.026
1997	720.556
1997	652.919
1997	637.872
1997	621.641
1997	599.599
1997	557.733
1997	556.805
1997	534.004
1997	528.82
1997	499.036
1997	483.721
1997	470.971
1997	470.482
1997	459.159
1997	414.617
1997	399.715
1997	391.056
1997	383.106
1997	372.552
1997	346.502
1997	336.088
1997	335.825
1997	330.138
1997	308.224
1997	305.047
1997	288.717
1997	284.869
1997	277.263
1997	271.557
1997	253.294
1997	250.144
1997	247.838
1997	244.532
1997	242.391
1997	241.233
1997	233.932
1997	221.518
1997	217.458
1997	216.624
1997	210.497
1997	201.666
1997	197.067
1997	195.006
1997	193.424
1997	192.622
1997	186.241
1997	185.789
1997	163.644
1997	156.136
1997	139.911
1997	134.483
1997	133.688
1997	126.131
1997	126.01
1997	115.652
1997	115.053
1997	114.74
1997	112.463
1997	110.089
1997	93.713
1997	92.171
1997	85.5
1997	85.475
1997	85.414
1997	79.029
1997	75.235
1997	74.188
1997	72.49
1997	71.134
1997	70.738
1997	70.31
1997	66.176
1997	59.603
1997	59.154
1997	58.081
1997	55.646
1997	55.219
1997	54.528
1997	47.887
1997	46.992
1997	46.912
1997	46.599
1997	44.846
1997	39.588
1997	38.677
1997	35.788
1997	33.518
1997	27.674
1997	26.266
1997	26.087
1997	23.496
1997	23.311
1997	20.147
1997	20.113
1997	19.909
1997	19.581
1997	18.235
1997	13.753
1997	13.598
1997	13.39
1997	12.757
1997	12.234
1997	11.748
1997	11.748
1997	10.687
1997	9.375
1997	8.314
1997	8.128
1997	7.048
1997	6.578
1997	6.439
1997	6.342
1997	6.059
1997	5.827
1997	5.795
1997	4.699
1997	4.275
1997	4.275
1997	4.18
1997	4.142
1997	3.94
1997	3.934
1997	3.776
1997	2.173
1997	2.031
1997	1.942
1997	1.942
1997	1.393
1997	1.262
1997	1.128
1998	42875.424
1998	41245.986
1998	23855.656
1998	21296.609
1998	18136.207
1998	16941.89
1998	16584.223
1998	14569.717
1998	11209.621
1998	9019.525
1998	8652.13
1998	8633.152
1998	7443.901
1998	7220.739
1998	6432.666
1998	5641.159
1998	4849.699
1998	4610.062
1998	4587.939
1998	4544.52
1998	4050.09
1998	3789.682
1998	3760.582
1998	3668.094
1998	3177.139
1998	3008.791
1998	2698.467
1998	2474.679
1998	2460.502
1998	2342.568
1998	1983.271
1998	1897.67
1998	1776.398
1998	1715.674
1998	1688.936
1998	1614.942
1998	1609.03
1998	1600.99
1998	1430.109
1998	1409.768
1998	1400.656
1998	1349.999
1998	1336.332
1998	1298.528
1998	1180.978
1998	1146.173
1998	1145.331
1998	1110.006
1998	1046.839
1998	1026.14
1998	999.77
1998	982.483
1998	912.961
1998	890.997
1998	845.977
1998	843.658
1998	842.978
1998	829.193
1998	815.669
1998	773.387
1998	760.279
1998	760.095
1998	730.714
1998	727.519
1998	726.026
1998	720.556
1998	652.919
1998	637.872
1998	621.641
1998	562.116
1998	556.805
1998	545.742
1998	534.004
1998	479.195
1998	473.849
1998	466.791
1998	465.862
1998	429.726
1998	421.091
1998	414.617
1998	389.336
1998	379.988
1998	372.552
1998	336.088
1998	331.437
1998	327.98
1998	316.538
1998	308.224
1998	305.047
1998	300.746
1998	294.864
1998	277.263
1998	274.828
1998	253.57
1998	253.294
1998	248.77
1998	248.553
1998	247.838
1998	244.532
1998	241.999
1998	237.928
1998	216.624
1998	210.497
1998	205.973
1998	198.819
1998	197.067
1998	195.006
1998	192.622
1998	190.721
1998	186.241
1998	170.933
1998	163.644
1998	159.458
1998	139.911
1998	135.261
1998	134.483
1998	129.841
1998	126.01
1998	120.531
1998	118.439
1998	116.205
1998	112.463
1998	111.154
1998	110.089
1998	92.171
1998	87.638
1998	85.475
1998	83.428
1998	79.029
1998	76.044
1998	74.188
1998	72.68
1998	70.31
1998	69.659
1998	59.603
1998	59.154
1998	58.948
1998	58.066
1998	57.992
1998	56.664
1998	55.219
1998	54.528
1998	49.209
1998	47.887
1998	46.992
1998	46.912
1998	46.599
1998	44.846
1998	40.289
1998	39.588
1998	33.518
1998	27.674
1998	26.266
1998	26.087
1998	25.254
1998	23.496
1998	20.147
1998	20.113
1998	19.909
1998	19.581
1998	18.235
1998	14.669
1998	13.598
1998	13.39
1998	12.757
1998	12.234
1998	11.748
1998	11.748
1998	10.687
1998	9.375
1998	8.314
1998	8.128
1998	7.048
1998	6.578
1998	6.439
1998	6.342
1998	5.827
1998	5.795
1998	4.847
1998	4.699
1998	4.275
1998	4.275
1998	4.18
1998	4.142
1998	3.94
1998	3.934
1998	3.776
1998	2.173
1998	2.031
1998	1.942
1998	1.942
1998	1.393
1998	1.262
1998	1.128
1999	42878.711
1999	41245.986
1999	25322.419
1999	20857.272
1999	18136.207
1999	17057.594
1999	16584.223
1999	14569.717
1999	12031.66
1999	9323.804
1999	9241.158
1999	8730.312
1999	7517.24
1999	7220.739
1999	6439.712
1999	5778.965
1999	4739.007
1999	4652.048
1999	4587.939
1999	4531.946
1999	3974.387
1999	3783.119
1999	3760.582
1999	3668.094
1999	3137.425
1999	2979.749
1999	2668.447
1999	2515.306
1999	2513.991
1999	2364.529
1999	2073.42
1999	1897.67
1999	1869.893
1999	1715.674
1999	1688.936
1999	1682.231
1999	1609.03
1999	1538.775
1999	1433.264
1999	1398.777
1999	1388.261
1999	1348.621
1999	1298.528
1999	1252.65
1999	1180.978
1999	1128.404
1999	1124.489
1999	1110.006
1999	1046.839
1999	1030.582
1999	1009.063
1999	993.553
1999	920.888
1999	913.805
1999	888.684
1999	846.671
1999	815.669
1999	810.215
1999	798.806
1999	760.279
1999	751.696
1999	738.331
1999	727.519
1999	713.421
1999	692.255
1999	676.782
1999	648.255
1999	637.872
1999	621.641
1999	568.69
1999	560.36
1999	556.805
1999	545.742
1999	487.354
1999	483.551
1999	473.849
1999	466.791
1999	455.807
1999	446.51
1999	429.726
1999	389.336
1999	383.476
1999	376.299
1999	372.552
1999	328.18
1999	327.243
1999	324.25
1999	323.665
1999	316.371
1999	312.776
1999	308.224
1999	305.047
1999	279.871
1999	278.1
1999	277.263
1999	269.022
1999	255.444
1999	255.149
1999	253.294
1999	249.735
1999	247.838
1999	234.624
1999	216.624
1999	213.687
1999	198.942
1999	198.819
1999	198.2
1999	197.067
1999	192.622
1999	192.139
1999	186.241
1999	170.933
1999	163.644
1999	149.492
1999	139.911
1999	136.834
1999	129.841
1999	129.31
1999	126.01
1999	119.832
1999	112.463
1999	111.154
1999	110.089
1999	109.574
1999	92.171
1999	89.775
1999	85.475
1999	81.442
1999	79.029
1999	76.044
1999	75.773
1999	72.462
1999	70.31
1999	69.659
1999	63.109
1999	60.485
1999	59.154
1999	58.948
1999	57.992
1999	56.664
1999	55.219
1999	54.528
1999	49.209
1999	47.887
1999	46.992
1999	46.912
1999	46.715
1999	46.599
1999	41.901
1999	39.588
1999	33.518
1999	28.261
1999	27.674
1999	26.266
1999	25.254
1999	23.496
1999	22.347
1999	20.147
1999	19.909
1999	19.581
1999	18.235
1999	14.669
1999	13.598
1999	13.39
1999	12.757
1999	12.234
1999	11.748
1999	11.748
1999	9.375
1999	8.55
1999	8.314
1999	8.128
1999	7.77
1999	7.048
1999	6.578
1999	6.439
1999	6.342
1999	5.795
1999	5.523
1999	4.847
1999	4.699
1999	4.275
1999	4.275
1999	4.18
1999	3.94
1999	3.776
1999	2.622
1999	2.173
1999	2.031
1999	1.942
1999	1.942
1999	1.393
1999	1.262
1999	1.128
2000	43056.195
2000	41245.986
2000	25460.793
2000	20421.142
2000	18136.207
2000	17194.335
2000	15423.327
2000	14569.717
2000	13166.21
2000	9323.804
2000	9009.888
2000	8808.494
2000	7594.653
2000	7220.739
2000	6083.907
2000	5890.099
2000	4714.793
2000	4673.041
2000	4587.939
2000	4585.834
2000	3919.713
2000	3747.027
2000	3741.779
2000	3668.094
2000	3088.885
2000	3061.068
2000	2668.447
2000	2575.122
2000	2540.4
2000	2408.453
2000	2163.569
2000	2010.135
2000	1878.534
2000	1750.352
2000	1715.674
2000	1682.231
2000	1648.274
2000	1461.223
2000	1456.76
2000	1389.46
2000	1344.547
2000	1298.528
2000	1266.966
2000	1245.716
2000	1189.726
2000	1128.404
2000	1110.006
2000	1102.805
2000	1042.962
2000	1039.466
2000	1009.063
2000	1001.801
2000	993.553
2000	931.235
2000	888.684
2000	883.871
2000	808.983
2000	798.469
2000	760.279
2000	759.292
2000	738.331
2000	734.898
2000	727.519
2000	713.421
2000	692.255
2000	637.872
2000	634.264
2000	621.641
2000	580.744
2000	561.506
2000	556.805
2000	530.104
2000	507.586
2000	492.264
2000	472.565
2000	466.791
2000	463.978
2000	446.51
2000	429.726
2000	389.336
2000	376.299
2000	375.534
2000	350.49
2000	330.67
2000	328.723
2000	328.18
2000	318.791
2000	317.191
2000	308.224
2000	307.036
2000	305.047
2000	301.306
2000	291.909
2000	282.333
2000	281.372
2000	279.871
2000	277.263
2000	260.141
2000	258.338
2000	253.294
2000	247.838
2000	234.624
2000	216.624
2000	213.687
2000	203.874
2000	202.086
2000	198.819
2000	197.067
2000	194.002
2000	192.622
2000	192.139
2000	170.933
2000	163.644
2000	146.17
2000	141.552
2000	139.911
2000	131.489
2000	126.131
2000	124.138
2000	122.619
2000	112.463
2000	111.154
2000	110.089
2000	96.188
2000	92.171
2000	83.428
2000	81.59
2000	79.029
2000	77.32
2000	76.702
2000	76.044
2000	72.462
2000	71.491
2000	70.31
2000	61.356
2000	60.485
2000	59.497
2000	59.154
2000	58.948
2000	57.992
2000	55.219
2000	54.528
2000	52.321
2000	49.209
2000	47.887
2000	46.992
2000	46.599
2000	43.512
2000	43.002
2000	39.588
2000	33.518
2000	30.435
2000	27.674
2000	24.246
2000	23.496
2000	22.665
2000	22.347
2000	19.909
2000	19.581
2000	19.426
2000	18.337
2000	18.235
2000	15.946
2000	13.39
2000	11.748
2000	11.655
2000	9.398
2000	9.375
2000	8.55
2000	8.156
2000	8.128
2000	7.77
2000	7.048
2000	6.578
2000	6.439
2000	6.412
2000	6.342
2000	6.235
2000	5.795
2000	5.133
2000	4.847
2000	4.699
2000	4.418
2000	4.275
2000	4.18
2000	4.062
2000	3.776
2000	2.786
2000	2.622
2000	2.173
2000	1.97
2000	1.942
2000	1.942
2000	1.262
2000	1.128
2001	43056.195
2001	41245.986
2001	26291.036
2001	19981.805
2001	18136.207
2001	17460.805
2001	15423.327
2001	14891.812
2001	14569.717
2001	9323.804
2001	8990.919
2001	8987.404
2001	7570.207
2001	7534.684
2001	6001.233
2001	5992.314
2001	4752.814
2001	4587.939
2001	4580.445
2001	4496.868
2001	3886.067
2001	3741.779
2001	3733.903
2001	3668.094
2001	3044.758
2001	2851.963
2001	2668.447
2001	2598.046
2001	2551.154
2001	2459.696
2001	2163.569
2001	2025.245
2001	2010.135
2001	1811.768
2001	1715.674
2001	1682.231
2001	1648.274
2001	1498.69
2001	1456.76
2001	1416.771
2001	1328.249
2001	1298.528
2001	1265.031
2001	1262.672
2001	1227.123
2001	1191.476
2001	1128.404
2001	1105.164
2001	1083.028
2001	1081.12
2001	1039.466
2001	1039.085
2001	996.32
2001	982.078
2001	936.984
2001	833.141
2001	808.983
2001	765.424
2001	760.279
2001	738.331
2001	738.2
2001	724.4
2001	713.421
2001	666.616
2001	637.872
2001	635.531
2001	634.264
2001	622.938
2001	582.788
2001	556.805
2001	546.609
2001	530.104
2001	507.586
2001	500.977
2001	479.268
2001	466.791
2001	446.51
2001	426.26
2001	395.388
2001	394.319
2001	368.921
2001	357.987
2001	345.05
2001	328.18
2001	327.243
2001	318.791
2001	317.191
2001	308.224
2001	305.047
2001	296.139
2001	294.754
2001	292.267
2001	291.533
2001	286.284
2001	282.333
2001	278.803
2001	274.828
2001	260.141
2001	258.338
2001	253.294
2001	247.838
2001	234.624
2001	216.624
2001	213.687
2001	213.402
2001	212.095
2001	198.819
2001	198.2
2001	197.067
2001	192.622
2001	189.271
2001	170.933
2001	169.535
2001	149.417
2001	146.17
2001	139.911
2001	128.201
2001	124.138
2001	122.619
2001	122.422
2001	112.463
2001	110.089
2001	107.568
2001	100.463
2001	93.661
2001	92.171
2001	83.428
2001	79.029
2001	77.991
2001	77.705
2001	77.32
2001	76.702
2001	76.044
2001	70.737
2001	70.31
2001	62.905
2001	60.914
2001	59.603
2001	57.992
2001	55.219
2001	54.528
2001	54.232
2001	52.321
2001	46.992
2001	46.599
2001	45.124
2001	44.735
2001	43.002
2001	39.588
2001	38.309
2001	33.518
2001	32.609
2001	27.674
2001	24.476
2001	23.496
2001	22.921
2001	22.665
2001	22.347
2001	20.205
2001	19.909
2001	19.637
2001	19.426
2001	19.136
2001	13.39
2001	11.748
2001	11.655
2001	9.398
2001	9.375
2001	8.55
2001	8.156
2001	8.128
2001	7.77
2001	7.048
2001	6.578
2001	6.439
2001	6.412
2001	6.342
2001	6.235
2001	5.795
2001	5.6
2001	4.847
2001	4.699
2001	4.418
2001	4.275
2001	4.18
2001	4.062
2001	3.776
2001	2.786
2001	2.622
2001	2.173
2001	1.942
2001	1.942
2001	1.262
2001	1.182
2001	1.128
2002	43384.868
2002	41983.443
2002	26567.784
2002	20494.899
2002	18136.207
2002	17450.287
2002	15589.169
2002	15034.48
2002	14569.717
2002	9427.402
2002	9121.222
2002	8373.896
2002	7534.684
2002	7476.496
2002	6223.501
2002	5372.298
2002	4740.218
2002	4643.314
2002	4587.939
2002	4289.32
2002	3839.804
2002	3720.778
2002	3685.37
2002	3668.094
2002	3000.631
2002	2805.495
2002	2668.447
2002	2553.544
2002	2498.709
2002	2430.414
2002	2388.832
2002	2163.569
2002	2010.135
2002	1842.476
2002	1715.674
2002	1682.231
2002	1648.274
2002	1523.668
2002	1409.768
2002	1332.323
2002	1298.528
2002	1261.24
2002	1244.293
2002	1237.84
2002	1129.533
2002	1115.567
2002	1105.164
2002	1099.951
2002	1065.631
2002	1039.466
2002	1027.453
2002	1018.906
2002	996.32
2002	951.929
2002	885.986
2002	833.141
2002	808.983
2002	761.715
2002	745.073
2002	738.331
2002	722.094
2002	720.2
2002	686.978
2002	674.183
2002	660.206
2002	647.189
2002	637.872
2002	634.264
2002	582.788
2002	576.691
2002	559.214
2002	532.242
2002	505.333
2002	490.667
2002	478.404
2002	472.565
2002	466.791
2002	422.795
2002	404.909
2002	396.24
2002	378.938
2002	368.921
2002	357.987
2002	345.05
2002	330.67
2002	328.18
2002	318.791
2002	317.191
2002	305.047
2002	299.862
2002	296.139
2002	294.754
2002	289.254
2002	282.333
2002	281.113
2002	277.402
2002	276.412
2002	274.828
2002	260.141
2002	258.338
2002	253.294
2002	247.838
2002	234.624
2002	225.042
2002	216.624
2002	213.687
2002	208.328
2002	198.819
2002	194.314
2002	192.622
2002	189.271
2002	176.081
2002	161.936
2002	154.135
2002	146.17
2002	144.999
2002	129.297
2002	124.138
2002	122.619
2002	122.422
2002	117.616
2002	112.463
2002	107.568
2002	100.463
2002	97.593
2002	88.731
2002	83.428
2002	82.18
2002	77.991
2002	77.705
2002	77.32
2002	76.044
2002	75.736
2002	70.31
2002	67.286
2002	62.905
2002	60.914
2002	57.992
2002	56.097
2002	55.219
2002	54.528
2002	54.232
2002	52.321
2002	51.691
2002	46.735
2002	46.599
2002	44.735
2002	43.002
2002	39.588
2002	38.309
2002	33.518
2002	32.609
2002	27.506
2002	25.514
2002	24.476
2002	24.215
2002	23.496
2002	22.665
2002	22.347
2002	21.368
2002	19.909
2002	19.637
2002	18.184
2002	13.39
2002	11.748
2002	11.655
2002	9.398
2002	9.375
2002	8.55
2002	8.156
2002	8.128
2002	7.77
2002	7.048
2002	6.578
2002	6.439
2002	6.412
2002	6.342
2002	6.235
2002	5.795
2002	5.6
2002	4.847
2002	4.699
2002	4.418
2002	4.275
2002	4.18
2002	4.18
2002	4.062
2002	3.776
2002	2.622
2002	2.173
2002	1.942
2002	1.942
2002	1.262
2002	1.128
2002	0.394
2003	45028.234
2003	43458.357
2003	27674.775
2003	21011.2
2003	18136.207
2003	17404.706
2003	15821.349
2003	15720.645
2003	14569.717
2003	9427.402
2003	9261.949
2003	8287.17
2003	7848.629
2003	7390.934
2003	6445.769
2003	5231.385
2003	4769.052
2003	4618.039
2003	4587.939
2003	4109.446
2003	3814.57
2003	3691.248
2003	3685.37
2003	3668.094
2003	2956.504
2003	2700.942
2003	2612.087
2003	2557.129
2003	2399.372
2003	2386.491
2003	2334.891
2003	2255.521
2003	2197.124
2003	1922.317
2003	1722.944
2003	1687.519
2003	1682.231
2003	1673.537
2003	1409.768
2003	1332.323
2003	1298.528
2003	1284.205
2003	1276.704
2003	1248.44
2003	1175.344
2003	1133.795
2003	1129.189
2003	1128.404
2003	1050.142
2003	1043.458
2003	1039.466
2003	1023.996
2003	1023.576
2003	980.671
2003	867.823
2003	833.141
2003	811.945
2003	808.983
2003	761.378
2003	745.073
2003	738.331
2003	713.901
2003	667.049
2003	660.206
2003	648.705
2003	644.795
2003	637.872
2003	634.264
2003	582.788
2003	576.691
2003	576.403
2003	534.379
2003	514.046
2003	490.667
2003	478.404
2003	472.565
2003	466.791
2003	417.368
2003	415.864
2003	399.529
2003	385.178
2003	361.542
2003	356.113
2003	345.05
2003	339.236
2003	328.18
2003	321.519
2003	321.197
2003	317.191
2003	305.047
2003	300.37
2003	294.754
2003	286.241
2003	282.333
2003	281.372
2003	277.402
2003	277.263
2003	276.412
2003	260.141
2003	258.338
2003	253.294
2003	247.838
2003	234.624
2003	216.624
2003	213.402
2003	208.328
2003	207.308
2003	198.819
2003	192.622
2003	192.139
2003	190.428
2003	176.736
2003	175.431
2003	154.135
2003	151.212
2003	150.086
2003	146.17
2003	129.848
2003	127.106
2003	124.138
2003	119.832
2003	118.712
2003	112.463
2003	103.983
2003	100.463
2003	97.593
2003	83.428
2003	78.872
2003	77.991
2003	77.705
2003	77.32
2003	75.736
2003	70.737
2003	70.31
2003	68.763
2003	62.905
2003	60.914
2003	57.992
2003	56.097
2003	55.219
2003	54.528
2003	54.232
2003	52.321
2003	51.691
2003	46.735
2003	46.599
2003	44.735
2003	43.002
2003	39.588
2003	34.783
2003	33.521
2003	33.518
2003	27.674
2003	27.506
2003	25.514
2003	24.476
2003	23.496
2003	22.347
2003	21.368
2003	20.147
2003	19.909
2003	19.637
2003	18.184
2003	13.39
2003	11.748
2003	9.713
2003	9.398
2003	9.375
2003	8.55
2003	8.156
2003	8.128
2003	8.048
2003	7.77
2003	7.048
2003	6.578
2003	6.412
2003	6.342
2003	6.235
2003	5.795
2003	5.6
2003	4.847
2003	4.699
2003	4.418
2003	4.275
2003	4.18
2003	4.18
2003	4.062
2003	3.776
2003	2.622
2003	2.173
2003	1.942
2003	1.942
2003	1.262
2003	1.128
2003	0.394
2004	46671.6
2004	44970.145
2004	28255.945
2004	21524.294
2004	18234.997
2004	18136.207
2004	17292.509
2004	16086.696
2004	14569.717
2004	9427.402
2004	9264.555
2004	8190.808
2004	8162.574
2004	7374.637
2004	6668.037
2004	5178.543
2004	4889.401
2004	4752.814
2004	4708.674
2004	4310.075
2004	3801.953
2004	3684.686
2004	3647.764
2004	3633.67
2004	2912.377
2004	2739.662
2004	2690.293
2004	2689.742
2004	2617.85
2004	2573.858
2004	2491.837
2004	2334.891
2004	2253.718
2004	2149.556
2004	1730.214
2004	1726.764
2004	1698.516
2004	1682.231
2004	1409.768
2004	1330.569
2004	1320.1
2004	1298.528
2004	1276.704
2004	1235.997
2004	1201.265
2004	1189.66
2004	1140.564
2004	1128.404
2004	1079.347
2004	1068.01
2004	1039.466
2004	1037.751
2004	997.916
2004	879.881
2004	863.786
2004	851.512
2004	833.141
2004	808.983
2004	751.262
2004	738.331
2004	713.901
2004	657.799
2004	652.781
2004	650.821
2004	647.387
2004	637.872
2004	634.264
2004	587.863
2004	582.788
2004	576.691
2004	534.379
2004	518.402
2004	490.667
2004	478.404
2004	475.917
2004	466.791
2004	423.597
2004	418.079
2004	412.398
2004	387.718
2004	381.443
2004	365.232
2004	358.083
2004	357.987
2004	345.05
2004	328.183
2004	328.18
2004	321.197
2004	317.191
2004	305.047
2004	300.368
2004	296.139
2004	294.754
2004	293.472
2004	289.055
2004	277.402
2004	266.54
2004	260.141
2004	258.338
2004	247.838
2004	244.442
2004	227.388
2004	224.912
2004	218.101
2004	216.624
2004	208.328
2004	207.308
2004	206.477
2004	198.819
2004	193.21
2004	190.428
2004	176.736
2004	169.96
2004	159.458
2004	154.135
2004	150.086
2004	129.848
2004	126.01
2004	124.138
2004	121.835
2004	119.832
2004	115.373
2004	108.437
2004	104.095
2004	103.983
2004	96.188
2004	79.455
2004	78.872
2004	77.991
2004	77.705
2004	77.32
2004	75.736
2004	73.239
2004	72.462
2004	68.763
2004	64.114
2004	60.914
2004	57.992
2004	56.097
2004	55.219
2004	54.528
2004	52.321
2004	51.874
2004	51.691
2004	46.735
2004	46.599
2004	44.735
2004	43.002
2004	39.588
2004	34.783
2004	33.521
2004	33.518
2004	32.09
2004	24.476
2004	24.215
2004	23.496
2004	22.347
2004	22.325
2004	20.147
2004	19.909
2004	19.637
2004	18.184
2004	17.483
2004	13.546
2004	12.274
2004	11.748
2004	11.748
2004	9.713
2004	9.375
2004	8.55
2004	8.156
2004	8.048
2004	7.77
2004	7.048
2004	6.578
2004	6.342
2004	6.235
2004	5.795
2004	5.6
2004	4.847
2004	4.699
2004	4.418
2004	4.275
2004	4.275
2004	4.18
2004	4.18
2004	4.062
2004	3.776
2004	2.622
2004	2.173
2004	1.942
2004	1.942
2004	1.262
2004	1.128
2005	50944.353
2005	46094.767
2005	28311.294
2005	22040.595
2005	20748.67
2005	18136.207
2005	17289.002
2005	16086.696
2005	14569.717
2005	9427.402
2005	9381.828
2005	8203.656
2005	8162.574
2005	7333.893
2005	6668.037
2005	5590.712
2005	5070.88
2005	4986.398
2005	4572.274
2005	4199.383
2005	3789.336
2005	3694.529
2005	3647.764
2005	3633.67
2005	2962.324
2005	2909.909
2005	2888.416
2005	2863.838
2005	2857.668
2005	2617.85
2005	2588.197
2005	2582.538
2005	2334.891
2005	2253.718
2005	1873.974
2005	1748.472
2005	1730.214
2005	1726.764
2005	1682.231
2005	1409.768
2005	1376.933
2005	1298.528
2005	1291.58
2005	1270.507
2005	1241.198
2005	1235.997
2005	1150.718
2005	1128.404
2005	1107.023
2005	1068.01
2005	1039.466
2005	1028.458
2005	1019.76
2005	933.573
2005	857.732
2005	833.141
2005	808.983
2005	783.817
2005	746.879
2005	738.331
2005	713.901
2005	690.333
2005	663.861
2005	645.646
2005	637.872
2005	634.567
2005	634.264
2005	605.625
2005	582.788
2005	556.805
2005	534.379
2005	527.114
2005	497.54
2005	490.667
2005	473.57
2005	466.791
2005	435.665
2005	426.712
2005	426.49
2005	408.933
2005	388.02
2005	371.789
2005	357.853
2005	354.238
2005	345.05
2005	331.514
2005	328.18
2005	324.806
2005	317.191
2005	308.831
2005	305.047
2005	300.368
2005	289.055
2005	286.241
2005	277.402
2005	273.935
2005	260.141
2005	258.338
2005	256.668
2005	247.838
2005	244.442
2005	234.444
2005	227.388
2005	224.912
2005	218.101
2005	216.624
2005	213.958
2005	209.828
2005	207.308
2005	206.477
2005	198.819
2005	182.655
2005	176.736
2005	169.96
2005	154.135
2005	150.086
2005	131.207
2005	129.56
2005	125.791
2005	124.138
2005	119.832
2005	117.97
2005	115.053
2005	108.437
2005	96.811
2005	96.188
2005	81.24
2005	79.455
2005	79.098
2005	78.866
2005	75.736
2005	74.188
2005	71.877
2005	68.763
2005	64.114
2005	62.824
2005	59.154
2005	56.097
2005	55.219
2005	54.528
2005	52.414
2005	52.321
2005	51.874
2005	51.691
2005	46.735
2005	46.599
2005	44.735
2005	43.002
2005	39.588
2005	34.783
2005	33.521
2005	33.518
2005	32.09
2005	24.476
2005	24.384
2005	24.215
2005	23.496
2005	22.347
2005	20.147
2005	19.909
2005	19.637
2005	16.164
2005	15.946
2005	15.541
2005	12.274
2005	12.234
2005	11.748
2005	11.748
2005	9.658
2005	9.375
2005	7.77
2005	7.77
2005	7.048
2005	6.578
2005	6.412
2005	6.342
2005	6.235
2005	5.834
2005	5.795
2005	4.847
2005	4.699
2005	4.418
2005	4.275
2005	4.275
2005	4.18
2005	4.18
2005	4.154
2005	4.062
2005	2.622
2005	2.173
2005	1.942
2005	1.942
2005	1.894
2005	1.128
2006	49300.986
2006	46832.224
2006	29888.757
2006	22553.689
2006	20978.977
2006	18136.207
2006	17033.051
2006	16252.538
2006	14569.717
2006	9381.828
2006	9323.804
2006	8174.747
2006	8162.574
2006	7321.67
2006	6668.037
2006	5200.153
2006	5160.929
2006	5131.247
2006	4778.006
2006	4195.924
2006	3780.925
2006	3658.437
2006	3633.67
2006	3572.552
2006	3042.651
2006	2983.114
2006	2850.209
2006	2846.187
2006	2724.176
2006	2617.85
2006	2610.175
2006	2607.315
2006	2343.866
2006	2334.891
2006	1873.363
2006	1849.949
2006	1737.484
2006	1726.764
2006	1682.231
2006	1423.298
2006	1409.768
2006	1298.528
2006	1262.672
2006	1252.588
2006	1223.13
2006	1220.926
2006	1184.562
2006	1134.698
2006	1128.404
2006	1104.838
2006	1054.25
2006	1039.466
2006	1016.067
2006	994.935
2006	861.768
2006	833.141
2006	808.983
2006	797.568
2006	745.53
2006	738.331
2006	713.901
2006	711.621
2006	672.955
2006	645.646
2006	637.872
2006	634.567
2006	620.691
2006	586.634
2006	582.788
2006	535.827
2006	534.379
2006	494.351
2006	490.667
2006	479.268
2006	466.865
2006	466.37
2006	449.753
2006	429.827
2006	419.329
2006	418.021
2006	415.97
2006	383.783
2006	374.855
2006	365.232
2006	345.05
2006	344.842
2006	342.851
2006	328.18
2006	321.522
2006	317.191
2006	305.047
2006	300.368
2006	289.254
2006	289.055
2006	273.935
2006	261.527
2006	260.141
2006	247.838
2006	246.796
2006	246.579
2006	244.442
2006	229.41
2006	228.369
2006	224.71
2006	216.624
2006	213.958
2006	209.828
2006	209.704
2006	207.308
2006	206.191
2006	198.819
2006	180.009
2006	174.882
2006	169.96
2006	159.323
2006	155.708
2006	150.086
2006	127.106
2006	126.238
2006	124.586
2006	124.138
2006	121.309
2006	119.832
2006	108.437
2006	100.397
2006	96.188
2006	82.028
2006	81.24
2006	80.412
2006	75.736
2006	71.877
2006	70.737
2006	66.534
2006	64.718
2006	64.375
2006	62.824
2006	61.578
2006	56.097
2006	55.219
2006	54.528
2006	52.414
2006	51.874
2006	51.691
2006	49.295
2006	46.735
2006	46.715
2006	46.599
2006	46.525
2006	43.002
2006	39.588
2006	36.674
2006	34.783
2006	33.521
2006	33.518
2006	24.476
2006	24.384
2006	23.496
2006	22.347
2006	20.756
2006	20.147
2006	19.909
2006	19.637
2006	16.164
2006	15.541
2006	12.757
2006	12.274
2006	12.234
2006	11.748
2006	11.748
2006	11.268
2006	9.375
2006	7.576
2006	7.048
2006	6.578
2006	6.412
2006	6.342
2006	6.235
2006	5.834
2006	5.827
2006	5.795
2006	4.847
2006	4.699
2006	4.531
2006	4.28
2006	4.275
2006	4.275
2006	4.18
2006	4.18
2006	4.062
2006	3.934
2006	2.525
2006	2.173
2006	1.942
2006	1.942
2006	1.128
2007	49300.986
2007	48675.868
2007	30912.723
2007	22608.205
2007	21135.232
2007	18136.207
2007	16864.754
2007	16252.538
2007	14569.717
2007	9512.131
2007	9323.804
2007	8602.097
2007	8129.778
2007	7309.447
2007	6668.037
2007	5537.87
2007	5225.3
2007	5131.247
2007	4727.203
2007	4220.138
2007	3780.925
2007	3633.67
2007	3572.552
2007	3563.285
2007	3511.488
2007	3087.09
2007	3048.999
2007	2880.405
2007	2671.9
2007	2664.597
2007	2631.214
2007	2599.076
2007	2434.015
2007	2334.891
2007	1994.1
2007	1923.319
2007	1737.484
2007	1726.764
2007	1682.231
2007	1469.662
2007	1409.768
2007	1298.528
2007	1281.282
2007	1256.736
2007	1227.123
2007	1219.259
2007	1184.562
2007	1134.698
2007	1128.404
2007	1122.025
2007	1088.741
2007	1039.466
2007	1009.179
2007	1003.676
2007	843.604
2007	838.822
2007	833.141
2007	802.298
2007	757.832
2007	757.669
2007	738.331
2007	720.744
2007	713.901
2007	659.915
2007	637.872
2007	634.567
2007	596.577
2007	589.396
2007	587.547
2007	582.788
2007	544.54
2007	534.379
2007	514.619
2007	494.351
2007	490.667
2007	478.933
2007	466.37
2007	441.999
2007	429.827
2007	419.329
2007	418.021
2007	409.502
2007	392.349
2007	374.855
2007	364.832
2007	348.866
2007	345.05
2007	338.445
2007	328.18
2007	317.191
2007	305.047
2007	300.368
2007	289.055
2007	286.241
2007	273.935
2007	271.095
2007	267.722
2007	260.141
2007	247.838
2007	246.796
2007	246.579
2007	246.364
2007	242.905
2007	224.71
2007	216.624
2007	213.958
2007	210.492
2007	207.308
2007	202.3
2007	198.819
2007	180.009
2007	178.769
2007	176.127
2007	169.96
2007	159.323
2007	157.281
2007	152.63
2007	140.968
2007	127.654
2007	127.106
2007	126.207
2007	125.76
2007	119.593
2007	112.865
2007	96.188
2007	93.226
2007	82.028
2007	81.24
2007	80.412
2007	75.736
2007	71.877
2007	66.534
2007	65.551
2007	64.718
2007	64.171
2007	61.248
2007	56.097
2007	55.247
2007	55.219
2007	54.528
2007	51.874
2007	51.691
2007	48.326
2007	47.419
2007	46.912
2007	46.735
2007	46.715
2007	46.599
2007	44.365
2007	39.588
2007	38.508
2007	34.783
2007	33.521
2007	33.518
2007	24.476
2007	24.384
2007	24.215
2007	23.496
2007	22.347
2007	20.147
2007	19.637
2007	19.113
2007	14.143
2007	13.598
2007	12.878
2007	12.757
2007	12.274
2007	12.234
2007	11.748
2007	11.748
2007	9.375
2007	7.576
2007	7.048
2007	7.048
2007	6.604
2007	6.412
2007	6.235
2007	5.834
2007	5.795
2007	5.016
2007	4.909
2007	4.847
2007	4.756
2007	4.699
2007	4.275
2007	4.275
2007	4.18
2007	4.142
2007	4.062
2007	3.934
2007	2.525
2007	2.173
2007	1.942
2007	1.942
2007	1.128
