1961	62494000
1961	33539000
1961	14294248
1961	10997000
1961	9573520
1961	8301200
1961	7713000
1961	7135000
1961	6727190
1961	5725000
1961	5076710
1961	3990300
1961	3814000
1961	3438000
1961	3174000
1961	2869120
1961	2792000
1961	2614000
1961	2279000
1961	2039600
1961	1935700
1961	1781000
1961	1666390
1961	1527870
1961	1435930
1961	1401910
1961	1030560
1961	871000
1961	857350
1961	839170
1961	787372
1961	757000
1961	720000
1961	711673
1961	685723
1961	650000
1961	544858
1961	482130
1961	469900
1961	465000
1961	460792
1961	434057
1961	429643
1961	371536
1961	316000
1961	253349
1961	172000
1961	153595
1961	142100
1961	138200
1961	135000
1961	125000
1961	109400
1961	98400
1961	97800
1961	85000
1961	78170
1961	68500
1961	65900
1961	57540
1961	45720
1961	45000
1961	34000
1961	32512
1961	29992
1961	27400
1961	26400
1961	24656
1961	20000
1961	16000
1961	8800
1961	7436
1961	7200
1961	6100
1961	5000
1961	4000
1961	3750
1961	2844
1961	2127
1961	1500
1961	1400
1961	1228
1961	1200
1961	1000
1961	807
1961	802
1961	608
1961	592
1961	400
1961	150
1961	100
1961	100
1962	66530000
1962	29718000
1962	16707100
1962	15393000
1962	14053800
1962	12072000
1962	9496900
1962	8580000
1962	8352910
1962	5906470
1962	5700000
1962	4819550
1962	4053800
1962	4026000
1962	3974000
1962	3514000
1962	2754740
1962	2700000
1962	2279000
1962	2089680
1962	1973140
1962	1722140
1962	1643800
1962	1631000
1962	1593100
1962	1507000
1962	1500000
1962	1455260
1962	1374180
1962	1085490
1962	969750
1962	906330
1962	888520
1962	706206
1962	705619
1962	705000
1962	655000
1962	645000
1962	643992
1962	640000
1962	603062
1962	452089
1962	439000
1962	421500
1962	419800
1962	288400
1962	213233
1962	164000
1962	162000
1962	152666
1962	146407
1962	138000
1962	111900
1962	108000
1962	87000
1962	84200
1962	75247
1962	67300
1962	66040
1962	55000
1962	51700
1962	40000
1962	39624
1962	35000
1962	33600
1962	32079
1962	28500
1962	20000
1962	20000
1962	17578
1962	16000
1962	14811
1962	7000
1962	6500
1962	6000
1962	5100
1962	3500
1962	2970
1962	2844
1962	1400
1962	1400
1962	1385
1962	1216
1962	1126
1962	934
1962	755
1962	622
1962	482
1962	400
1962	150
1962	100
1962	100
1963	46700000
1963	31211900
1963	19691000
1963	18493739
1963	10776000
1963	10249000
1963	10137000
1963	8940000
1963	8924460
1963	8126800
1963	6135980
1963	4865360
1963	4170000
1963	4143000
1963	3798800
1963	3067000
1963	3046000
1963	2468140
1963	1947000
1963	1894270
1963	1765620
1963	1702990
1963	1592850
1963	1589660
1963	1493000
1963	1440000
1963	1416930
1963	1189590
1963	1135610
1963	880000
1963	822179
1963	800000
1963	715500
1963	695500
1963	689528
1963	661000
1963	591964
1963	530320
1963	494060
1963	488254
1963	397000
1963	392363
1963	302700
1963	300600
1963	291000
1963	249188
1963	236540
1963	155500
1963	139000
1963	137578
1963	135000
1963	110400
1963	94000
1963	90000
1963	75800
1963	64008
1963	61763
1963	60000
1963	55000
1963	55000
1963	54700
1963	52600
1963	44704
1963	37000
1963	35609
1963	34100
1963	32435
1963	30940
1963	24514
1963	20000
1963	17700
1963	16000
1963	14000
1963	8800
1963	7400
1963	5200
1963	3000
1963	2953
1963	2892
1963	2700
1963	1869
1963	1744
1963	1500
1963	1105
1963	817
1963	717
1963	691
1963	600
1963	400
1963	178
1963	100
1963	95
1964	69935000
1964	34928000
1964	20859709
1964	16349000
1964	13837700
1964	11260000
1964	10037000
1964	9853000
1964	8585800
1964	8440000
1964	6551200
1964	4162000
1964	3981000
1964	3823700
1964	3793000
1964	3703000
1964	3042000
1964	2622580
1964	2230000
1964	2203070
1964	2142860
1964	2120540
1964	2088000
1964	1828890
1964	1499880
1964	1440000
1964	1244000
1964	1162460
1964	1158880
1964	1100000
1964	1064510
1964	1060000
1964	949813
1964	807013
1964	750534
1964	712060
1964	690000
1964	653800
1964	645816
1964	643004
1964	541454
1964	471856
1964	462500
1964	388400
1964	335200
1964	294702
1964	273990
1964	271600
1964	190000
1964	143150
1964	138500
1964	134700
1964	130000
1964	126500
1964	124208
1964	98000
1964	85000
1964	59500
1964	57000
1964	54168
1964	54000
1964	47200
1964	45720
1964	41500
1964	36765
1964	36100
1964	34544
1964	28000
1964	27099
1964	20200
1964	20000
1964	13000
1964	8000
1964	7400
1964	7000
1964	5300
1964	3865
1964	3084
1964	2770
1964	2700
1964	2000
1964	1500
1964	1200
1964	930
1964	600
1964	560
1964	400
1964	321
1964	300
1964	214
1964	100
1964	90
1965	56105000
1965	35805000
1965	25243492
1965	17674000
1965	14760000
1965	12257000
1965	9775900
1965	8630000
1965	7067060
1965	6149340
1965	6079000
1965	5937000
1965	4719000
1965	4590000
1965	4171000
1965	3647710
1965	3462000
1965	3338000
1965	2923010
1965	2453280
1965	2282000
1965	2150350
1965	2071990
1965	1991870
1965	1580000
1965	1325240
1965	1287000
1965	1272000
1965	1115830
1965	1044000
1965	1038000
1965	1005290
1965	910564
1965	800000
1965	704000
1965	692900
1965	660712
1965	656000
1965	619905
1965	612300
1965	585384
1965	563769
1965	500700
1965	352400
1965	291000
1965	277863
1965	250320
1965	232660
1965	184000
1965	172200
1965	150000
1965	147900
1965	146720
1965	126000
1965	119728
1965	110000
1965	91440
1965	88000
1965	71773
1965	61300
1965	56913
1965	56008
1965	55000
1965	55000
1965	50000
1965	44600
1965	34544
1965	33019
1965	27164
1965	20000
1965	20000
1965	11800
1965	10000
1965	8200
1965	7200
1965	5400
1965	3810
1965	3500
1965	3000
1965	2540
1965	2000
1965	1500
1965	1308
1965	700
1965	528
1965	507
1965	500
1965	480
1965	400
1965	214
1965	100
1965	100
1966	94469000
1966	35513900
1966	25308507
1966	22516800
1966	12699300
1966	11296600
1966	10394000
1966	9715000
1966	9399600
1966	6247000
1966	6053960
1966	5064700
1966	4881000
1966	4603000
1966	4380980
1966	3916000
1966	3556100
1966	3475650
1966	3193360
1966	2348680
1966	2247400
1966	2033000
1966	2020030
1966	1647370
1966	1465000
1966	1346410
1966	1150000
1966	1024000
1966	896906
1966	825955
1966	721700
1966	650000
1966	630051
1966	614657
1966	613222
1966	598000
1966	591030
1966	559000
1966	548000
1966	400474
1966	367800
1966	347700
1966	328760
1966	323549
1966	291778
1966	227000
1966	193000
1966	185300
1966	148750
1966	147000
1966	146084
1966	145002
1966	128400
1966	125000
1966	101150
1966	100600
1966	96277
1966	96000
1966	69992
1966	68976
1966	62727
1966	58000
1966	57788
1966	55880
1966	43900
1966	41000
1966	38270
1966	35600
1966	29642
1966	22000
1966	20000
1966	11000
1966	9160
1966	8878
1966	8230
1966	5600
1966	5200
1966	4145
1966	3300
1966	2337
1966	2000
1966	1700
1966	1427
1966	885
1966	681
1966	611
1966	600
1966	538
1966	450
1966	200
1966	100
1966	100
1966	81
1967	72774000
1967	41030800
1967	28508864
1967	16136900
1967	14287500
1967	11393000
1967	10110000
1967	9595600
1967	7830620
1967	7546690
1967	7320000
1967	5819600
1967	5654000
1967	4823000
1967	4334000
1967	3903810
1967	3857600
1967	3800000
1967	3254160
1967	3021630
1967	2515790
1967	2280000
1967	2122390
1967	1935920
1967	1506500
1967	1299000
1967	1265510
1967	1203500
1967	1130330
1967	1077000
1967	1049000
1967	1045400
1967	996900
1967	922910
1967	860000
1967	738900
1967	738587
1967	651300
1967	629301
1967	550000
1967	506800
1967	425600
1967	420312
1967	347760
1967	298000
1967	289000
1967	221600
1967	191000
1967	167200
1967	163261
1967	162200
1967	159000
1967	152180
1967	143776
1967	118149
1967	96520
1967	91000
1967	80000
1967	78543
1967	78446
1967	67690
1967	66790
1967	62221
1967	53900
1967	50000
1967	46300
1967	35099
1967	31555
1967	27000
1967	27000
1967	25100
1967	21000
1967	14051
1967	10583
1967	8624
1967	8400
1967	8000
1967	5800
1967	3956
1967	2217
1967	2000
1967	1700
1967	1555
1967	1329
1967	764
1967	600
1967	549
1967	450
1967	372
1967	300
1967	230
1967	199
1967	150
1968	87789000
1968	42365400
1968	27472118
1968	17689000
1968	16540100
1968	14984900
1968	14804100
1968	9655400
1968	9603000
1968	8575080
1968	6418000
1968	5740000
1968	5315000
1968	4847900
1968	4567000
1968	4400000
1968	4363000
1968	3470000
1968	3360550
1968	3153160
1968	2550000
1968	2549200
1968	2354000
1968	2080730
1968	1568000
1968	1537000
1968	1533790
1968	1526000
1968	1247000
1968	1219700
1968	1073550
1968	1044710
1968	1012000
1968	899885
1968	856170
1968	762911
1968	760000
1968	678971
1968	600000
1968	600000
1968	515500
1968	469790
1968	464851
1968	442334
1968	416100
1968	412300
1968	216300
1968	211345
1968	204957
1968	203184
1968	188000
1968	175000
1968	125000
1968	112912
1968	105000
1968	95090
1968	87535
1968	87000
1968	82910
1968	66040
1968	58900
1968	53780
1968	52041
1968	51149
1968	47673
1968	45000
1968	44000
1968	41000
1968	33140
1968	32000
1968	27000
1968	26222
1968	20000
1968	16365
1968	9800
1968	9202
1968	6000
1968	5500
1968	5000
1968	2806
1968	2000
1968	1850
1968	1352
1968	821
1968	630
1968	621
1968	600
1968	564
1968	453
1968	400
1968	230
1968	200
1968	86
1969	75122000
1969	39264000
1969	27294950
1969	18651600
1969	18267700
1969	14446000
1969	10593000
1969	10546200
1969	9584600
1969	7987160
1969	7020000
1969	6618000
1969	4882000
1969	4709700
1969	4626000
1969	4348790
1969	4100000
1969	3585390
1969	3364750
1969	3256650
1969	2568710
1969	2454000
1969	2326060
1969	1723590
1969	1469000
1969	1373690
1969	1326190
1969	1316000
1969	1277000
1969	1214200
1969	1183000
1969	1003520
1969	950279
1969	916530
1969	826494
1969	782000
1969	757900
1969	677181
1969	481400
1969	480000
1969	470099
1969	458642
1969	446882
1969	428455
1969	378900
1969	362800
1969	241600
1969	240177
1969	232780
1969	224023
1969	159332
1969	155800
1969	136703
1969	130000
1969	123200
1969	114000
1969	94099
1969	93500
1969	88700
1969	88000
1969	81280
1969	78421
1969	59696
1969	53200
1969	41000
1969	38938
1969	35940
1969	32956
1969	31376
1969	31208
1969	25846
1969	20000
1969	14145
1969	11111
1969	7700
1969	6200
1969	5200
1969	5000
1969	4387
1969	3420
1969	2000
1969	1850
1969	1750
1969	810
1969	700
1969	681
1969	671
1969	665
1969	486
1969	240
1969	220
1969	213
1969	87
1970	93750000
1970	36784000
1970	29188664
1970	20093300
1970	12649000
1970	10081000
1970	9688600
1970	9024250
1970	7889920
1970	7794040
1970	7294000
1970	4920000
1970	4607800
1970	4262000
1970	4237460
1970	4062000
1970	3792000
1970	3356000
1970	3173940
1970	3031720
1970	2722520
1970	2676450
1970	2081000
1970	1930740
1970	1844260
1970	1800500
1970	1519000
1970	1434550
1970	1396000
1970	1306900
1970	1236000
1970	962130
1970	810424
1970	808000
1970	762845
1970	643219
1970	624562
1970	564098
1970	519000
1970	512491
1970	473600
1970	409300
1970	388328
1970	381000
1970	347800
1970	287212
1970	264670
1970	250200
1970	226582
1970	221486
1970	218633
1970	130000
1970	125374
1970	125000
1970	115300
1970	104700
1970	88000
1970	81000
1970	57552
1970	57000
1970	54155
1970	54127
1970	53700
1970	44190
1970	43180
1970	43005
1970	38500
1970	36025
1970	33420
1970	33000
1970	27189
1970	19000
1970	11965
1970	11601
1970	9202
1970	7920
1970	6900
1970	6400
1970	5000
1970	3256
1970	2000
1970	2000
1970	1847
1970	1814
1970	1251
1970	700
1970	681
1970	510
1970	390
1970	360
1970	240
1970	106
1970	101
1970	100
1971	92834000
1971	44052800
1971	32577346
1971	23832500
1971	15241000
1971	14412300
1971	13594000
1971	9993900
1971	9631770
1971	8606000
1971	6475690
1971	5605000
1971	5595400
1971	5455700
1971	5449700
1971	5440000
1971	4816560
1971	3921940
1971	3878120
1971	3700000
1971	3094540
1971	2188100
1971	2011330
1971	1946000
1971	1915000
1971	1830850
1971	1732000
1971	1670000
1971	1367900
1971	1317390
1971	994930
1971	974281
1971	953936
1971	846276
1971	839500
1971	822300
1971	808510
1971	705799
1971	660000
1971	585206
1971	443400
1971	440300
1971	380200
1971	378000
1971	325646
1971	316400
1971	301599
1971	259431
1971	205743
1971	199500
1971	196465
1971	193360
1971	168079
1971	163000
1971	122225
1971	111800
1971	96520
1971	91000
1971	87184
1971	68493
1971	60000
1971	57903
1971	54800
1971	53200
1971	51700
1971	47100
1971	41908
1971	40971
1971	40099
1971	38031
1971	20000
1971	17726
1971	13600
1971	12782
1971	10431
1971	7000
1971	6600
1971	6500
1971	5110
1971	2383
1971	2000
1971	2000
1971	2000
1971	1235
1971	789
1971	700
1971	700
1971	665
1971	609
1971	500
1971	290
1971	200
1971	100
1971	20
1971	14
1972	80833000
1972	42081600
1972	35986546
1972	26409900
1972	17996000
1972	14514000
1972	12275000
1972	9351590
1972	9255000
1972	7900000
1972	6890850
1972	6590000
1972	6040800
1972	5146800
1972	4844000
1972	4781540
1972	4562500
1972	4546000
1972	4094570
1972	4016810
1972	3581630
1972	2625000
1972	2450000
1972	2160770
1972	1809020
1972	1808000
1972	1768000
1972	1746000
1972	1655850
1972	1618000
1972	1195140
1972	1130090
1972	985250
1972	982901
1972	965000
1972	876000
1972	863310
1972	673482
1972	620975
1972	592215
1972	461900
1972	409700
1972	388663
1972	301400
1972	285000
1972	283900
1972	270400
1972	223194
1972	211412
1972	186543
1972	169700
1972	164383
1972	148997
1972	124000
1972	120080
1972	115012
1972	88000
1972	87000
1972	82037
1972	81280
1972	69200
1972	63686
1972	53590
1972	50640
1972	46715
1972	45000
1972	41585
1972	38954
1972	26904
1972	24000
1972	20000
1972	17600
1972	15070
1972	11596
1972	9000
1972	8210
1972	6900
1972	6800
1972	4599
1972	2390
1972	2298
1972	2000
1972	2000
1972	1655
1972	1147
1972	855
1972	700
1972	700
1972	639
1972	500
1972	370
1972	200
1972	99
1972	50
1972	15
1973	103196000
1973	46560800
1973	35225921
1973	24734600
1973	17851000
1973	16159200
1973	11987000
1973	10080000
1973	9995660
1973	8811400
1973	7442570
1973	6560000
1973	5806500
1973	5489500
1973	5004540
1973	4751000
1973	4645800
1973	4600000
1973	4502390
1973	3967300
1973	3258150
1973	2700000
1973	2090850
1973	2031340
1973	1938110
1973	1871000
1973	1682000
1973	1574000
1973	1311930
1973	1158080
1973	1048960
1973	957000
1973	939152
1973	890000
1973	746684
1973	724577
1973	644800
1973	593462
1973	542247
1973	533200
1973	462000
1973	376111
1973	345100
1973	339600
1973	333000
1973	312494
1973	296844
1973	241500
1973	228900
1973	202300
1973	152000
1973	136284
1973	122635
1973	99746
1973	98000
1973	90963
1973	85000
1973	83921
1973	76070
1973	72400
1973	67327
1973	63719
1973	57000
1973	55138
1973	50420
1973	47104
1973	45189
1973	36000
1973	26695
1973	23000
1973	19833
1973	15000
1973	11527
1973	8000
1973	7000
1973	7000
1973	6900
1973	5122
1973	4064
1973	3000
1973	2380
1973	2098
1973	2000
1973	1431
1973	1324
1973	772
1973	700
1973	700
1973	682
1973	605
1973	517
1973	150
1973	100
1973	67
1973	17
1974	78878000
1974	48496700
1974	40865738
1974	21778000
1974	19007000
1974	13303500
1974	11357000
1974	11080000
1974	10914600
1974	9576700
1974	7628500
1974	6408400
1974	6283000
1974	6131590
1974	5970000
1974	5059080
1974	5006700
1974	4970810
1974	4700000
1974	4534600
1974	3034080
1974	2858530
1974	2788680
1974	2750000
1974	2153000
1974	1886000
1974	1853000
1974	1793100
1974	1629900
1974	1596000
1974	1339000
1974	1101760
1974	1091110
1974	1077990
1974	939050
1974	857000
1974	745883
1974	652800
1974	593100
1974	591572
1974	546295
1974	526499
1974	411400
1974	330000
1974	308389
1974	274000
1974	250200
1974	245000
1974	244465
1974	235000
1974	231700
1974	214582
1974	172332
1974	153385
1974	127364
1974	110929
1974	102000
1974	101984
1974	97383
1974	96520
1974	82000
1974	75560
1974	74198
1974	62460
1974	62095
1974	58800
1974	57000
1974	54989
1974	51106
1974	38682
1974	35245
1974	24654
1974	18000
1974	16985
1974	8000
1974	7200
1974	7200
1974	6000
1974	4098
1974	3400
1974	3000
1974	2793
1974	2000
1974	1780
1974	1650
1974	1284
1974	1134
1974	800
1974	627
1974	550
1974	544
1974	500
1974	150
1974	65
1974	20
1975	62250000
1975	57886400
1975	45313042
1975	24104400
1975	17080600
1975	15013000
1975	14830000
1975	11982000
1975	9749840
1975	9480000
1975	8570000
1975	7673440
1975	5507000
1975	5206500
1975	4860190
1975	4488000
1975	4403800
1975	4302900
1975	4202460
1975	4007320
1975	2996140
1975	2850000
1975	2798220
1975	2120000
1975	2033270
1975	1847790
1975	1792000
1975	1788180
1975	1574820
1975	1550060
1975	1454630
1975	1003070
1975	945188
1975	935000
1975	845400
1975	723572
1975	698900
1975	621500
1975	610815
1975	527793
1975	519381
1975	455662
1975	365700
1975	355500
1975	330815
1975	310000
1975	269000
1975	243300
1975	240700
1975	195000
1975	179874
1975	158059
1975	132038
1975	126324
1975	121083
1975	116714
1975	106000
1975	96933
1975	88134
1975	75134
1975	69000
1975	65000
1975	64647
1975	63570
1975	61750
1975	51819
1975	50016
1975	45382
1975	45337
1975	38900
1975	32512
1975	18000
1975	17872
1975	14000
1975	13000
1975	7400
1975	5173
1975	5000
1975	3500
1975	3487
1975	3000
1975	3000
1975	2337
1975	2303
1975	2000
1975	1800
1975	800
1975	635
1975	550
1975	532
1975	500
1975	442
1975	150
1975	72
1975	16
1976	91086000
1976	58481200
1976	50386224
1976	28846300
1976	23587200
1976	16577500
1976	16126000
1976	11800000
1976	11582000
1976	9416600
1976	9105800
1976	8690710
1976	6724200
1976	6044000
1976	5979300
1976	5744780
1976	5148100
1976	4806960
1976	4740000
1976	4436200
1976	3510840
1976	3363300
1976	3215750
1976	2936000
1976	2376000
1976	2248000
1976	2188940
1976	1960000
1976	1790110
1976	1764640
1976	1629690
1976	1302400
1976	1233520
1976	939250
1976	866470
1976	810000
1976	709585
1976	694137
1976	654100
1976	592557
1976	532490
1976	504938
1976	485000
1976	399600
1976	388178
1976	387007
1976	280000
1976	263000
1976	222400
1976	218174
1976	205500
1976	200274
1976	200000
1976	141433
1976	133101
1976	127497
1976	108000
1976	92540
1976	85674
1976	81621
1976	69815
1976	66654
1976	65268
1976	65000
1976	64000
1976	56556
1976	47864
1976	45300
1976	44640
1976	40000
1976	34544
1976	29251
1976	18000
1976	13000
1976	12000
1976	7600
1976	6000
1976	5600
1976	3948
1976	3600
1976	3106
1976	3008
1976	3000
1976	2000
1976	2000
1976	1000
1976	919
1976	800
1976	570
1976	560
1976	500
1976	370
1976	260
1976	250
1976	194
1976	50
1976	28
1977	86668000
1977	55671100
1977	41076287
1977	29009900
1977	19858200
1977	17450000
1977	16720000
1977	10149100
1977	9370340
1977	9143870
1977	6435000
1977	6238300
1977	5653100
1977	5595100
1977	5517200
1977	5319050
1977	5308270
1977	5274160
1977	5213630
1977	4064100
1977	3384210
1977	2652000
1977	2455770
1977	2066040
1977	1879000
1977	1766520
1977	1697000
1977	1522330
1977	1287600
1977	1219320
1977	1217210
1977	1071850
1977	827123
1977	795361
1977	750000
1977	695700
1977	661173
1977	605645
1977	605210
1977	490000
1977	361853
1977	354035
1977	323300
1977	318000
1977	294900
1977	289000
1977	259456
1977	250000
1977	236400
1977	229477
1977	220000
1977	178160
1977	173235
1977	164540
1977	124610
1977	115385
1977	115000
1977	88332
1977	77998
1977	76393
1977	62485
1977	61381
1977	55752
1977	55610
1977	55000
1977	50000
1977	48117
1977	44661
1977	39800
1977	29400
1977	28261
1977	23368
1977	20000
1977	13000
1977	10000
1977	7800
1977	6000
1977	5324
1977	4000
1977	3692
1977	3500
1977	3454
1977	2000
1977	2000
1977	1900
1977	1300
1977	800
1977	787
1977	600
1977	558
1977	500
1977	500
1977	483
1977	407
1977	300
1977	54
1977	54
1977	14
1978	113552000
1978	53842395
1978	48322700
1978	31749200
1978	21136800
1978	20967700
1978	18090000
1978	16764000
1978	11265100
1978	9190500
1978	8469400
1978	8367200
1978	6610000
1978	6102000
1978	6029400
1978	5677260
1978	5660000
1978	5600590
1978	5355000
1978	4806100
1978	3466220
1978	2813000
1978	2784660
1978	2704450
1978	2690890
1978	1933000
1978	1876450
1978	1692000
1978	1650700
1978	1290060
1978	1194810
1978	1083020
1978	1021690
1978	909800
1978	892620
1978	792250
1978	750000
1978	642428
1978	490000
1978	428910
1978	411270
1978	407800
1978	366700
1978	347997
1978	328756
1978	312000
1978	279000
1978	254700
1978	253000
1978	240600
1978	203052
1978	175121
1978	174269
1978	167000
1978	119928
1978	111000
1978	104401
1978	99295
1978	93692
1978	79806
1978	70000
1978	59616
1978	59000
1978	57906
1978	56590
1978	53320
1978	45000
1978	37801
1978	37700
1978	35705
1978	28904
1978	20320
1978	20000
1978	13900
1978	10000
1978	8000
1978	5341
1978	5000
1978	3657
1978	3600
1978	3000
1978	2983
1978	2742
1978	2062
1978	2000
1978	1300
1978	1000
1978	1000
1978	800
1978	600
1978	571
1978	500
1978	420
1978	275
1978	242
1978	180
1978	105
1978	60
1979	84886000
1979	62732521
1979	58080600
1979	35507800
1979	19544000
1979	17569000
1979	17196000
1979	16188000
1979	11177100
1979	9950000
1979	8980300
1979	8317800
1979	7168000
1979	6025150
1979	4569000
1979	4512400
1979	4187390
1979	4082300
1979	3736130
1979	3708870
1979	3354760
1979	2926760
1979	2663000
1979	2407000
1979	2286530
1979	2087000
1979	1856000
1979	1796000
1979	1319960
1979	1080440
1979	1014500
1979	1003050
1979	995140
1979	849921
1979	835600
1979	684800
1979	680000
1979	589886
1979	541300
1979	494031
1979	491400
1979	490530
1979	435281
1979	422800
1979	415230
1979	295028
1979	252160
1979	252000
1979	240000
1979	208400
1979	207268
1979	165000
1979	161963
1979	150426
1979	133200
1979	115000
1979	110000
1979	102060
1979	88000
1979	87000
1979	67755
1979	67001
1979	58253
1979	56764
1979	41980
1979	41970
1979	41640
1979	40000
1979	33629
1979	31248
1979	22000
1979	16465
1979	13208
1979	8200
1979	8000
1979	6528
1979	6000
1979	5000
1979	4600
1979	3345
1979	2976
1979	2900
1979	2523
1979	2000
1979	1548
1979	1300
1979	1000
1979	980
1979	785
1979	700
1979	600
1979	500
1979	415
1979	200
1979	150
1979	147
1979	120
1979	70
1980	92500000
1980	64799500
1980	55212839
1980	31830000
1980	23781000
1980	19292000
1980	16554000
1980	11253900
1980	10856500
1980	10856000
1980	9156000
1980	8470000
1980	7974700
1980	6264000
1980	6077330
1980	6039500
1980	5849800
1980	5386000
1980	5091000
1980	4175490
1980	3846570
1980	2970000
1980	2784910
1980	2701610
1980	2550000
1980	2225800
1980	1811000
1980	1736440
1980	1511430
1980	1472000
1980	1200600
1980	1193320
1980	975600
1980	966000
1980	906472
1980	882174
1980	869000
1980	822706
1980	652372
1980	582800
1980	537446
1980	495900
1980	439990
1980	432775
1980	394400
1980	356700
1980	306577
1980	305768
1980	272000
1980	253200
1980	231000
1980	229800
1980	215674
1980	191234
1980	141732
1980	140500
1980	133535
1980	99000
1980	91957
1980	90852
1980	90000
1980	83679
1980	77148
1980	73000
1980	65000
1980	60140
1980	58128
1980	45690
1980	31113
1980	28194
1980	24000
1980	20000
1980	17000
1980	13208
1980	9765
1980	8500
1980	7000
1980	6000
1980	5600
1980	4352
1980	3100
1980	3000
1980	2175
1980	2000
1980	1518
1980	1500
1980	1300
1980	1000
1980	906
1980	700
1980	600
1980	500
1980	437
1980	359
1980	323
1980	250
1980	210
1980	127
1981	76650000
1981	75806300
1981	59642710
1981	36312600
1981	24802000
1981	23762000
1981	17050000
1981	16360000
1981	11474600
1981	11254900
1981	8830300
1981	8710000
1981	8369600
1981	5652850
1981	5281000
1981	4613860
1981	4442760
1981	4324780
1981	4270000
1981	4203260
1981	3408500
1981	3193230
1981	2932000
1981	2470000
1981	2356000
1981	2209630
1981	2086950
1981	1938330
1981	1218380
1981	1092510
1981	1066310
1981	1025010
1981	963000
1981	925978
1981	902000
1981	892000
1981	882055
1981	834765
1981	685970
1981	613227
1981	587400
1981	488700
1981	477190
1981	408600
1981	387768
1981	325723
1981	318631
1981	295500
1981	286000
1981	235000
1981	218000
1981	215000
1981	214400
1981	187231
1981	183516
1981	123110
1981	116763
1981	116678
1981	114000
1981	98895
1981	95000
1981	84581
1981	66620
1981	62300
1981	57700
1981	57128
1981	55300
1981	50613
1981	41431
1981	26000
1981	22000
1981	16993
1981	11835
1981	10668
1981	10000
1981	9300
1981	8000
1981	7000
1981	6000
1981	5600
1981	4845
1981	3100
1981	2000
1981	2000
1981	1700
1981	1518
1981	1300
1981	1042
1981	1000
1981	757
1981	700
1981	688
1981	420
1981	359
1981	300
1981	300
1981	260
1981	130
1982	79757000
1982	75251300
1982	68472314
1982	37451800
1982	26715000
1982	25358000
1982	17542000
1982	15097700
1982	11370900
1982	11304200
1982	10320000
1982	8968300
1982	8875570
1982	6660070
1982	6122000
1982	5761860
1982	5218200
1982	4912580
1982	4606330
1982	4475710
1982	4410300
1982	4391420
1982	3039000
1982	2444000
1982	2391000
1982	2183400
1982	2016990
1982	1826950
1982	1556440
1982	1490410
1982	1236360
1982	1206970
1982	1062750
1982	977070
1982	967389
1982	967300
1982	965100
1982	916000
1982	741800
1982	706597
1982	650000
1982	525930
1982	524000
1982	440100
1982	435400
1982	434200
1982	427530
1982	416735
1982	400000
1982	363144
1982	292052
1982	247500
1982	191880
1982	188000
1982	147000
1982	142000
1982	139071
1982	123913
1982	121000
1982	102711
1982	82384
1982	75500
1982	70700
1982	66000
1982	65812
1982	58000
1982	52250
1982	48600
1982	38538
1982	26000
1982	23000
1982	14462
1982	14130
1982	10160
1982	10000
1982	10000
1982	8000
1982	7814
1982	6000
1982	5000
1982	4900
1982	3200
1982	2500
1982	2370
1982	2200
1982	1780
1982	1500
1982	1300
1982	1141
1982	1000
1982	900
1982	700
1982	700
1982	580
1982	347
1982	310
1982	300
1982	255
1983	81391570
1983	73748000
1983	65857900
1983	42793900
1983	26465000
1983	24745000
1983	22016000
1983	16437000
1983	13111400
1983	12548200
1983	12414400
1983	10800000
1983	8717400
1983	5985100
1983	5956160
1983	5819980
1983	5525000
1983	5165080
1983	4935000
1983	4267900
1983	3608420
1983	3463300
1983	2306000
1983	2236700
1983	2059000
1983	1996000
1983	1970200
1983	1784000
1983	1721250
1983	1611990
1983	1547850
1983	1417370
1983	1095370
1983	1062000
1983	1042910
1983	916614
1983	841000
1983	817497
1983	789786
1983	695300
1983	656630
1983	647600
1983	618000
1983	585950
1983	583000
1983	549500
1983	445600
1983	418723
1983	387000
1983	335000
1983	329411
1983	300825
1983	253000
1983	209737
1983	176000
1983	130041
1983	124250
1983	124000
1983	111637
1983	102138
1983	100800
1983	96800
1983	83720
1983	77800
1983	74000
1983	69600
1983	50162
1983	45647
1983	26914
1983	26000
1983	20000
1983	14810
1983	12000
1983	11000
1983	10936
1983	10000
1983	9100
1983	7738
1983	6000
1983	6000
1983	4000
1983	3400
1983	3300
1983	3000
1983	2500
1983	1500
1983	1300
1983	1276
1983	1141
1983	1000
1983	700
1983	650
1983	400
1983	381
1983	320
1983	303
1983	300
1983	158
1984	87817360
1984	70618000
1984	64960000
1984	45476000
1984	32977000
1984	21187900
1984	18666000
1984	17235000
1984	14970000
1984	14126000
1984	13678600
1984	10881900
1984	10057300
1984	7391960
1984	7388000
1984	6206680
1984	6170310
1984	6052300
1984	6010200
1984	5595000
1984	4835580
1984	4505250
1984	2445880
1984	2346000
1984	2316000
1984	2194000
1984	1989480
1984	1983160
1984	1815180
1984	1775700
1984	1501000
1984	1401640
1984	1329990
1984	1211130
1984	1131330
1984	1067600
1984	988280
1984	886469
1984	740500
1984	711330
1984	666052
1984	633700
1984	602000
1984	600000
1984	596800
1984	478300
1984	470900
1984	467860
1984	460400
1984	348861
1984	314556
1984	213557
1984	183634
1984	170400
1984	157000
1984	144590
1984	132000
1984	130000
1984	120764
1984	99000
1984	90700
1984	87442
1984	83000
1984	78490
1984	59300
1984	52252
1984	49716
1984	27000
1984	25172
1984	18000
1984	17237
1984	17127
1984	13221
1984	12071
1984	9000
1984	8330
1984	8000
1984	7000
1984	6000
1984	5000
1984	3500
1984	3400
1984	3070
1984	3000
1984	1644
1984	1536
1984	1500
1984	1300
1984	1248
1984	1141
1984	1000
1984	650
1984	500
1984	300
1984	291
1984	270
1984	244
1984	173
1985	85807125
1985	73200000
1985	65975000
1985	44068800
1985	28784000
1985	24252000
1985	17032000
1985	15999000
1985	13801500
1985	12046000
1985	11703000
1985	8742800
1985	8460700
1985	6630520
1985	6578350
1985	6460790
1985	6023010
1985	5532000
1985	5328690
1985	5214320
1985	4858540
1985	4320270
1985	3067510
1985	2358000
1985	2134930
1985	2081000
1985	1972170
1985	1872000
1985	1807000
1985	1713870
1985	1693000
1985	1562780
1985	1478020
1985	1463630
1985	1405500
1985	1380000
1985	1338000
1985	1215490
1985	1164690
1985	874200
1985	851034
1985	688500
1985	675620
1985	603000
1985	549300
1985	533720
1985	495000
1985	472100
1985	397267
1985	309591
1985	250735
1985	246143
1985	207200
1985	206272
1985	201090
1985	169900
1985	149000
1985	127700
1985	127000
1985	113000
1985	92303
1985	79000
1985	76100
1985	74333
1985	73000
1985	72000
1985	62827
1985	53800
1985	22500
1985	18464
1985	18434
1985	17156
1985	11000
1985	10517
1985	9000
1985	8000
1985	8000
1985	6900
1985	5300
1985	5000
1985	5000
1985	5000
1985	4000
1985	3400
1985	3000
1985	1444
1985	1300
1985	1300
1985	1300
1985	1000
1985	787
1985	600
1985	500
1985	367
1985	359
1985	314
1985	300
1985	251
1985	140
1985	5
1986	90043693
1986	86573000
1986	56897000
1986	47051800
1986	31378000
1986	26474800
1986	19032000
1986	16119000
1986	14601300
1986	13923000
1986	13911000
1986	9102100
1986	8756500
1986	7556390
1986	7501700
1986	6278000
1986	5793020
1986	5638470
1986	5305010
1986	4776210
1986	4769410
1986	4392000
1986	4326580
1986	3809100
1986	2389000
1986	2333000
1986	2290000
1986	2177230
1986	1969000
1986	1928000
1986	1925000
1986	1730510
1986	1625810
1986	1414600
1986	1324310
1986	1228800
1986	1041830
1986	1036000
1986	940129
1986	875700
1986	775257
1986	663700
1986	630000
1986	598000
1986	576000
1986	529100
1986	501894
1986	491700
1986	424000
1986	379700
1986	258840
1986	248346
1986	241543
1986	231730
1986	199000
1986	190000
1986	189934
1986	168500
1986	158500
1986	143000
1986	132000
1986	121143
1986	95462
1986	81700
1986	81200
1986	71640
1986	52744
1986	33006
1986	30842
1986	30000
1986	17998
1986	11009
1986	11000
1986	8333
1986	8260
1986	8000
1986	8000
1986	6500
1986	5922
1986	5504
1986	5000
1986	5000
1986	4545
1986	2400
1986	1300
1986	1300
1986	1287
1986	1175
1986	1013
1986	1000
1986	640
1986	600
1986	572
1986	563
1986	500
1986	400
1986	297
1986	289
1986	210
1986	130
1986	7
1987	85904702
1987	77331000
1987	57361800
1987	44322900
1987	27414600
1987	25945000
1987	18932000
1987	13971200
1987	12287000
1987	12015900
1987	11940000
1987	9381000
1987	9101200
1987	7941550
1987	7601280
1987	6632000
1987	6154230
1987	6099110
1987	5791000
1987	5747760
1987	5345000
1987	4415390
1987	4148650
1987	3154000
1987	2721000
1987	2648770
1987	2427360
1987	2314000
1987	2300000
1987	2284720
1987	1874120
1987	1656350
1987	1557800
1987	1450730
1987	1359900
1987	1174800
1987	1114690
1987	1090990
1987	863700
1987	780210
1987	768850
1987	722200
1987	701040
1987	593000
1987	543332
1987	534224
1987	461500
1987	402000
1987	336823
1987	307824
1987	298000
1987	281100
1987	270528
1987	249000
1987	233645
1987	214548
1987	191755
1987	172000
1987	157000
1987	139000
1987	133000
1987	130690
1987	112527
1987	79806
1987	76655
1987	74200
1987	72000
1987	49218
1987	45418
1987	31368
1987	27668
1987	18547
1987	13500
1987	10000
1987	8200
1987	8000
1987	6740
1987	6510
1987	6000
1987	4960
1987	4800
1987	3734
1987	3000
1987	2400
1987	1669
1987	1425
1987	1370
1987	1300
1987	1071
1987	1000
1987	874
1987	650
1987	520
1987	400
1987	400
1987	369
1987	337
1987	306
1987	240
1987	206
1987	15
1988	85432957
1988	78826000
1988	49320000
1988	46169400
1988	29038500
1988	20523000
1988	15913000
1988	15620700
1988	13935000
1988	12675100
1988	11720000
1988	8596900
1988	8528000
1988	7951900
1988	7582140
1988	7260230
1988	7025780
1988	6547080
1988	6514100
1988	6300470
1988	5745670
1988	4743130
1988	4019340
1988	3665130
1988	3620000
1988	3267390
1988	2838000
1988	2514000
1988	2080440
1988	2067140
1988	1900000
1988	1734200
1988	1559990
1988	1319640
1988	1295500
1988	1048020
1988	1021000
1988	929200
1988	827139
1988	778763
1988	744600
1988	672187
1988	637000
1988	614420
1988	564500
1988	455000
1988	452006
1988	413575
1988	405818
1988	360000
1988	284600
1988	256910
1988	244525
1988	211000
1988	205984
1988	181000
1988	161011
1988	156866
1988	152804
1988	148300
1988	142452
1988	128000
1988	78773
1988	76000
1988	62650
1988	62500
1988	51490
1988	50000
1988	49895
1988	37123
1988	34198
1988	19237
1988	13000
1988	13000
1988	8300
1988	8100
1988	6590
1988	5000
1988	4700
1988	4609
1988	4100
1988	2473
1988	2450
1988	2400
1988	2000
1988	1869
1988	1370
1988	1300
1988	1115
1988	1000
1988	1000
1988	700
1988	680
1988	544
1988	530
1988	400
1988	330
1988	319
1988	163
1988	66
1988	23
1989	90810039
1989	87162000
1989	55428000
1989	54110200
1989	31822300
1989	24796200
1989	16221000
1989	14509100
1989	14419200
1989	14214500
1989	14033000
1989	10055700
1989	8461620
1989	7840000
1989	7412900
1989	6539520
1989	6356070
1989	6010020
1989	5598580
1989	5555180
1989	5468200
1989	5425030
1989	4374740
1989	3926960
1989	3452430
1989	3224150
1989	3182000
1989	2762000
1989	2010000
1989	1800000
1989	1765530
1989	1750800
1989	1476990
1989	1362950
1989	1152100
1989	1046770
1989	1021950
1989	1020000
1989	984500
1989	830050
1989	799936
1989	686900
1989	649000
1989	618000
1989	613000
1989	542378
1989	507000
1989	491400
1989	459000
1989	420000
1989	372916
1989	283835
1989	247000
1989	243000
1989	201700
1989	185000
1989	162572
1989	159305
1989	139600
1989	134994
1989	130138
1989	129000
1989	97000
1989	79700
1989	60794
1989	60000
1989	56438
1989	54520
1989	46610
1989	44225
1989	29698
1989	25634
1989	10761
1989	10400
1989	8300
1989	8000
1989	6670
1989	5000
1989	4875
1989	4380
1989	4100
1989	3000
1989	2400
1989	2400
1989	1710
1989	1481
1989	1400
1989	1300
1989	1201
1989	1121
1989	1000
1989	900
1989	700
1989	540
1989	450
1989	400
1989	354
1989	302
1989	226
1989	105
1989	79
1990	101888000
1990	98231932
1990	74294000
1990	49849500
1990	33345800
1990	32098000
1990	20022000
1990	15241900
1990	15066100
1990	14315500
1990	14033000
1990	11036600
1990	9025760
1990	8108500
1990	8011680
1990	7289340
1990	6706870
1990	6358600
1990	6198260
1990	5292230
1990	4773500
1990	4268050
1990	3953410
1990	3930930
1990	3613890
1990	3580340
1990	3093790
1990	2242900
1990	2070000
1990	1939000
1990	1718210
1990	1709000
1990	1650000
1990	1404470
1990	1339520
1990	1195800
1990	1122000
1990	1076000
1990	951500
1990	890000
1990	854960
1990	798757
1990	750080
1990	626900
1990	613000
1990	598000
1990	596200
1990	562600
1990	417400
1990	409000
1990	325983
1990	297691
1990	291200
1990	259337
1990	249411
1990	223606
1990	188042
1990	154937
1990	128760
1990	124167
1990	116000
1990	106000
1990	104800
1990	88487
1990	82870
1990	55011
1990	54480
1990	52000
1990	50000
1990	33162
1990	32033
1990	29907
1990	13000
1990	11000
1990	10400
1990	8600
1990	6862
1990	6750
1990	5000
1990	5000
1990	4900
1990	4425
1990	4000
1990	2877
1990	2500
1990	2100
1990	2066
1990	1639
1990	1435
1990	1190
1990	1000
1990	925
1990	889
1990	750
1990	637
1990	560
1990	458
1990	381
1990	310
1990	150
1990	50
1991	95953581
1991	71991000
1991	55134500
1991	53890000
1991	34344600
1991	31945600
1991	20418500
1991	16612000
1991	14565000
1991	14363000
1991	10557400
1991	9998500
1991	9415660
1991	9269970
1991	8792670
1991	6599700
1991	6205390
1991	6007890
1991	5473160
1991	5467700
1991	4938920
1991	4497050
1991	4482520
1991	4060740
1991	4035500
1991	3669850
1991	3162000
1991	2916820
1991	2142000
1991	2140000
1991	1869400
1991	1786100
1991	1726000
1991	1588680
1991	1480900
1991	1476400
1991	1438010
1991	1375250
1991	1004290
1991	944146
1991	835970
1991	785878
1991	759000
1991	686000
1991	673000
1991	618697
1991	601500
1991	538200
1991	430500
1991	328406
1991	297340
1991	264457
1991	259213
1991	246298
1991	188300
1991	180690
1991	180000
1991	135000
1991	130000
1991	123446
1991	108733
1991	99913
1991	93900
1991	87275
1991	84000
1991	65236
1991	61844
1991	60000
1991	58594
1991	24614
1991	22680
1991	14800
1991	11421
1991	9000
1991	9000
1991	8800
1991	6844
1991	6830
1991	5900
1991	5600
1991	5100
1991	5000
1991	3421
1991	3000
1991	2560
1991	2540
1991	2466
1991	1500
1991	1200
1991	877
1991	760
1991	660
1991	600
1991	551
1991	464
1991	419
1991	400
1991	310
1991	308
1991	242
1991	3
1992	101591326
1992	67136000
1992	55689500
1992	46166700
1992	32545900
1992	29877200
1992	19507400
1992	19318000
1992	18285000
1992	15684200
1992	15541700
1992	14738700
1992	14095000
1992	10178700
1992	9995900
1992	8938420
1992	7368100
1992	5110300
1992	4618000
1992	4357510
1992	4123660
1992	3620500
1992	3583010
1992	3453110
1992	3442560
1992	3206380
1992	3046000
1992	2795600
1992	2288000
1992	2101000
1992	1836750
1992	1650000
1992	1584100
1992	1562160
1992	1556590
1992	1410680
1992	1406300
1992	1325400
1992	1324000
1992	1065050
1992	1016790
1992	1006000
1992	964000
1992	943300
1992	925764
1992	838000
1992	833800
1992	798467
1992	761960
1992	758700
1992	713000
1992	679000
1992	658019
1992	545800
1992	453200
1992	425421
1992	377000
1992	361936
1992	342300
1992	340000
1992	332400
1992	330000
1992	299522
1992	297000
1992	254100
1992	251862
1992	212300
1992	192549
1992	191039
1992	191000
1992	166400
1992	152705
1992	152170
1992	143315
1992	141483
1992	125000
1992	123000
1992	95727
1992	93787
1992	89400
1992	75435
1992	75219
1992	64000
1992	61580
1992	57000
1992	54490
1992	40000
1992	23997
1992	22680
1992	12600
1992	11854
1992	10500
1992	10000
1992	9230
1992	8900
1992	8800
1992	7328
1992	5500
1992	5000
1992	3179
1992	3116
1992	2800
1992	2400
1992	2000
1992	1256
1992	1250
1992	800
1992	651
1992	613
1992	580
1992	552
1992	520
1992	509
1992	500
1992	310
1992	300
1992	223
1992	157
1992	24
1993	106394921
1993	65222000
1993	57210100
1993	43546600
1993	29209000
1993	27255900
1993	21831000
1993	21016000
1993	16479000
1993	16156500
1993	15766500
1993	12890000
1993	11585000
1993	10732300
1993	9736500
1993	8242690
1993	8169800
1993	5314100
1993	4972970
1993	4832600
1993	4334000
1993	3626490
1993	3618220
1993	3582450
1993	3429980
1993	3304270
1993	3048750
1993	3020660
1993	2197350
1993	2078000
1993	1983770
1993	1940000
1993	1746200
1993	1573020
1993	1528510
1993	1511630
1993	1412600
1993	1392610
1993	1323600
1993	1187000
1993	1175630
1993	1035000
1993	1018010
1993	1016500
1993	895520
1993	890600
1993	886921
1993	876000
1993	841000
1993	830700
1993	765000
1993	637800
1993	591300
1993	539000
1993	509000
1993	464498
1993	453000
1993	450200
1993	421926
1993	378918
1993	375679
1993	358500
1993	354000
1993	343900
1993	338300
1993	330000
1993	277000
1993	249789
1993	219400
1993	217900
1993	217000
1993	212776
1993	170600
1993	159707
1993	145129
1993	142856
1993	138543
1993	126000
1993	125595
1993	123000
1993	114000
1993	105600
1993	96303
1993	76800
1993	69286
1993	59000
1993	55000
1993	32600
1993	25528
1993	24267
1993	11700
1993	9730
1993	9000
1993	8700
1993	8127
1993	8000
1993	7000
1993	5800
1993	5700
1993	5400
1993	4800
1993	4000
1993	3000
1993	2530
1993	2210
1993	2006
1993	1483
1993	1300
1993	1014
1993	925
1993	805
1993	765
1993	740
1993	633
1993	468
1993	400
1993	330
1993	310
1993	270
1993	201
1993	30
1994	99301440
1994	63168000
1994	59840000
1994	32128600
1994	30500000
1994	22919500
1994	17514000
1994	16538600
1994	15213000
1994	13856600
1994	13316000
1994	11406500
1994	10869600
1994	9052000
1994	8961000
1994	8251400
1994	7658460
1994	6135300
1994	5523210
1994	4873750
1994	4437060
1994	4302340
1994	4150920
1994	3754310
1994	3725190
1994	3713480
1994	3702990
1994	3249200
1994	2646020
1994	2470000
1994	2144630
1994	2096260
1994	2050000
1994	1840380
1994	1553830
1994	1362000
1994	1344700
1994	1342000
1994	1271200
1994	1255120
1994	1131000
1994	981000
1994	898892
1994	802747
1994	750330
1994	739200
1994	713964
1994	675000
1994	658780
1994	608400
1994	583700
1994	572000
1994	564800
1994	549400
1994	502600
1994	486900
1994	475000
1994	462624
1994	420000
1994	337400
1994	336133
1994	321900
1994	313000
1994	297000
1994	288000
1994	280160
1994	241900
1994	230000
1994	208617
1994	199400
1994	171033
1994	155343
1994	152900
1994	149000
1994	127035
1994	125000
1994	120000
1994	108599
1994	105183
1994	103230
1994	89400
1994	82323
1994	60944
1994	59000
1994	57400
1994	57091
1994	52675
1994	35200
1994	26004
1994	19836
1994	13520
1994	11955
1994	10250
1994	10000
1994	9000
1994	8000
1994	7942
1994	6300
1994	6000
1994	4000
1994	3200
1994	3000
1994	2932
1994	2650
1994	2522
1994	2352
1994	2156
1994	1325
1994	1052
1994	1000
1994	1000
1994	850
1994	700
1994	500
1994	491
1994	489
1994	310
1994	208
1994	144
1994	143
1994	43
1995	102211429
1995	65767400
1995	59404000
1995	30880000
1995	30118700
1995	24989400
1995	18015000
1995	17763000
1995	17002400
1995	16504000
1995	16273300
1995	14312000
1995	11227500
1995	9542320
1995	8668040
1995	7946080
1995	7666540
1995	6490000
1995	5722440
1995	4614200
1995	4598500
1995	4184140
1995	3822770
1995	3468220
1995	3435250
1995	3138700
1995	2949000
1995	2347000
1995	2314840
1995	2000000
1995	1977250
1995	1937940
1995	1647960
1995	1553800
1995	1533870
1995	1531400
1995	1499920
1995	1383860
1995	1303920
1995	1277500
1995	1244990
1995	1236000
1995	1167000
1995	1090710
1995	1083680
1995	914000
1995	876507
1995	695000
1995	637300
1995	631100
1995	625600
1995	625000
1995	583000
1995	543435
1995	530800
1995	448000
1995	443600
1995	438800
1995	405342
1995	392900
1995	381226
1995	379500
1995	360094
1995	312644
1995	312162
1995	256700
1995	245173
1995	243700
1995	242000
1995	238750
1995	170929
1995	170000
1995	155575
1995	153800
1995	125048
1995	125000
1995	122805
1995	117000
1995	89101
1995	77101
1995	76500
1995	75300
1995	74126
1995	70000
1995	60005
1995	58457
1995	43600
1995	38019
1995	26003
1995	19763
1995	14000
1995	13000
1995	11000
1995	10818
1995	10603
1995	10262
1995	9605
1995	9000
1995	8928
1995	6400
1995	6300
1995	6150
1995	6000
1995	5622
1995	5000
1995	2658
1995	2642
1995	1572
1995	1350
1995	972
1995	900
1995	900
1995	701
1995	639
1995	570
1995	526
1995	517
1995	450
1995	147
1995	98
1995	37
1996	110569193
1996	62097400
1996	61982000
1996	35948900
1996	34916700
1996	29801400
1996	23702000
1996	18921700
1996	18515000
1996	16907400
1996	16106700
1996	16100000
1996	13547100
1996	10015200
1996	8575950
1996	7987240
1996	7678070
1996	6040500
1996	5915790
1996	5735370
1996	4757740
1996	4080360
1996	3911820
1996	3727200
1996	3375010
1996	3292760
1996	3143820
1996	2982600
1996	2741800
1996	2711990
1996	2300000
1996	2086000
1996	2030000
1996	2017650
1996	1908530
1996	1802110
1996	1713060
1996	1507100
1996	1369130
1996	1300000
1996	1268900
1996	1239720
1996	1227150
1996	1200000
1996	1162310
1996	1012930
1996	964100
1996	936200
1996	784160
1996	771000
1996	758861
1996	741235
1996	678800
1996	649700
1996	600300
1996	527000
1996	478100
1996	459300
1996	453100
1996	406071
1996	400189
1996	357500
1996	315000
1996	277000
1996	271150
1996	269303
1996	266309
1996	263134
1996	239000
1996	215282
1996	201400
1996	185000
1996	165700
1996	146152
1996	144926
1996	137120
1996	124000
1996	107400
1996	101249
1996	100000
1996	98820
1996	83600
1996	77950
1996	64623
1996	58342
1996	57595
1996	47000
1996	42678
1996	31300
1996	30872
1996	27600
1996	23690
1996	17000
1996	13000
1996	10923
1996	10255
1996	9054
1996	9000
1996	7857
1996	6814
1996	5700
1996	4794
1996	4200
1996	4000
1996	3159
1996	3134
1996	3000
1996	2650
1996	2315
1996	1380
1996	1240
1996	917
1996	710
1996	692
1996	601
1996	556
1996	517
1996	400
1996	300
1996	135
1996	97
1996	7
1997	123290085
1997	69350200
1997	67536000
1997	44257700
1997	33847000
1997	24280300
1997	19826800
1997	19224000
1997	18663400
1997	18403900
1997	16650500
1997	15086800
1997	15018000
1997	10044700
1997	8954950
1997	8192680
1997	7156190
1997	6758350
1997	5849130
1997	5258820
1997	4964700
1997	4676290
1997	3656590
1997	3640270
1997	3574840
1997	3073400
1997	3031090
1997	2920000
1997	2711000
1997	2489070
1997	2428840
1997	2316490
1997	2081000
1997	2056200
1997	1885960
1997	1794900
1997	1717650
1997	1676890
1997	1454100
1997	1352280
1997	1345130
1997	1273660
1997	1127400
1997	1092820
1997	1072000
1997	1063000
1997	1063000
1997	935186
1997	884900
1997	833508
1997	743900
1997	725000
1997	706900
1997	661514
1997	642000
1997	596800
1997	573100
1997	504800
1997	464100
1997	452209
1997	394600
1997	388391
1997	329482
1997	317000
1997	293762
1997	291700
1997	287372
1997	255545
1997	254772
1997	252000
1997	237700
1997	229173
1997	183700
1997	168547
1997	156400
1997	138930
1997	129175
1997	123689
1997	116000
1997	111186
1997	100000
1997	91000
1997	78500
1997	70810
1997	66000
1997	58394
1997	50181
1997	41782
1997	33722
1997	28310
1997	23000
1997	20000
1997	19879
1997	11500
1997	10342
1997	9739
1997	9635
1997	9036
1997	9000
1997	8449
1997	7433
1997	5997
1997	5721
1997	5179
1997	5000
1997	3600
1997	2920
1997	2720
1997	1339
1997	1250
1997	1113
1997	1000
1997	750
1997	750
1997	517
1997	400
1997	391
1997	347
1997	298
1997	296
1997	150
1997	51
1998	109726066
1998	69327000
1998	66345000
1998	39809000
1998	27011900
1998	24082300
1998	22108000
1998	21011000
1998	20187500
1998	18694000
1998	15449000
1998	14936600
1998	12600600
1998	11955100
1998	9536580
1998	8338300
1998	6093150
1998	5436300
1998	5181810
1998	4928380
1998	4898630
1998	4746300
1998	4378480
1998	4111630
1998	3844740
1998	3556000
1998	3235080
1998	3203360
1998	2967000
1998	2834000
1998	2280000
1998	2269850
1998	2248700
1998	2063000
1998	1892080
1998	1832000
1998	1802820
1998	1789300
1998	1734000
1998	1682040
1998	1353520
1998	1341820
1998	1245200
1998	1203680
1998	1142710
1998	1130000
1998	1072000
1998	1031000
1998	1020450
1998	1000770
1998	952990
1998	798262
1998	787400
1998	673000
1998	615500
1998	585000
1998	569500
1998	559200
1998	396900
1998	395067
1998	388149
1998	385300
1998	340931
1998	336562
1998	323400
1998	302100
1998	270810
1998	244300
1998	242121
1998	191836
1998	180088
1998	175426
1998	169097
1998	167058
1998	165000
1998	155000
1998	151148
1998	146640
1998	144629
1998	140000
1998	118011
1998	111500
1998	98000
1998	92000
1998	80600
1998	63925
1998	39064
1998	36523
1998	35974
1998	31937
1998	29641
1998	20000
1998	19787
1998	14633
1998	12500
1998	11500
1998	10443
1998	10000
1998	9778
1998	9000
1998	9000
1998	6680
1998	6000
1998	5274
1998	4781
1998	4749
1998	4140
1998	3089
1998	1842
1998	900
1998	780
1998	770
1998	767
1998	517
1998	500
1998	493
1998	440
1998	431
1998	360
1998	350
1998	140
1998	79
1999	113880088
1999	71287500
1999	62567300
1999	37050000
1999	30995200
1999	26940800
1999	24757000
1999	19615400
1999	18008800
1999	17857600
1999	15478700
1999	14867000
1999	13585300
1999	11241900
1999	9051340
1999	8673200
1999	7742800
1999	6346640
1999	5083800
1999	4661440
1999	4470750
1999	4028270
1999	3601800
1999	3020890
1999	2691500
1999	2642970
1999	2638970
1999	2499000
1999	2461860
1999	2153540
1999	2046000
1999	2035000
1999	1977000
1999	1908000
1999	1733030
1999	1658900
1999	1528470
1999	1505800
1999	1470000
1999	1416200
1999	1390000
1999	1196630
1999	1187260
1999	1149670
1999	1109110
1999	1086480
1999	870900
1999	851400
1999	846030
1999	800425
1999	800000
1999	711400
1999	597000
1999	583100
1999	558217
1999	505500
1999	383900
1999	373131
1999	365136
1999	351900
1999	320000
1999	319419
1999	272000
1999	260909
1999	257764
1999	254100
1999	229700
1999	226073
1999	219200
1999	211788
1999	187900
1999	172000
1999	169613
1999	166700
1999	150012
1999	139563
1999	130000
1999	117251
1999	115000
1999	101000
1999	97000
1999	88424
1999	82400
1999	73000
1999	69226
1999	40008
1999	29000
1999	27518
1999	20000
1999	19011
1999	15426
1999	14000
1999	12669
1999	11052
1999	11000
1999	10562
1999	9900
1999	9250
1999	8246
1999	7832
1999	7585
1999	7085
1999	5626
1999	4000
1999	3644
1999	3607
1999	3585
1999	2986
1999	1655
1999	1050
1999	870
1999	778
1999	743
1999	517
1999	504
1999	455
1999	445
1999	368
1999	300
1999	212
1999	83
1999	7
2000	99636127
2000	76368900
2000	60639400
2000	37353400
2000	34455500
2000	26535500
2000	22108000
2000	21621500
2000	21078600
2000	21008600
2000	16704000
2000	16146600
2000	10197000
2000	9073500
2000	8502870
2000	8087760
2000	7463970
2000	7293620
2000	6564050
2000	4693420
2000	4456000
2000	4084110
2000	3692470
2000	3532000
2000	3493210
2000	3105490
2000	2781240
2000	2428100
2000	2371900
2000	2326000
2000	1927200
2000	1840000
2000	1787540
2000	1690000
2000	1687700
2000	1661530
2000	1492710
2000	1469000
2000	1380700
2000	1312960
2000	1254310
2000	1237600
2000	1235270
2000	1183530
2000	1150280
2000	1142700
2000	1039110
2000	1032090
2000	966000
2000	842000
2000	760361
2000	737400
2000	727721
2000	688200
2000	586100
2000	538300
2000	427396
2000	406196
2000	384000
2000	354937
2000	341100
2000	336085
2000	326000
2000	324400
2000	313400
2000	299356
2000	229775
2000	220055
2000	214000
2000	204232
2000	187746
2000	181561
2000	162559
2000	146800
2000	141884
2000	138722
2000	125000
2000	108100
2000	101510
2000	94000
2000	93000
2000	89406
2000	75000
2000	73000
2000	61184
2000	53422
2000	50000
2000	37085
2000	32700
2000	25433
2000	15545
2000	13776
2000	12958
2000	12000
2000	10946
2000	10000
2000	9556
2000	9525
2000	9385
2000	9000
2000	6444
2000	6208
2000	6097
2000	4350
2000	4000
2000	3429
2000	2688
2000	2339
2000	1815
2000	1413
2000	1000
2000	960
2000	802
2000	800
2000	635
2000	517
2000	467
2000	400
2000	365
2000	364
2000	300
2000	83
2000	10
2001	93873234
2001	69680900
2001	52999900
2001	46982100
2001	31540300
2001	24299000
2001	22837800
2001	21348000
2001	20630200
2001	19023700
2001	19007000
2001	15427800
2001	12706800
2001	11580000
2001	9458620
2001	9283040
2001	7764000
2001	6413300
2001	6254580
2001	5196760
2001	5007700
2001	4744620
2001	4663940
2001	4476080
2001	4077500
2001	3689800
2001	3364950
2001	3316380
2001	3275460
2001	2534200
2001	2503950
2001	2371500
2001	2196000
2001	2081870
2001	2039210
2001	1894100
2001	1780160
2001	1760000
2001	1673000
2001	1597000
2001	1596020
2001	1508280
2001	1493740
2001	1457400
2001	1190600
2001	1185210
2001	1157870
2001	1118000
2001	1076300
2001	990700
2001	965153
2001	903400
2001	867000
2001	769200
2001	699900
2001	532155
2001	508600
2001	488900
2001	451700
2001	387314
2001	364000
2001	306479
2001	303000
2001	282200
2001	259100
2001	256997
2001	255221
2001	246000
2001	245579
2001	197526
2001	181805
2001	181083
2001	157970
2001	153609
2001	152742
2001	143600
2001	139500
2001	138700
2001	133003
2001	125000
2001	123866
2001	112659
2001	94000
2001	89000
2001	80000
2001	54022
2001	51000
2001	50755
2001	36490
2001	31793
2001	24983
2001	19293
2001	14000
2001	13631
2001	10500
2001	10000
2001	9600
2001	9525
2001	9253
2001	8897
2001	8667
2001	8269
2001	6300
2001	6119
2001	4500
2001	4000
2001	2841
2001	2800
2001	2241
2001	1500
2001	1429
2001	950
2001	818
2001	797
2001	585
2001	550
2001	399
2001	322
2001	306
2001	220
2001	159
2001	37
2001	28
2002	90290262
2002	72766300
2002	50609100
2002	43704000
2002	38939200
2002	20817700
2002	20556000
2002	19508000
2002	18226500
2002	15973000
2002	15961300
2002	12700000
2002	12450000
2002	12399000
2002	10132000
2002	9304000
2002	7547760
2002	6822160
2002	6624870
2002	4967400
2002	4775440
2002	4421000
2002	4122770
2002	4056240
2002	3910240
2002	3866470
2002	3358680
2002	3236180
2002	3105660
2002	2686000
2002	2589000
2002	2437750
2002	2436440
2002	2326000
2002	2245200
2002	2088100
2002	2039000
2002	1820390
2002	1692820
2002	1675000
2002	1606000
2002	1554420
2002	1501800
2002	1447650
2002	1434210
2002	1258050
2002	1217600
2002	1162570
2002	1116180
2002	1056640
2002	1017000
2002	988175
2002	867200
2002	827800
2002	568600
2002	544565
2002	536754
2002	519500
2002	517600
2002	422200
2002	413038
2002	307215
2002	301498
2002	295300
2002	289170
2002	272280
2002	267170
2002	261500
2002	247000
2002	205800
2002	199675
2002	195000
2002	186853
2002	177275
2002	174868
2002	148420
2002	145000
2002	131733
2002	125000
2002	123064
2002	119102
2002	119000
2002	106000
2002	77000
2002	75000
2002	71656
2002	54308
2002	54000
2002	43771
2002	40795
2002	26250
2002	14000
2002	12900
2002	10489
2002	10000
2002	9767
2002	9072
2002	8845
2002	8667
2002	8440
2002	7434
2002	5834
2002	4621
2002	4582
2002	4365
2002	4000
2002	4000
2002	3500
2002	2000
2002	1520
2002	1421
2002	978
2002	799
2002	765
2002	727
2002	531
2002	500
2002	452
2002	183
2002	180
2002	116
2002	25
2002	10
2003	86488264
2003	65760800
2003	63803300
2003	34104300
2003	30474700
2003	26132000
2003	23048600
2003	19259800
2003	19183300
2003	19008200
2003	14710200
2003	14288000
2003	13439600
2003	11537400
2003	7858160
2003	6844690
2003	6290100
2003	6229450
2003	6153500
2003	5436800
2003	5146840
2003	4912990
2003	4701380
2003	3599300
2003	3480000
2003	2964850
2003	2941250
2003	2715800
2003	2637890
2003	2524280
2003	2487000
2003	2479050
2003	2329000
2003	2256200
2003	2003940
2003	1984000
2003	1797080
2003	1703000
2003	1640360
2003	1618090
2003	1546840
2003	1509560
2003	1506710
2003	1396100
2003	1344190
2003	1204100
2003	1191380
2003	1130100
2003	1013720
2003	930363
2003	855900
2003	795594
2003	794100
2003	715000
2003	679000
2003	660222
2003	609258
2003	468400
2003	435700
2003	378665
2003	349477
2003	332000
2003	326000
2003	320500
2003	259900
2003	225490
2003	225414
2003	220977
2003	190453
2003	184300
2003	161000
2003	160734
2003	160362
2003	149581
2003	144885
2003	135000
2003	125000
2003	122920
2003	122427
2003	122000
2003	116300
2003	112930
2003	103794
2003	102414
2003	74000
2003	68648
2003	58000
2003	46571
2003	44947
2003	42526
2003	21805
2003	15305
2003	15000
2003	14280
2003	11052
2003	10970
2003	10289
2003	10011
2003	9600
2003	8700
2003	8490
2003	8000
2003	7626
2003	4763
2003	4755
2003	3999
2003	3500
2003	2890
2003	2221
2003	1502
2003	1210
2003	1000
2003	891
2003	822
2003	600
2003	509
2003	479
2003	339
2003	184
2003	152
2003	28
2003	19
2003	15
2004	91952238
2004	72156200
2004	58697000
2004	45412700
2004	39692900
2004	25427200
2004	24795500
2004	21905100
2004	21000000
2004	19499800
2004	17520200
2004	16139200
2004	15473000
2004	14568500
2004	9936930
2004	9892480
2004	8638720
2004	7812430
2004	7177860
2004	7096720
2004	6006820
2004	5818850
2004	5539840
2004	5377510
2004	5042520
2004	4758500
2004	4537460
2004	3961180
2004	2775680
2004	2761200
2004	2730700
2004	2600000
2004	2412300
2004	2390000
2004	2321200
2004	2176600
2004	2092100
2004	1921650
2004	1913180
2004	1832000
2004	1764850
2004	1722000
2004	1718820
2004	1687000
2004	1573010
2004	1430200
2004	1387190
2004	1253380
2004	1223900
2004	1120910
2004	1019200
2004	998248
2004	861030
2004	860300
2004	850000
2004	800000
2004	782300
2004	631328
2004	539300
2004	532600
2004	499900
2004	435000
2004	406800
2004	379425
2004	356825
2004	319000
2004	318986
2004	299900
2004	292884
2004	253400
2004	247048
2004	196634
2004	185834
2004	175000
2004	170411
2004	154300
2004	150000
2004	146829
2004	136800
2004	135622
2004	125000
2004	116037
2004	103265
2004	82858
2004	79978
2004	67000
2004	62000
2004	46340
2004	43471
2004	16772
2004	16216
2004	15000
2004	13166
2004	12623
2004	11891
2004	11630
2004	10214
2004	9930
2004	9700
2004	9052
2004	9000
2004	8942
2004	8540
2004	8262
2004	7493
2004	4191
2004	4003
2004	2100
2004	1668
2004	1200
2004	1000
2004	862
2004	844
2004	797
2004	517
2004	509
2004	507
2004	367
2004	181
2004	22
2004	20
2004	10
2005	97445196
2005	68636900
2005	57242000
2005	47697500
2005	36885500
2005	25748100
2005	25173000
2005	23692700
2005	21612300
2005	21500000
2005	18699200
2005	14863000
2005	14308000
2005	12722000
2005	11198400
2005	8771430
2005	8140960
2005	7717130
2005	7340660
2005	6057200
2005	5088220
2005	4887200
2005	4668750
2005	4658790
2005	4266000
2005	4145040
2005	4026690
2005	3478070
2005	3043080
2005	3015180
2005	2834000
2005	2648470
2005	2414730
2005	2306860
2005	2246800
2005	2228000
2005	2044150
2005	2009690
2005	1905000
2005	1851940
2005	1768410
2005	1626700
2005	1607870
2005	1527030
2005	1453070
2005	1442440
2005	1379400
2005	1174760
2005	1174690
2005	1056690
2005	975985
2005	950076
2005	874700
2005	802700
2005	801300
2005	676500
2005	620000
2005	618467
2005	601748
2005	531200
2005	454100
2005	416000
2005	395400
2005	368879
2005	333888
2005	318946
2005	265700
2005	263408
2005	260000
2005	248332
2005	229089
2005	200800
2005	193000
2005	190137
2005	178460
2005	156000
2005	143700
2005	141293
2005	136833
2005	131198
2005	125000
2005	112963
2005	102000
2005	81554
2005	73419
2005	71745
2005	66000
2005	44720
2005	43963
2005	34363
2005	21942
2005	21559
2005	15000
2005	13797
2005	13314
2005	11339
2005	11306
2005	11015
2005	10344
2005	9249
2005	9000
2005	9000
2005	8590
2005	8429
2005	7678
2005	4805
2005	4600
2005	3603
2005	2300
2005	1730
2005	1200
2005	901
2005	893
2005	865
2005	574
2005	517
2005	510
2005	509
2005	414
2005	198
2005	24
2005	21
2005	15
2006	108466271
2006	69354500
2006	49216000
2006	44926900
2006	35363600
2006	25265400
2006	22427900
2006	21276800
2006	20010000
2006	14747000
2006	14663700
2006	14662900
2006	13947300
2006	13460500
2006	10821600
2006	8274230
2006	7181720
2006	7059670
2006	6326760
2006	6099300
2006	5526190
2006	5521580
2006	4932000
2006	4801600
2006	4376240
2006	3506250
2006	3378120
2006	3363000
2006	3301880
2006	3260000
2006	2779060
2006	2687930
2006	2630390
2006	2484850
2006	2105000
2006	2086000
2006	1967400
2006	1875340
2006	1778170
2006	1661960
2006	1460300
2006	1403690
2006	1396300
2006	1394130
2006	1342690
2006	1250600
2006	1184400
2006	1075240
2006	840299
2006	837200
2006	809800
2006	804601
2006	801000
2006	800000
2006	735000
2006	691417
2006	684100
2006	669000
2006	640339
2006	611200
2006	598300
2006	543700
2006	356985
2006	329193
2006	293326
2006	261798
2006	249600
2006	241924
2006	232496
2006	230900
2006	219590
2006	199000
2006	191082
2006	153400
2006	152900
2006	149173
2006	143677
2006	140000
2006	134449
2006	131200
2006	127757
2006	110000
2006	104000
2006	93958
2006	75603
2006	71000
2006	69700
2006	42390
2006	26399
2006	22928
2006	21570
2006	19549
2006	18000
2006	12858
2006	10500
2006	10000
2006	9100
2006	8640
2006	8565
2006	8500
2006	8007
2006	7796
2006	7577
2006	7518
2006	6085
2006	5810
2006	4000
2006	2497
2006	2400
2006	1999
2006	1865
2006	1000
2006	1000
2006	960
2006	946
2006	775
2006	604
2006	510
2006	456
2006	220
2006	178
2006	26
2006	20
2006	17
2007	109298296
2007	75806700
2007	55820400
2007	49368000
2007	32763500
2007	23294700
2007	20828100
2007	20054000
2007	17234000
2007	16486500
2007	16466900
2007	15886600
2007	13937700
2007	13569400
2007	13221000
2007	8317270
2007	7379000
2007	7170180
2007	6436360
2007	6197400
2007	4519200
2007	4484000
2007	4114060
2007	4041100
2007	3986710
2007	3938920
2007	3515390
2007	3044460
2007	2700000
2007	2558000
2007	2390610
2007	2318960
2007	2255700
2007	2219100
2007	2202800
2007	1905000
2007	1863810
2007	1629070
2007	1582630
2007	1577340
2007	1515140
2007	1442800
2007	1399340
2007	1396550
2007	1390700
2007	1379640
2007	1305460
2007	1095870
2007	990000
2007	910100
2007	812347
2007	807300
2007	803000
2007	800000
2007	796800
2007	737000
2007	713400
2007	708877
2007	697143
2007	649300
2007	543000
2007	406484
2007	401100
2007	345726
2007	344434
2007	322320
2007	257112
2007	254233
2007	249500
2007	218520
2007	218100
2007	195000
2007	181552
2007	167095
2007	158921
2007	155000
2007	149110
2007	135800
2007	133339
2007	116200
2007	115843
2007	109560
2007	104000
2007	82800
2007	74900
2007	70469
2007	44000
2007	39799
2007	36778
2007	27274
2007	24633
2007	20997
2007	19000
2007	12163
2007	12000
2007	11000
2007	10712
2007	9243
2007	8879
2007	8690
2007	8585
2007	8393
2007	8000
2007	7987
2007	7351
2007	7000
2007	4800
2007	4605
2007	3956
2007	2500
2007	2000
2007	1969
2007	1242
2007	1079
2007	970
2007	947
2007	639
2007	325
2007	260
2007	213
2007	72
2007	32
2007	30
2007	18
2008	112464292
2008	78570200
2008	68016100
2008	63765100
2008	39006400
2008	28611100
2008	25988600
2008	25885400
2008	21420200
2008	20958800
2008	17782000
2008	17227000
2008	12538200
2008	9274920
2008	8855440
2008	8508160
2008	7977050
2008	7956650
2008	7180980
2008	6714300
2008	6146500
2008	6027130
2008	5630830
2008	5018700
2008	4632210
2008	4631500
2008	4019400
2008	3769450
2008	2623000
2008	2463060
2008	2300000
2008	2202200
2008	2139300
2008	2130000
2008	2095400
2008	2045240
2008	1985560
2008	1939300
2008	1850410
2008	1819480
2008	1722500
2008	1689690
2008	1645790
2008	1572070
2008	1366160
2008	1356600
2008	1286330
2008	1255000
2008	1237690
2008	1111030
2008	993000
2008	989600
2008	919000
2008	881200
2008	858333
2008	844000
2008	799632
2008	787500
2008	746200
2008	659096
2008	587000
2008	548097
2008	453300
2008	343350
2008	342500
2008	336688
2008	335000
2008	291719
2008	240533
2008	225734
2008	209830
2008	206936
2008	203300
2008	199990
2008	175000
2008	170446
2008	170000
2008	160297
2008	143700
2008	113242
2008	104000
2008	97760
2008	86400
2008	80300
2008	75734
2008	67869
2008	53000
2008	39191
2008	31826
2008	31000
2008	19000
2008	15000
2008	14581
2008	13116
2008	10359
2008	10000
2008	8775
2008	8740
2008	8571
2008	8144
2008	8100
2008	8094
2008	7835
2008	5828
2008	5391
2008	4400
2008	4000
2008	3720
2008	2856
2008	2550
2008	2472
2008	2386
2008	1076
2008	1070
2008	1048
2008	1000
2008	674
2008	363
2008	260
2008	226
2008	104
2008	30
2008	30
2008	13
2009	115115364
2009	80680000
2009	61739800
2009	60365700
2009	38332200
2009	26847600
2009	25192400
2009	24033000
2009	21656000
2009	20886400
2009	20600000
2009	17052000
2009	14076000
2009	13484500
2009	9789590
2009	8851180
2009	8523000
2009	6637700
2009	6534750
2009	6371430
2009	5940400
2009	5202530
2009	5064000
2009	5055530
2009	4723900
2009	4419160
2009	4358070
2009	4116160
2009	3976850
2009	3701780
2009	2953120
2009	2900000
2009	2637640
2009	2284000
2009	2100200
2009	2096200
2009	2067560
2009	1979000
2009	1958000
2009	1909770
2009	1844420
2009	1830000
2009	1700400
2009	1653600
2009	1537910
2009	1523370
2009	1402040
2009	1343860
2009	1152450
2009	1145290
2009	1066800
2009	1056660
2009	1036400
2009	938435
2009	936076
2009	887000
2009	849046
2009	736660
2009	690000
2009	674200
2009	641695
2009	549919
2009	403464
2009	388122
2009	342520
2009	333100
2009	278000
2009	271117
2009	255848
2009	226265
2009	222129
2009	219301
2009	201508
2009	198080
2009	195456
2009	179000
2009	169000
2009	153000
2009	136904
2009	132963
2009	124145
2009	105000
2009	92400
2009	90903
2009	72479
2009	53900
2009	50000
2009	40000
2009	30000
2009	26142
2009	24349
2009	20000
2009	18782
2009	15132
2009	14690
2009	14000
2009	12484
2009	12448
2009	11861
2009	11314
2009	10613
2009	9000
2009	8790
2009	8600
2009	8583
2009	7420
2009	5000
2009	4481
2009	3414
2009	3044
2009	2590
2009	2575
2009	2000
2009	1127
2009	1081
2009	950
2009	883
2009	420
2009	350
2009	200
2009	45
2009	32
2009	8
2010	115181303
2010	80800000
2010	60062400
2010	41507600
2010	40787000
2010	24106700
2010	23310800
2010	23166800
2010	22138000
2010	19660000
2010	16851300
2010	15028800
2010	14914500
2010	14878000
2010	9638400
2010	9487800
2010	7169000
2010	6849860
2010	6730400
2010	6171250
2010	5811810
2010	5610700
2010	5059900
2010	4876140
2010	4532000
2010	4161600
2010	3994900
2010	3763680
2010	3676710
2010	3100000
2010	3083100
2010	3075640
2010	3000000
2010	2748840
2010	2184400
2010	1849580
2010	1739110
2010	1708200
2010	1630400
2010	1600000
2010	1556540
2010	1523920
2010	1517810
2010	1430000
2010	1401990
2010	1369550
2010	1300700
2010	1300000
2010	1272340
2010	1227800
2010	1035400
2010	901490
2010	857545
2010	822100
2010	813300
2010	744160
2010	724400
2010	681017
2010	669000
2010	571300
2010	524017
2010	511994
2010	444891
2010	403000
2010	345458
2010	327600
2010	294900
2010	293000
2010	265432
2010	255356
2010	243137
2010	219454
2010	183500
2010	181900
2010	172256
2010	160000
2010	153481
2010	145412
2010	138100
2010	112324
2010	106000
2010	100000
2010	83474
2010	82578
2010	77193
2010	51000
2010	48400
2010	41800
2010	39116
2010	27300
2010	23788
2010	22125
2010	21500
2010	20119
2010	17000
2010	15780
2010	14843
2010	13100
2010	12500
2010	12500
2010	11700
2010	9500
2010	9034
2010	8841
2010	8700
2010	7605
2010	5000
2010	4873
2010	2600
2010	2465
2010	2413
2010	2341
2010	2000
2010	1100
2010	1000
2010	990
2010	900
2010	450
2010	320
2010	300
2010	40
2010	30
2010	10
