1961	2141040
1961	1535899
1961	903624
1961	431000
1961	361841
1961	290000
1961	178704
1961	172750
1961	158793
1961	149405
1961	125550
1961	123436
1961	104200
1961	97113
1961	89925
1961	87760
1961	57842
1961	57712
1961	53004
1961	50700
1961	48000
1961	39554
1961	36600
1961	36350
1961	35661
1961	32069
1961	31320
1961	31000
1961	28167
1961	24000
1961	24000
1961	20469
1961	20000
1961	20000
1961	19800
1961	19426
1961	19421
1961	18734
1961	18525
1961	16173
1961	14141
1961	13197
1961	12700
1961	12401
1961	12385
1961	12256
1961	12019
1961	12000
1961	11522
1961	11462
1961	11400
1961	10848
1961	10012
1961	10000
1961	10000
1961	7700
1961	7652
1961	7189
1961	6996
1961	6800
1961	6713
1961	5171
1961	4750
1961	4188
1961	3073
1961	2843
1961	2800
1961	2745
1961	2687
1961	2642
1961	2624
1961	2560
1961	2233
1961	2100
1961	2000
1961	1773
1961	1632
1961	1600
1961	1507
1961	1195
1961	1135
1961	1000
1961	1000
1961	880
1961	868
1961	743
1961	743
1961	645
1961	620
1961	610
1961	592
1961	549
1961	540
1961	540
1961	525
1961	442
1961	428
1961	356
1961	340
1961	340
1961	310
1961	280
1961	200
1961	200
1961	196
1961	196
1961	178
1961	160
1961	137
1961	110
1961	100
1961	97
1961	80
1961	70
1961	48
1961	43
1961	40
1961	35
1961	20
1961	17
1961	16
1961	11
1961	11
1961	9
1961	9
1961	7
1961	5
1961	5
1962	1843872
1962	1402640
1962	959288
1962	461000
1962	370383
1962	316000
1962	206397
1962	180753
1962	176750
1962	160858
1962	160618
1962	111400
1962	110431
1962	107549
1962	97113
1962	94573
1962	63316
1962	59149
1962	58638
1962	55222
1962	49700
1962	46333
1962	43700
1962	43000
1962	36958
1962	36000
1962	34731
1962	33768
1962	31929
1962	31000
1962	29300
1962	27481
1962	26991
1962	24000
1962	23570
1962	20107
1962	19392
1962	19200
1962	19185
1962	19068
1962	18600
1962	16000
1962	14465
1962	13727
1962	13647
1962	12700
1962	12495
1962	12207
1962	12000
1962	11450
1962	11308
1962	11000
1962	10038
1962	10000
1962	9767
1962	8645
1962	8229
1962	7263
1962	7100
1962	6918
1962	6874
1962	5953
1962	5355
1962	5262
1962	4645
1962	4607
1962	3319
1962	3103
1962	3000
1962	2840
1962	2813
1962	2728
1962	2720
1962	2200
1962	2101
1962	2100
1962	1817
1962	1800
1962	1600
1962	1507
1962	1220
1962	1000
1962	1000
1962	969
1962	867
1962	805
1962	748
1962	722
1962	672
1962	641
1962	620
1962	615
1962	600
1962	540
1962	451
1962	430
1962	428
1962	411
1962	400
1962	370
1962	360
1962	350
1962	254
1962	203
1962	200
1962	178
1962	175
1962	170
1962	137
1962	118
1962	100
1962	97
1962	81
1962	71
1962	57
1962	49
1962	40
1962	34
1962	33
1962	20
1962	18
1962	12
1962	11
1962	11
1962	10
1962	8
1962	7
1962	5
1963	1738286
1963	1342312
1963	1041829
1963	980916
1963	456000
1963	320000
1963	190121
1963	186852
1963	184798
1963	184750
1963	129978
1963	108658
1963	103063
1963	97010
1963	95978
1963	94551
1963	75958
1963	57892
1963	54118
1963	45157
1963	43000
1963	40000
1963	40000
1963	37523
1963	36000
1963	35756
1963	34853
1963	34750
1963	34683
1963	30000
1963	28877
1963	27706
1963	26703
1963	25000
1963	23057
1963	21145
1963	20396
1963	20000
1963	19582
1963	19535
1963	19500
1963	19000
1963	18300
1963	15130
1963	15068
1963	15000
1963	14725
1963	13167
1963	12900
1963	12069
1963	11769
1963	11724
1963	11500
1963	10349
1963	10000
1963	9598
1963	9026
1963	8403
1963	7418
1963	7200
1963	7128
1963	6241
1963	6012
1963	5355
1963	4595
1963	4007
1963	3706
1963	3392
1963	3270
1963	3076
1963	3000
1963	2834
1963	2720
1963	2400
1963	2100
1963	2060
1963	1791
1963	1600
1963	1420
1963	1368
1963	1308
1963	1300
1963	1000
1963	1000
1963	959
1963	785
1963	735
1963	725
1963	718
1963	693
1963	652
1963	639
1963	630
1963	560
1963	551
1963	501
1963	430
1963	430
1963	400
1963	326
1963	312
1963	300
1963	255
1963	250
1963	236
1963	219
1963	185
1963	178
1963	149
1963	137
1963	126
1963	112
1963	100
1963	80
1963	66
1963	52
1963	43
1963	40
1963	31
1963	21
1963	19
1963	16
1963	15
1963	12
1963	11
1963	11
1963	7
1963	5
1964	1937681
1964	1745000
1964	1607530
1964	940804
1964	466000
1964	460000
1964	217450
1964	216427
1964	197000
1964	144303
1964	124953
1964	124517
1964	114800
1964	110922
1964	108613
1964	97113
1964	63368
1964	60005
1964	56079
1964	55743
1964	49713
1964	45000
1964	45000
1964	39000
1964	38365
1964	38340
1964	37179
1964	34553
1964	33000
1964	30474
1964	28785
1964	27740
1964	26000
1964	25936
1964	23114
1964	23079
1964	22456
1964	21848
1964	21556
1964	20427
1964	20000
1964	19585
1964	16079
1964	16000
1964	14827
1964	14744
1964	14420
1964	14000
1964	13812
1964	13100
1964	12569
1964	12154
1964	11600
1964	11250
1964	10480
1964	10063
1964	10000
1964	8472
1964	7733
1964	7396
1964	7338
1964	6439
1964	6414
1964	5588
1964	5460
1964	4004
1964	3618
1964	3431
1964	3300
1964	3000
1964	2781
1964	2720
1964	2669
1964	2600
1964	2415
1964	2200
1964	1960
1964	1861
1964	1601
1964	1600
1964	1547
1964	1413
1964	1153
1964	1125
1964	1080
1964	1014
1964	1000
1964	974
1964	909
1964	815
1964	661
1964	650
1964	646
1964	617
1964	600
1964	543
1964	490
1964	433
1964	423
1964	400
1964	380
1964	346
1964	324
1964	300
1964	250
1964	229
1964	201
1964	200
1964	200
1964	171
1964	153
1964	147
1964	109
1964	100
1964	61
1964	54
1964	48
1964	45
1964	41
1964	40
1964	22
1964	21
1964	16
1964	12
1964	12
1964	10
1964	10
1964	8
1964	7
1965	1943620
1965	1211305
1965	1008112
1965	596871
1965	482000
1965	440000
1965	211452
1965	185250
1965	138242
1965	133793
1965	129359
1965	127840
1965	111000
1965	102310
1965	99922
1965	97113
1965	66869
1965	59818
1965	59583
1965	50000
1965	47059
1965	47000
1965	45302
1965	45000
1965	41655
1965	41215
1965	39420
1965	33076
1965	33000
1965	32529
1965	29452
1965	27000
1965	26200
1965	25973
1965	25943
1965	24591
1965	23792
1965	22824
1965	21626
1965	21012
1965	19000
1965	14995
1965	14700
1965	14484
1965	14192
1965	14000
1965	13800
1965	13211
1965	13075
1965	13035
1965	12922
1965	12902
1965	11700
1965	11283
1965	10000
1965	9568
1965	9000
1965	8710
1965	8300
1965	7429
1965	7202
1965	7101
1965	7095
1965	6066
1965	5395
1965	4610
1965	4400
1965	4295
1965	4279
1965	3939
1965	3000
1965	2947
1965	2800
1965	2800
1965	2721
1965	2367
1965	2240
1965	1798
1965	1629
1965	1600
1965	1410
1965	1341
1965	1165
1965	1125
1965	1119
1965	1012
1965	1000
1965	919
1965	917
1965	813
1965	737
1965	730
1965	679
1965	677
1965	600
1965	470
1965	463
1965	460
1965	450
1965	427
1965	405
1965	347
1965	340
1965	324
1965	250
1965	247
1965	231
1965	190
1965	169
1965	158
1965	154
1965	152
1965	136
1965	100
1965	89
1965	75
1965	43
1965	41
1965	40
1965	36
1965	24
1965	21
1965	19
1965	12
1965	11
1965	11
1965	8
1965	7
1965	5
1966	2396077
1966	1137603
1966	1047144
1966	489000
1966	450000
1966	413115
1966	233349
1966	231000
1966	229633
1966	162970
1966	149200
1966	133759
1966	109220
1966	108635
1966	105775
1966	96804
1966	78414
1966	65960
1966	63195
1966	60000
1966	57121
1966	47529
1966	46490
1966	45920
1966	45000
1966	40796
1966	38392
1966	38000
1966	36662
1966	32875
1966	32743
1966	31786
1966	31000
1966	29770
1966	29000
1966	26247
1966	25861
1966	25161
1966	24423
1966	23240
1966	22348
1966	20000
1966	17000
1966	16541
1966	16403
1966	16000
1966	15730
1966	14900
1966	14674
1966	14639
1966	14000
1966	13477
1966	12900
1966	12285
1966	11976
1966	11841
1966	11685
1966	9098
1966	8745
1966	8093
1966	7605
1966	7212
1966	7146
1966	6040
1966	5487
1966	4890
1966	4704
1966	4022
1966	4000
1966	3595
1966	3455
1966	3260
1966	3139
1966	3023
1966	2880
1966	2799
1966	2520
1966	2300
1966	2300
1966	2300
1966	1612
1966	1600
1966	1334
1966	1287
1966	1275
1966	1186
1966	1052
1966	1000
1966	930
1966	861
1966	860
1966	859
1966	686
1966	675
1966	600
1966	581
1966	472
1966	458
1966	420
1966	400
1966	400
1966	400
1966	399
1966	330
1966	273
1966	254
1966	252
1966	220
1966	200
1966	161
1966	150
1966	110
1966	104
1966	96
1966	89
1966	85
1966	80
1966	72
1966	60
1966	51
1966	42
1966	40
1966	18
1966	11
1966	11
1966	9
1966	8
1966	7
1966	7
1967	2569574
1967	1283207
1967	1048224
1967	627000
1967	500000
1967	294866
1967	268515
1967	222224
1967	219000
1967	200883
1967	178449
1967	176153
1967	113299
1967	105864
1967	98588
1967	79789
1967	75880
1967	75495
1967	65697
1967	64246
1967	63079
1967	52158
1967	50326
1967	47000
1967	46000
1967	44253
1967	41681
1967	41336
1967	40001
1967	39000
1967	37189
1967	35775
1967	35272
1967	31000
1967	30121
1967	28346
1967	26092
1967	25501
1967	25008
1967	24519
1967	24388
1967	21000
1967	19000
1967	17229
1967	16518
1967	16200
1967	16000
1967	15750
1967	15626
1967	15114
1967	14120
1967	13050
1967	12842
1967	12307
1967	12000
1967	11388
1967	10920
1967	8491
1967	8309
1967	7940
1967	7424
1967	6354
1967	5994
1967	5780
1967	5415
1967	5320
1967	4609
1967	4396
1967	4000
1967	3994
1967	3932
1967	3404
1967	2907
1967	2880
1967	2842
1967	2828
1967	2300
1967	2300
1967	2186
1967	2031
1967	1946
1967	1600
1967	1549
1967	1312
1967	1214
1967	1134
1967	1072
1967	1000
1967	944
1967	902
1967	864
1967	791
1967	740
1967	687
1967	650
1967	624
1967	600
1967	504
1967	500
1967	490
1967	450
1967	448
1967	421
1967	419
1967	332
1967	285
1967	269
1967	255
1967	240
1967	240
1967	163
1967	158
1967	132
1967	106
1967	102
1967	90
1967	78
1967	45
1967	45
1967	44
1967	42
1967	33
1967	33
1967	16
1967	12
1967	11
1967	11
1967	9
1967	7
1967	1
1968	2372673
1968	1311823
1968	1240960
1968	570000
1968	500000
1968	341090
1968	235743
1968	227552
1968	220167
1968	211453
1968	206750
1968	139449
1968	125467
1968	111700
1968	95325
1968	85786
1968	76701
1968	63512
1968	61354
1968	57772
1968	57361
1968	51903
1968	48586
1968	48000
1968	47418
1968	45000
1968	43701
1968	42651
1968	37850
1968	36278
1968	36000
1968	35826
1968	35190
1968	34196
1968	32307
1968	31000
1968	29046
1968	27899
1968	25581
1968	24119
1968	21901
1968	21000
1968	20000
1968	18806
1968	17899
1968	17300
1968	16000
1968	15595
1968	15220
1968	15000
1968	14000
1968	13452
1968	12924
1968	12480
1968	12120
1968	11861
1968	11000
1968	10921
1968	9241
1968	8695
1968	8155
1968	7398
1968	6000
1968	5970
1968	5760
1968	5280
1968	5000
1968	4784
1968	4680
1968	4633
1968	4359
1968	3936
1968	3668
1968	3503
1968	3300
1968	3093
1968	3040
1968	2890
1968	2400
1968	2331
1968	1986
1968	1572
1968	1550
1968	1393
1968	1289
1968	1244
1968	1160
1968	1135
1968	1000
1968	957
1968	816
1968	742
1968	739
1968	700
1968	678
1968	650
1968	566
1968	534
1968	527
1968	504
1968	438
1968	430
1968	414
1968	395
1968	389
1968	367
1968	269
1968	208
1968	200
1968	193
1968	180
1968	162
1968	150
1968	100
1968	98
1968	90
1968	85
1968	76
1968	76
1968	49
1968	44
1968	37
1968	24
1968	12
1968	12
1968	11
1968	8
1968	7
1968	1
1969	2349206
1969	1644464
1969	1299450
1969	567000
1969	550000
1969	327500
1969	250488
1969	227446
1969	174586
1969	151651
1969	146849
1969	139847
1969	117000
1969	88156
1969	87930
1969	78907
1969	78576
1969	78046
1969	69634
1969	61482
1969	57610
1969	56245
1969	55000
1969	54008
1969	53467
1969	51608
1969	48072
1969	46000
1969	44021
1969	43141
1969	41097
1969	37000
1969	34644
1969	33000
1969	32975
1969	31491
1969	31457
1969	27000
1969	24961
1969	24000
1969	21769
1969	21170
1969	20100
1969	20000
1969	19114
1969	18724
1969	15807
1969	14652
1969	14489
1969	14210
1969	14142
1969	14000
1969	13088
1969	12101
1969	11945
1969	10758
1969	10559
1969	10003
1969	9683
1969	8223
1969	7997
1969	7099
1969	6446
1969	6250
1969	5919
1969	5793
1969	5322
1969	5000
1969	4671
1969	4172
1969	4130
1969	4084
1969	3535
1969	3405
1969	3306
1969	3040
1969	2800
1969	2728
1969	2500
1969	2380
1969	2281
1969	2115
1969	2000
1969	1755
1969	1600
1969	1565
1969	1509
1969	1290
1969	1241
1969	1200
1969	1160
1969	967
1969	836
1969	744
1969	711
1969	700
1969	587
1969	550
1969	542
1969	520
1969	502
1969	500
1969	476
1969	423
1969	415
1969	415
1969	308
1969	269
1969	215
1969	209
1969	200
1969	195
1969	173
1969	141
1969	134
1969	108
1969	100
1969	93
1969	77
1969	66
1969	44
1969	40
1969	15
1969	12
1969	12
1969	9
1969	8
1969	6
1969	1
1970	2742917
1970	1421812
1970	1321060
1970	1241296
1970	749000
1970	660000
1970	238172
1970	232144
1970	227500
1970	200378
1970	196751
1970	162001
1970	153186
1970	116300
1970	98271
1970	94307
1970	85329
1970	82320
1970	75667
1970	75000
1970	64020
1970	60766
1970	60514
1970	60162
1970	54064
1970	47603
1970	46000
1970	45500
1970	44530
1970	43619
1970	41616
1970	40100
1970	38261
1970	35000
1970	32386
1970	31187
1970	29390
1970	27087
1970	27000
1970	26000
1970	25191
1970	21000
1970	20406
1970	20100
1970	20053
1970	19445
1970	19207
1970	18156
1970	17000
1970	16450
1970	15526
1970	14955
1970	14652
1970	13251
1970	12803
1970	12771
1970	12503
1970	12001
1970	11718
1970	9482
1970	6500
1970	6406
1970	6284
1970	5823
1970	5544
1970	5328
1970	5153
1970	5000
1970	4688
1970	4408
1970	4089
1970	4026
1970	3890
1970	3713
1970	3040
1970	2955
1970	2800
1970	2547
1970	2446
1970	2415
1970	2400
1970	2374
1970	2329
1970	2250
1970	2000
1970	1791
1970	1760
1970	1600
1970	1446
1970	1271
1970	1160
1970	1151
1970	1054
1970	1024
1970	857
1970	720
1970	716
1970	700
1970	680
1970	657
1970	588
1970	500
1970	430
1970	422
1970	408
1970	332
1970	269
1970	237
1970	220
1970	213
1970	206
1970	190
1970	172
1970	160
1970	150
1970	141
1970	100
1970	80
1970	78
1970	74
1970	49
1970	41
1970	16
1970	14
1970	11
1970	9
1970	9
1970	8
1970	7
1971	2959262
1971	1413093
1971	1091646
1971	844016
1971	740000
1971	510000
1971	259345
1971	255906
1971	225000
1971	223859
1971	208849
1971	154188
1971	142555
1971	120650
1971	94361
1971	92775
1971	92066
1971	90042
1971	82000
1971	77782
1971	73701
1971	73216
1971	63990
1971	60565
1971	57738
1971	57591
1971	53838
1971	53000
1971	49000
1971	46953
1971	45627
1971	42872
1971	40442
1971	38200
1971	35690
1971	35000
1971	34862
1971	30653
1971	30398
1971	29638
1971	28000
1971	25654
1971	23000
1971	20200
1971	20054
1971	18862
1971	17000
1971	16704
1971	16305
1971	16230
1971	16135
1971	14653
1971	12988
1971	12601
1971	12484
1971	12435
1971	12315
1971	12043
1971	11714
1971	9195
1971	8507
1971	7507
1971	6800
1971	6643
1971	6435
1971	6264
1971	5661
1971	5639
1971	5235
1971	5000
1971	4872
1971	4829
1971	4827
1971	4612
1971	4541
1971	3441
1971	3120
1971	3074
1971	3050
1971	3000
1971	2902
1971	2872
1971	2700
1971	2309
1971	2000
1971	1942
1971	1755
1971	1709
1971	1600
1971	1351
1971	1257
1971	1231
1971	1171
1971	1166
1971	1131
1971	1111
1971	967
1971	778
1971	715
1971	588
1971	571
1971	535
1971	520
1971	458
1971	347
1971	343
1971	333
1971	269
1971	250
1971	210
1971	190
1971	184
1971	159
1971	122
1971	117
1971	110
1971	107
1971	100
1971	96
1971	70
1971	65
1971	46
1971	14
1971	13
1971	10
1971	9
1971	9
1971	8
1971	7
1972	2676040
1972	1980000
1972	1489358
1972	1045928
1972	639000
1972	448305
1972	425000
1972	297755
1972	285796
1972	236413
1972	151449
1972	126151
1972	115858
1972	115175
1972	106139
1972	94109
1972	88354
1972	82216
1972	78000
1972	75330
1972	71212
1972	68124
1972	67730
1972	55018
1972	53884
1972	51213
1972	50000
1972	48903
1972	48531
1972	42577
1972	42280
1972	40700
1972	40016
1972	36197
1972	35091
1972	35000
1972	31511
1972	31000
1972	29077
1972	27572
1972	27284
1972	25754
1972	24635
1972	21000
1972	20000
1972	18400
1972	17342
1972	17166
1972	17000
1972	15034
1972	14778
1972	14651
1972	14456
1972	14437
1972	13024
1972	12887
1972	12850
1972	12102
1972	11774
1972	10208
1972	9467
1972	8808
1972	8240
1972	7416
1972	7400
1972	6119
1972	6103
1972	5979
1972	5692
1972	5222
1972	5000
1972	4886
1972	4788
1972	4533
1972	4523
1972	3966
1972	3800
1972	3489
1972	3291
1972	3200
1972	3108
1972	3000
1972	2935
1972	2806
1972	2792
1972	2713
1972	2200
1972	2054
1972	1840
1972	1560
1972	1453
1972	1350
1972	1306
1972	1200
1972	1111
1972	1043
1972	1037
1972	798
1972	600
1972	550
1972	530
1972	522
1972	512
1972	446
1972	404
1972	372
1972	362
1972	310
1972	278
1972	250
1972	238
1972	218
1972	158
1972	151
1972	139
1972	119
1972	116
1972	100
1972	97
1972	83
1972	70
1972	47
1972	12
1972	12
1972	10
1972	9
1972	9
1972	8
1972	7
1973	3240949
1973	1544256
1973	1419013
1973	835879
1973	743000
1973	580000
1973	305000
1973	263670
1973	242655
1973	208617
1973	204351
1973	145431
1973	142940
1973	135274
1973	125000
1973	107897
1973	99512
1973	90394
1973	80391
1973	78113
1973	77968
1973	72768
1973	67542
1973	62526
1973	60960
1973	58933
1973	56102
1973	54656
1973	51000
1973	44458
1973	44200
1973	44000
1973	43000
1973	39000
1973	37969
1973	35183
1973	33950
1973	33000
1973	31290
1973	27563
1973	27209
1973	26361
1973	26209
1973	23418
1973	22600
1973	21000
1973	19429
1973	19127
1973	17357
1973	17220
1973	16409
1973	15911
1973	15370
1973	15107
1973	12546
1973	12545
1973	12510
1973	12417
1973	11919
1973	11866
1973	10479
1973	8600
1973	8090
1973	8031
1973	7500
1973	6789
1973	6720
1973	6259
1973	6033
1973	6000
1973	5890
1973	5869
1973	5776
1973	5432
1973	5023
1973	4866
1973	4000
1973	3772
1973	3360
1973	3294
1973	3282
1973	3212
1973	3094
1973	3026
1973	3000
1973	2921
1973	2787
1973	2425
1973	2267
1973	1900
1973	1791
1973	1520
1973	1461
1973	1422
1973	1162
1973	1075
1973	936
1973	710
1973	648
1973	633
1973	620
1973	618
1973	600
1973	536
1973	502
1973	408
1973	376
1973	350
1973	336
1973	325
1973	285
1973	255
1973	251
1973	250
1973	226
1973	180
1973	164
1973	149
1973	119
1973	100
1973	48
1973	43
1973	12
1973	10
1973	10
1973	8
1973	8
1973	1
1974	3607888
1974	2051652
1974	1627656
1974	730000
1974	556000
1974	332561
1974	329375
1974	277644
1974	239017
1974	225265
1974	210000
1974	148840
1974	143336
1974	125000
1974	122277
1974	114250
1974	105218
1974	92652
1974	89680
1974	85232
1974	85140
1974	81216
1974	75206
1974	68771
1974	62320
1974	58924
1974	58522
1974	55986
1974	50000
1974	48000
1974	44113
1974	42272
1974	39254
1974	39225
1974	38723
1974	37100
1974	37000
1974	36000
1974	34391
1974	32567
1974	31905
1974	28787
1974	25937
1974	25100
1974	24000
1974	22516
1974	20898
1974	19793
1974	19737
1974	19712
1974	18100
1974	17675
1974	16212
1974	16009
1974	15072
1974	13662
1974	13647
1974	12803
1974	12460
1974	11362
1974	10351
1974	10306
1974	9992
1974	9280
1974	9100
1974	8400
1974	7788
1974	7646
1974	7000
1974	6871
1974	6370
1974	6158
1974	5762
1974	5431
1974	5042
1974	4861
1974	4860
1974	4325
1974	3800
1974	3792
1974	3520
1974	3461
1974	3459
1974	3334
1974	3251
1974	2719
1974	2650
1974	2600
1974	2177
1974	2000
1974	1971
1974	1818
1974	1485
1974	1334
1974	1305
1974	946
1974	931
1974	750
1974	750
1974	746
1974	680
1974	654
1974	650
1974	640
1974	595
1974	590
1974	544
1974	440
1974	400
1974	394
1974	311
1974	293
1974	256
1974	254
1974	204
1974	196
1974	127
1974	118
1974	83
1974	80
1974	47
1974	20
1974	15
1974	10
1974	10
1974	9
1974	9
1974	8
1974	1
1974	1
1975	3816970
1975	1633659
1975	951144
1975	762000
1975	726000
1975	598106
1975	432500
1975	304836
1975	292041
1975	278780
1975	165249
1975	148985
1975	144339
1975	143053
1975	139356
1975	132539
1975	120241
1975	110306
1975	104871
1975	102184
1975	101788
1975	87096
1975	75495
1975	61734
1975	61672
1975	61511
1975	60948
1975	59710
1975	57052
1975	53000
1975	51000
1975	50500
1975	50394
1975	48000
1975	45290
1975	44495
1975	42925
1975	41838
1975	40000
1975	37500
1975	30955
1975	30275
1975	29653
1975	27200
1975	23892
1975	23314
1975	22935
1975	21069
1975	21053
1975	19000
1975	18189
1975	17928
1975	16864
1975	16508
1975	16307
1975	14656
1975	13651
1975	11898
1975	10839
1975	9699
1975	8809
1975	8165
1975	8014
1975	7767
1975	7700
1975	7146
1975	6933
1975	6857
1975	6840
1975	6746
1975	6608
1975	5772
1975	5443
1975	5355
1975	4728
1975	4560
1975	4408
1975	4200
1975	4127
1975	4041
1975	3956
1975	3600
1975	3100
1975	3068
1975	3046
1975	3019
1975	2923
1975	2896
1975	2437
1975	2430
1975	2000
1975	1784
1975	1449
1975	1400
1975	1319
1975	1279
1975	1193
1975	1043
1975	1000
1975	875
1975	843
1975	820
1975	759
1975	735
1975	662
1975	599
1975	561
1975	468
1975	428
1975	381
1975	377
1975	363
1975	308
1975	276
1975	250
1975	199
1975	125
1975	112
1975	97
1975	70
1975	46
1975	39
1975	15
1975	14
1975	11
1975	10
1975	9
1975	8
1975	1
1975	1
1976	3977872
1976	3052744
1976	1775260
1976	940000
1976	881000
1976	636000
1976	387240
1976	340908
1976	317384
1976	250348
1976	156490
1976	143952
1976	140909
1976	136542
1976	134477
1976	122100
1976	121843
1976	120415
1976	101337
1976	96088
1976	91888
1976	78001
1976	72839
1976	68548
1976	61910
1976	61622
1976	59551
1976	52000
1976	52000
1976	51907
1976	49865
1976	49260
1976	48076
1976	45000
1976	42683
1976	42591
1976	42300
1976	41000
1976	39766
1976	38000
1976	37639
1976	37042
1976	30677
1976	27700
1976	26504
1976	24602
1976	23600
1976	23507
1976	21067
1976	20758
1976	20264
1976	19651
1976	19032
1976	18204
1976	17901
1976	17000
1976	16901
1976	14754
1976	14426
1976	13749
1976	13499
1976	10538
1976	9255
1976	9009
1976	8822
1976	8278
1976	7861
1976	7542
1976	7063
1976	6931
1976	6855
1976	5548
1976	5534
1976	5479
1976	5437
1976	5332
1976	4706
1976	4597
1976	4339
1976	3900
1976	3880
1976	3722
1976	3680
1976	3630
1976	3400
1976	3353
1976	2952
1976	2916
1976	2816
1976	2739
1976	2346
1976	2203
1976	2000
1976	1546
1976	1467
1976	1271
1976	1250
1976	1220
1976	1196
1976	1174
1976	1025
1976	903
1976	901
1976	895
1976	880
1976	810
1976	784
1976	608
1976	437
1976	433
1976	400
1976	383
1976	368
1976	324
1976	323
1976	321
1976	225
1976	203
1976	149
1976	108
1976	57
1976	50
1976	46
1976	19
1976	16
1976	12
1976	11
1976	10
1976	1
1977	4090875
1977	3010000
1977	1925652
1977	890000
1977	827500
1977	734436
1977	597000
1977	307799
1977	302412
1977	296210
1977	177500
1977	163858
1977	147818
1977	145026
1977	140800
1977	133851
1977	121363
1977	106200
1977	89308
1977	88682
1977	83165
1977	78548
1977	76663
1977	76591
1977	63941
1977	52400
1977	51000
1977	50680
1977	50596
1977	50495
1977	50000
1977	49728
1977	48250
1977	47248
1977	43489
1977	42000
1977	41093
1977	41000
1977	40650
1977	39897
1977	32668
1977	31000
1977	30793
1977	28069
1977	28000
1977	27215
1977	23500
1977	22612
1977	22134
1977	21632
1977	21000
1977	19988
1977	19951
1977	19737
1977	19178
1977	18000
1977	17741
1977	17200
1977	15510
1977	12802
1977	11431
1977	10922
1977	9396
1977	8556
1977	8222
1977	7717
1977	7560
1977	7072
1977	7000
1977	6946
1977	6487
1977	6313
1977	6015
1977	5880
1977	5686
1977	5501
1977	5465
1977	4948
1977	4835
1977	4422
1977	4393
1977	4300
1977	3890
1977	3840
1977	3764
1977	3720
1977	3300
1977	3254
1977	2948
1977	2829
1977	2746
1977	2310
1977	2160
1977	2000
1977	1600
1977	1309
1977	1291
1977	1240
1977	1200
1977	1199
1977	1117
1977	983
1977	910
1977	891
1977	856
1977	699
1977	585
1977	580
1977	548
1977	513
1977	436
1977	412
1977	354
1977	300
1977	247
1977	231
1977	207
1977	182
1977	140
1977	103
1977	98
1977	66
1977	50
1977	45
1977	13
1977	12
1977	12
1977	12
1977	1
1978	4695936
1978	3090600
1978	2270000
1978	1583153
1978	1022500
1978	855589
1978	620000
1978	344180
1978	306267
1978	275743
1978	207500
1978	173033
1978	156821
1978	147150
1978	141094
1978	128963
1978	127919
1978	92975
1978	88855
1978	87616
1978	87412
1978	78745
1978	76251
1978	73055
1978	65072
1978	58566
1978	54963
1978	54133
1978	54059
1978	52000
1978	51495
1978	50595
1978	48766
1978	45447
1978	45300
1978	41782
1978	40000
1978	40000
1978	39561
1978	35237
1978	34924
1978	34756
1978	33360
1978	31000
1978	30752
1978	30600
1978	28777
1978	27844
1978	25105
1978	25025
1978	23164
1978	22303
1978	21713
1978	21540
1978	20200
1978	18286
1978	18000
1978	17059
1978	15007
1978	13926
1978	13175
1978	11213
1978	10101
1978	9987
1978	9182
1978	9000
1978	8832
1978	8765
1978	8482
1978	8000
1978	7880
1978	7642
1978	7564
1978	6548
1978	5800
1978	5727
1978	5282
1978	5236
1978	5100
1978	4902
1978	4636
1978	4631
1978	4000
1978	3953
1978	3849
1978	3838
1978	3200
1978	3069
1978	3044
1978	3018
1978	2755
1978	2440
1978	2000
1978	1902
1978	1900
1978	1599
1978	1452
1978	1440
1978	1392
1978	1359
1978	1182
1978	1068
1978	1007
1978	969
1978	874
1978	768
1978	690
1978	600
1978	592
1978	501
1978	500
1978	480
1978	473
1978	386
1978	240
1978	175
1978	125
1978	118
1978	100
1978	94
1978	88
1978	54
1978	47
1978	30
1978	16
1978	13
1978	12
1978	11
1978	1
1979	5162048
1979	3088985
1979	1833231
1979	1733750
1979	891000
1979	799312
1979	560000
1979	345086
1979	342204
1979	267888
1979	255396
1979	189000
1979	182705
1979	179853
1979	150584
1979	131605
1979	102865
1979	90243
1979	86124
1979	83261
1979	82327
1979	82175
1979	69718
1979	66743
1979	64651
1979	63600
1979	61568
1979	59388
1979	58704
1979	57549
1979	55884
1979	54000
1979	47000
1979	46287
1979	44000
1979	42735
1979	42000
1979	40000
1979	37760
1979	35567
1979	35133
1979	32871
1979	32255
1979	31556
1979	31434
1979	31200
1979	30407
1979	26747
1979	26355
1979	25850
1979	23900
1979	23800
1979	22244
1979	20365
1979	20000
1979	18500
1979	17188
1979	15648
1979	15162
1979	14016
1979	13954
1979	11817
1979	10894
1979	10417
1979	9713
1979	8335
1979	8245
1979	7624
1979	7266
1979	6895
1979	6770
1979	6695
1979	6325
1979	6243
1979	6000
1979	5997
1979	5873
1979	5372
1979	5048
1979	4976
1979	4813
1979	4532
1979	4200
1979	4199
1979	4100
1979	4000
1979	3812
1979	3767
1979	3712
1979	3000
1979	2892
1979	2569
1979	2320
1979	2250
1979	1922
1979	1423
1979	1400
1979	1300
1979	1181
1979	1041
1979	954
1979	938
1979	850
1979	822
1979	812
1979	808
1979	660
1979	650
1979	645
1979	635
1979	633
1979	526
1979	514
1979	386
1979	252
1979	224
1979	186
1979	154
1979	89
1979	73
1979	52
1979	50
1979	36
1979	23
1979	12
1979	12
1979	11
1979	11
1979	10
1979	2
1980	5303608
1980	3093208
1980	2775584
1980	2196608
1980	1620000
1980	925000
1980	696000
1980	368268
1980	331341
1980	311075
1980	266515
1980	212098
1980	195075
1980	173189
1980	161607
1980	148144
1980	147206
1980	143000
1980	117330
1980	105098
1980	87141
1980	82789
1980	79861
1980	76220
1980	65853
1980	64091
1980	60716
1980	59804
1980	59308
1980	51000
1980	50274
1980	50108
1980	50000
1980	49389
1980	47480
1980	47000
1980	45000
1980	40316
1980	40000
1980	39226
1980	37568
1980	35351
1980	34097
1980	33640
1980	33533
1980	33353
1980	32493
1980	31100
1980	28064
1980	27171
1980	26000
1980	25766
1980	24570
1980	23600
1980	20628
1980	20358
1980	19915
1980	18674
1980	17152
1980	16000
1980	15693
1980	15000
1980	12085
1980	11377
1980	9407
1980	9208
1980	8506
1980	8407
1980	8317
1980	7594
1980	7571
1980	7422
1980	7248
1980	7120
1980	7000
1980	6818
1980	6648
1980	5917
1980	5818
1980	5806
1980	5606
1980	5013
1980	4694
1980	4589
1980	4393
1980	4160
1980	3961
1980	3140
1980	2897
1980	2860
1980	2700
1980	2692
1980	2500
1980	2500
1980	2331
1980	2000
1980	1795
1980	1576
1980	1434
1980	1402
1980	1220
1980	1165
1980	961
1980	941
1980	850
1980	755
1980	666
1980	650
1980	568
1980	531
1980	524
1980	462
1980	459
1980	450
1980	401
1980	250
1980	186
1980	176
1980	69
1980	59
1980	55
1980	26
1980	24
1980	22
1980	13
1980	12
1980	10
1980	7
1980	1
1981	5158811
1981	3102128
1981	2201894
1981	1691526
1981	960000
1981	841250
1981	690000
1981	446258
1981	408857
1981	335649
1981	297803
1981	277500
1981	240495
1981	201445
1981	176236
1981	141676
1981	126454
1981	119800
1981	110051
1981	108884
1981	98683
1981	83929
1981	78186
1981	75918
1981	69281
1981	63917
1981	63012
1981	62964
1981	61000
1981	60116
1981	53202
1981	52800
1981	51668
1981	51595
1981	48000
1981	47000
1981	45421
1981	42939
1981	41836
1981	36692
1981	35992
1981	34761
1981	33720
1981	32900
1981	30933
1981	30926
1981	27257
1981	26869
1981	26750
1981	26000
1981	25099
1981	23600
1981	22350
1981	21980
1981	21586
1981	20624
1981	19498
1981	18128
1981	17184
1981	16000
1981	15000
1981	14563
1981	14395
1981	12081
1981	10627
1981	10303
1981	10064
1981	9700
1981	9385
1981	8480
1981	8332
1981	8131
1981	8121
1981	7472
1981	7300
1981	7010
1981	6770
1981	6696
1981	6256
1981	6034
1981	6033
1981	5417
1981	5312
1981	5115
1981	4376
1981	4160
1981	4100
1981	3889
1981	3674
1981	3400
1981	3268
1981	3000
1981	3000
1981	2844
1981	2762
1981	2592
1981	2250
1981	1821
1981	1539
1981	1494
1981	1395
1981	1030
1981	1016
1981	929
1981	826
1981	778
1981	700
1981	670
1981	656
1981	648
1981	594
1981	559
1981	494
1981	415
1981	210
1981	200
1981	140
1981	128
1981	105
1981	78
1981	68
1981	59
1981	49
1981	33
1981	25
1981	13
1981	12
1981	11
1981	10
1981	1
1982	5064748
1982	3103472
1982	2308754
1982	2074409
1982	1030000
1982	1005000
1982	654900
1982	417591
1982	381110
1982	336968
1982	219162
1982	216697
1982	208603
1982	207500
1982	156536
1982	130388
1982	127040
1982	124158
1982	111002
1982	100615
1982	94419
1982	78381
1982	77732
1982	75714
1982	72803
1982	70957
1982	67338
1982	65702
1982	65094
1982	60278
1982	59421
1982	57143
1982	55300
1982	55000
1982	54000
1982	51326
1982	50000
1982	44595
1982	41910
1982	39061
1982	37671
1982	33992
1982	32648
1982	31200
1982	31171
1982	29793
1982	28305
1982	26793
1982	26196
1982	25206
1982	24271
1982	24080
1982	22983
1982	22050
1982	21586
1982	21217
1982	17524
1982	17206
1982	16199
1982	15000
1982	14819
1982	14000
1982	11960
1982	10702
1982	10262
1982	9945
1982	9196
1982	8815
1982	8496
1982	8167
1982	7718
1982	7200
1982	7100
1982	7000
1982	7000
1982	6535
1982	6248
1982	6071
1982	5986
1982	5938
1982	5634
1982	5414
1982	5397
1982	5239
1982	5222
1982	5200
1982	4388
1982	4320
1982	4238
1982	3734
1982	3374
1982	3000
1982	2942
1982	2858
1982	2700
1982	2629
1982	2406
1982	2400
1982	2127
1982	1493
1982	1261
1982	1199
1982	1191
1982	1125
1982	1096
1982	794
1982	760
1982	694
1982	611
1982	605
1982	540
1982	504
1982	496
1982	466
1982	401
1982	400
1982	234
1982	206
1982	105
1982	69
1982	60
1982	58
1982	52
1982	32
1982	22
1982	13
1982	12
1982	10
1982	9
1982	8
1982	1
1983	5783196
1983	2701336
1983	1898370
1983	1894436
1983	1055000
1983	1023750
1983	792200
1983	446185
1983	334272
1983	329918
1983	270772
1983	216750
1983	204725
1983	202500
1983	156482
1983	136960
1983	123409
1983	120088
1983	100489
1983	95486
1983	93531
1983	85309
1983	83160
1983	80560
1983	79554
1983	77299
1983	69716
1983	69000
1983	63632
1983	62007
1983	59000
1983	58088
1983	58000
1983	53827
1983	53469
1983	52500
1983	51000
1983	48531
1983	48072
1983	42050
1983	38192
1983	35470
1983	33500
1983	33336
1983	33220
1983	32842
1983	27766
1983	26000
1983	25191
1983	24870
1983	23997
1983	22435
1983	21583
1983	21566
1983	21134
1983	20050
1983	19040
1983	18720
1983	18215
1983	15478
1983	14000
1983	13988
1983	13097
1983	11039
1983	10818
1983	10065
1983	9100
1983	8056
1983	7694
1983	7644
1983	7400
1983	7229
1983	7020
1983	7000
1983	6807
1983	6802
1983	6616
1983	6029
1983	6000
1983	5828
1983	5510
1983	5313
1983	5200
1983	5123
1983	4932
1983	4500
1983	4480
1983	4289
1983	4200
1983	3450
1983	3229
1983	3200
1983	3095
1983	3021
1983	3000
1983	2527
1983	2450
1983	2424
1983	1916
1983	1762
1983	1236
1983	1145
1983	1059
1983	1031
1983	1015
1983	880
1983	744
1983	734
1983	722
1983	700
1983	637
1983	615
1983	538
1983	460
1983	427
1983	363
1983	232
1983	162
1983	112
1983	59
1983	50
1983	48
1983	34
1983	27
1983	21
1983	16
1983	14
1983	13
1983	13
1983	10
1983	1
1984	5776013
1984	3453488
1984	2201775
1984	985000
1984	908750
1984	858297
1984	844180
1984	466482
1984	347718
1984	324119
1984	237620
1984	231500
1984	217459
1984	212000
1984	182483
1984	149837
1984	142813
1984	140239
1984	114417
1984	98615
1984	92687
1984	83889
1984	77737
1984	77102
1984	76654
1984	69314
1984	66521
1984	65173
1984	63965
1984	60000
1984	55763
1984	53745
1984	53654
1984	52000
1984	51895
1984	49000
1984	46400
1984	45835
1984	38276
1984	37870
1984	37096
1984	36726
1984	36221
1984	34400
1984	33464
1984	31724
1984	31348
1984	30256
1984	30221
1984	28250
1984	26820
1984	25913
1984	23710
1984	22000
1984	21546
1984	21288
1984	20376
1984	18316
1984	17000
1984	15165
1984	15000
1984	14730
1984	14335
1984	13421
1984	11062
1984	10190
1984	10122
1984	10046
1984	9274
1984	9156
1984	8194
1984	8160
1984	8016
1984	8000
1984	7576
1984	7051
1984	7042
1984	6950
1984	6526
1984	6194
1984	5942
1984	5304
1984	5186
1984	5128
1984	5100
1984	4640
1984	4400
1984	3800
1984	3144
1984	3090
1984	3000
1984	3000
1984	2954
1984	2860
1984	2565
1984	2511
1984	2503
1984	2027
1984	1600
1984	1518
1984	1313
1984	1190
1984	1063
1984	1034
1984	1017
1984	908
1984	842
1984	747
1984	692
1984	678
1984	655
1984	651
1984	400
1984	348
1984	266
1984	264
1984	250
1984	133
1984	94
1984	80
1984	54
1984	54
1984	50
1984	49
1984	34
1984	21
1984	15
1984	13
1984	13
1984	9
1984	1
1985	4765761
1985	3801383
1985	2228033
1985	1238750
1985	1238019
1985	950000
1985	654000
1985	492246
1985	288957
1985	265936
1985	264500
1985	238500
1985	238175
1985	224249
1985	211762
1985	206852
1985	166475
1985	141400
1985	128664
1985	113967
1985	107789
1985	102083
1985	87338
1985	81659
1985	76000
1985	70755
1985	68000
1985	65938
1985	65350
1985	62750
1985	60328
1985	56923
1985	55200
1985	54200
1985	51109
1985	51000
1985	47871
1985	46551
1985	42616
1985	40613
1985	40135
1985	39200
1985	37948
1985	37571
1985	37228
1985	36956
1985	35260
1985	31732
1985	29575
1985	29200
1985	28969
1985	28699
1985	25195
1985	23484
1985	21546
1985	21320
1985	19000
1985	18551
1985	18000
1985	16425
1985	15128
1985	14997
1985	14940
1985	14550
1985	14000
1985	13744
1985	12613
1985	12054
1985	11675
1985	11315
1985	10200
1985	10187
1985	9209
1985	8654
1985	8224
1985	8110
1985	7850
1985	7722
1985	7219
1985	6802
1985	6710
1985	6359
1985	6346
1985	5330
1985	5238
1985	5204
1985	4937
1985	4895
1985	4700
1985	4300
1985	4214
1985	4000
1985	3965
1985	3738
1985	3451
1985	3208
1985	2650
1985	2551
1985	1757
1985	1728
1985	1479
1985	1400
1985	1300
1985	1252
1985	1248
1985	1224
1985	960
1985	761
1985	682
1985	667
1985	662
1985	644
1985	439
1985	310
1985	300
1985	274
1985	271
1985	213
1985	171
1985	164
1985	108
1985	100
1985	84
1985	70
1985	58
1985	35
1985	33
1985	27
1985	19
1985	13
1985	11
1985	1
1986	5374459
1986	3603300
1986	2329088
1986	1528167
1986	1025000
1986	960000
1986	759000
1986	497411
1986	401475
1986	395276
1986	339572
1986	272500
1986	269682
1986	249350
1986	205741
1986	204760
1986	196601
1986	167493
1986	127281
1986	112016
1986	101261
1986	95909
1986	92000
1986	86874
1986	75681
1986	74496
1986	74389
1986	72861
1986	64394
1986	63532
1986	61639
1986	61485
1986	61000
1986	59400
1986	57974
1986	55000
1986	52055
1986	51339
1986	48357
1986	47950
1986	41544
1986	41046
1986	40900
1986	40137
1986	38868
1986	37943
1986	37559
1986	31220
1986	28485
1986	28454
1986	27935
1986	27206
1986	26532
1986	23000
1986	22912
1986	22540
1986	21723
1986	21552
1986	16000
1986	15010
1986	14822
1986	14498
1986	14279
1986	14137
1986	12594
1986	12458
1986	11800
1986	11544
1986	11000
1986	10785
1986	9388
1986	9388
1986	9030
1986	8895
1986	8385
1986	8200
1986	7902
1986	7067
1986	6995
1986	6940
1986	6593
1986	6500
1986	6318
1986	6246
1986	6126
1986	6007
1986	5489
1986	5200
1986	4842
1986	4166
1986	4000
1986	3247
1986	3147
1986	3098
1986	2981
1986	2711
1986	2689
1986	2534
1986	2120
1986	1841
1986	1654
1986	1300
1986	1297
1986	1198
1986	1160
1986	1099
1986	1057
1986	1004
1986	834
1986	826
1986	787
1986	732
1986	481
1986	423
1986	402
1986	396
1986	340
1986	260
1986	196
1986	186
1986	146
1986	112
1986	100
1986	98
1986	59
1986	43
1986	21
1986	17
1986	13
1986	11
1986	11
1986	1
1987	6169856
1987	3307187
1987	2765786
1987	1680898
1987	750000
1987	726250
1987	572000
1987	514975
1987	513231
1987	352263
1987	291368
1987	259550
1987	254224
1987	223588
1987	219380
1987	210000
1987	209806
1987	170704
1987	101788
1987	96000
1987	95693
1987	94954
1987	94547
1987	93860
1987	92544
1987	90306
1987	73600
1987	66621
1987	61259
1987	59896
1987	59414
1987	57000
1987	56000
1987	53000
1987	52712
1987	51456
1987	50693
1987	49505
1987	46606
1987	42803
1987	42800
1987	41317
1987	38664
1987	38399
1987	37213
1987	36524
1987	32217
1987	31612
1987	29398
1987	28066
1987	26267
1987	23789
1987	23139
1987	22700
1987	22440
1987	19252
1987	17504
1987	15514
1987	15105
1987	15000
1987	14714
1987	14000
1987	13382
1987	13054
1987	12919
1987	12322
1987	11500
1987	11184
1987	10750
1987	10386
1987	10000
1987	9617
1987	9067
1987	8971
1987	8943
1987	8586
1987	8527
1987	8415
1987	8400
1987	8182
1987	8035
1987	7411
1987	6883
1987	6769
1987	6042
1987	5465
1987	5296
1987	5046
1987	4620
1987	4400
1987	4000
1987	3678
1987	3351
1987	2949
1987	2850
1987	2850
1987	2649
1987	1889
1987	1682
1987	1660
1987	1632
1987	1300
1987	1283
1987	1197
1987	1153
1987	1100
1987	889
1987	883
1987	815
1987	755
1987	736
1987	734
1987	517
1987	398
1987	376
1987	266
1987	205
1987	182
1987	162
1987	155
1987	150
1987	147
1987	133
1987	133
1987	88
1987	66
1987	39
1987	13
1987	10
1987	8
1987	8
1987	1
1988	6259417
1988	3755081
1988	2516806
1988	1679277
1988	823000
1988	588255
1988	511909
1988	439782
1988	273550
1988	243088
1988	231093
1988	226025
1988	214950
1988	209000
1988	181407
1988	146367
1988	121700
1988	119452
1988	117060
1988	112613
1988	103997
1988	103273
1988	103131
1988	101500
1988	98791
1988	80319
1988	80000
1988	73000
1988	70000
1988	69604
1988	64032
1988	63110
1988	62497
1988	60000
1988	55224
1988	53000
1988	52647
1988	52500
1988	48127
1988	45274
1988	44300
1988	43704
1988	39585
1988	38809
1988	37345
1988	36234
1988	35135
1988	33732
1988	32865
1988	31386
1988	29218
1988	24752
1988	24634
1988	24367
1988	23582
1988	19882
1988	19022
1988	17692
1988	15425
1988	15000
1988	14255
1988	14100
1988	13540
1988	13500
1988	13380
1988	13231
1988	13026
1988	13000
1988	12687
1988	12446
1988	12000
1988	11713
1988	11600
1988	10950
1988	10616
1988	10234
1988	9650
1988	9022
1988	8852
1988	8600
1988	8500
1988	7855
1988	7200
1988	7133
1988	5596
1988	5588
1988	4998
1988	4912
1988	4350
1988	4214
1988	4000
1988	3880
1988	3819
1988	3332
1988	3207
1988	3138
1988	2989
1988	2651
1988	1623
1988	1565
1988	1490
1988	1300
1988	1293
1988	1262
1988	1124
1988	1046
1988	993
1988	964
1988	777
1988	765
1988	697
1988	602
1988	591
1988	417
1988	407
1988	400
1988	377
1988	362
1988	309
1988	154
1988	150
1988	123
1988	112
1988	87
1988	72
1988	66
1988	51
1988	29
1988	13
1988	12
1988	1
1989	6070600
1989	4012656
1989	2675242
1989	1761162
1989	965000
1989	558372
1989	532450
1989	394182
1989	374501
1989	351358
1989	295720
1989	272085
1989	224067
1989	176327
1989	149959
1989	144401
1989	134700
1989	125000
1989	111991
1989	111291
1989	106951
1989	106128
1989	101506
1989	100927
1989	90000
1989	89000
1989	86970
1989	80000
1989	76852
1989	76326
1989	75398
1989	74000
1989	71000
1989	63758
1989	59000
1989	58049
1989	56214
1989	52614
1989	51360
1989	51152
1989	48730
1989	45200
1989	43025
1989	41688
1989	40114
1989	38367
1989	34217
1989	33756
1989	31441
1989	31350
1989	28029
1989	27019
1989	26588
1989	25489
1989	24519
1989	24227
1989	21900
1989	21096
1989	17564
1989	15657
1989	14583
1989	14558
1989	14000
1989	13524
1989	13497
1989	12954
1989	12584
1989	12541
1989	11927
1989	11100
1989	11000
1989	10942
1989	10600
1989	10218
1989	10000
1989	9850
1989	9752
1989	9686
1989	8886
1989	8802
1989	8460
1989	7962
1989	7800
1989	7051
1989	6251
1989	5613
1989	5365
1989	5126
1989	4978
1989	4712
1989	4319
1989	4000
1989	3917
1989	3860
1989	3334
1989	3180
1989	2916
1989	1842
1989	1632
1989	1321
1989	1300
1989	1232
1989	1120
1989	1098
1989	1089
1989	1032
1989	1018
1989	877
1989	782
1989	721
1989	719
1989	524
1989	384
1989	351
1989	334
1989	294
1989	287
1989	175
1989	168
1989	162
1989	153
1989	140
1989	90
1989	77
1989	74
1989	33
1989	29
1989	18
1989	13
1989	12
1989	1
1990	7818680
1990	3766752
1990	2284695
1990	2014514
1990	896000
1990	643452
1990	592547
1990	434799
1990	307480
1990	292603
1990	231730
1990	223025
1990	194810
1990	170383
1990	164138
1990	160000
1990	129345
1990	125560
1990	120000
1990	117385
1990	112080
1990	111909
1990	111690
1990	102784
1990	96798
1990	84000
1990	78905
1990	77751
1990	75759
1990	70563
1990	69154
1990	65500
1990	59000
1990	59000
1990	56000
1990	53291
1990	52000
1990	48500
1990	48392
1990	47053
1990	46475
1990	44865
1990	44132
1990	37880
1990	35146
1990	33252
1990	32407
1990	31702
1990	31476
1990	29407
1990	28700
1990	26920
1990	26102
1990	25635
1990	24857
1990	23433
1990	23064
1990	23011
1990	18692
1990	17600
1990	16271
1990	15920
1990	15381
1990	14000
1990	13641
1990	13351
1990	12881
1990	12755
1990	12094
1990	11741
1990	10130
1990	10000
1990	10000
1990	10000
1990	9842
1990	9579
1990	9351
1990	8767
1990	8764
1990	8395
1990	8285
1990	8205
1990	7618
1990	7000
1990	6914
1990	6683
1990	6143
1990	5675
1990	5453
1990	5002
1990	5000
1990	4511
1990	4304
1990	4192
1990	3717
1990	3596
1990	2767
1990	2380
1990	1858
1990	1617
1990	1441
1990	1331
1990	1311
1990	1292
1990	1216
1990	1014
1990	976
1990	900
1990	778
1990	745
1990	702
1990	660
1990	512
1990	390
1990	361
1990	353
1990	350
1990	196
1990	187
1990	180
1990	175
1990	145
1990	90
1990	75
1990	71
1990	61
1990	56
1990	22
1990	14
1990	11
1990	1
1991	8323460
1991	2669904
1991	2500014
1991	1906886
1991	806000
1991	648109
1991	580350
1991	430171
1991	321040
1991	313071
1991	262932
1991	230058
1991	215000
1991	201649
1991	165930
1991	165453
1991	150067
1991	150000
1991	147574
1991	129594
1991	127593
1991	114148
1991	111022
1991	108336
1991	101805
1991	87000
1991	84533
1991	80497
1991	76720
1991	74968
1991	70274
1991	69000
1991	66000
1991	64059
1991	60000
1991	58179
1991	58000
1991	48000
1991	47595
1991	47509
1991	47420
1991	46100
1991	41562
1991	39932
1991	39190
1991	37737
1991	37613
1991	33854
1991	30803
1991	30200
1991	29766
1991	27865
1991	26880
1991	26022
1991	24558
1991	20700
1991	19226
1991	16416
1991	15724
1991	15522
1991	15184
1991	15000
1991	14916
1991	14617
1991	14198
1991	14000
1991	11500
1991	11205
1991	11146
1991	11088
1991	10600
1991	9558
1991	9555
1991	9175
1991	8988
1991	8912
1991	8610
1991	8602
1991	8481
1991	8247
1991	8115
1991	8000
1991	7850
1991	7567
1991	6161
1991	6072
1991	5700
1991	5343
1991	5155
1991	4763
1991	4716
1991	4622
1991	4554
1991	4000
1991	3132
1991	2960
1991	2258
1991	1452
1991	1383
1991	1374
1991	1277
1991	1260
1991	1036
1991	1020
1991	962
1991	921
1991	850
1991	725
1991	560
1991	504
1991	405
1991	350
1991	315
1991	276
1991	270
1991	252
1991	241
1991	200
1991	175
1991	121
1991	106
1991	93
1991	88
1991	59
1991	38
1991	21
1991	13
1991	9
1991	8
1991	1
1991	1
1992	8926241
1992	3163461
1992	2084128
1992	1020000
1992	651427
1992	588961
1992	505910
1992	310315
1992	278000
1992	254156
1992	225663
1992	190660
1992	190000
1992	179597
1992	177922
1992	171067
1992	156145
1992	150000
1992	141237
1992	135925
1992	134089
1992	122041
1992	120992
1992	99069
1992	92581
1992	90067
1992	89000
1992	86322
1992	85591
1992	85000
1992	79010
1992	78498
1992	71000
1992	70000
1992	69401
1992	67849
1992	67459
1992	59000
1992	56906
1992	46459
1992	45941
1992	45829
1992	45635
1992	45000
1992	44102
1992	43907
1992	43000
1992	40700
1992	38731
1992	38452
1992	38205
1992	35689
1992	31508
1992	31486
1992	30824
1992	30216
1992	28977
1992	28082
1992	28032
1992	23561
1992	23424
1992	22500
1992	22471
1992	21688
1992	16904
1992	16685
1992	16154
1992	16000
1992	15567
1992	14973
1992	14180
1992	14000
1992	13772
1992	13750
1992	12978
1992	12811
1992	12700
1992	12419
1992	12000
1992	11602
1992	11566
1992	11203
1992	10696
1992	10521
1992	10416
1992	10092
1992	10028
1992	9851
1992	9500
1992	9453
1992	9349
1992	9113
1992	8815
1992	8650
1992	8436
1992	8000
1992	7560
1992	6120
1992	5800
1992	5386
1992	5124
1992	4919
1992	4798
1992	4718
1992	4364
1992	4000
1992	3180
1992	3008
1992	2607
1992	1891
1992	1861
1992	1432
1992	1326
1992	1325
1992	1210
1992	1174
1992	1100
1992	961
1992	860
1992	842
1992	744
1992	657
1992	646
1992	641
1992	550
1992	510
1992	483
1992	336
1992	323
1992	300
1992	280
1992	277
1992	200
1992	170
1992	136
1992	126
1992	111
1992	96
1992	89
1992	66
1992	49
1992	38
1992	20
1992	13
1992	9
1992	1
1993	9130697
1993	3137886
1993	2018140
1993	958000
1993	702429
1993	638908
1993	466125
1993	348160
1993	324817
1993	288000
1993	240227
1993	203721
1993	200100
1993	181243
1993	166460
1993	155000
1993	153531
1993	138894
1993	132000
1993	129895
1993	125784
1993	125192
1993	110928
1993	109764
1993	109734
1993	108846
1993	108187
1993	104812
1993	100000
1993	97818
1993	86187
1993	80839
1993	78000
1993	65000
1993	64079
1993	61000
1993	60000
1993	57413
1993	55500
1993	49892
1993	48981
1993	48878
1993	48000
1993	46703
1993	45905
1993	45578
1993	45454
1993	41350
1993	40880
1993	40000
1993	37448
1993	36028
1993	35777
1993	35608
1993	34000
1993	33445
1993	32123
1993	30856
1993	30761
1993	30483
1993	27170
1993	25493
1993	22608
1993	22349
1993	21156
1993	18100
1993	18000
1993	17062
1993	17000
1993	17000
1993	16428
1993	15427
1993	15080
1993	14477
1993	14211
1993	14000
1993	12630
1993	12336
1993	12249
1993	11961
1993	10845
1993	10644
1993	10573
1993	10230
1993	9980
1993	9957
1993	9520
1993	9496
1993	9276
1993	9251
1993	9228
1993	9000
1993	8605
1993	7013
1993	6640
1993	6600
1993	5847
1993	5800
1993	5655
1993	5226
1993	4870
1993	4725
1993	4500
1993	4406
1993	4350
1993	4201
1993	4200
1993	4000
1993	3370
1993	2332
1993	1912
1993	1850
1993	1705
1993	1646
1993	1391
1993	1250
1993	1239
1993	1200
1993	1079
1993	985
1993	952
1993	927
1993	863
1993	631
1993	610
1993	580
1993	552
1993	536
1993	450
1993	401
1993	280
1993	279
1993	261
1993	225
1993	200
1993	180
1993	171
1993	142
1993	133
1993	117
1993	112
1993	105
1993	52
1993	27
1993	25
1993	23
1993	13
1993	9
1993	1
1993	1
1994	9643368
1994	3389626
1994	2165804
1994	894000
1994	770276
1994	633966
1994	511109
1994	399143
1994	282002
1994	277370
1994	236200
1994	233384
1994	224733
1994	169915
1994	150880
1994	149735
1994	144285
1994	142455
1994	138848
1994	138501
1994	125371
1994	116746
1994	111626
1994	111083
1994	107000
1994	102945
1994	101156
1994	100441
1994	96474
1994	87925
1994	74204
1994	74000
1994	74000
1994	66000
1994	64021
1994	62224
1994	60000
1994	59980
1994	57000
1994	53607
1994	49317
1994	48000
1994	46103
1994	45976
1994	45322
1994	44683
1994	43780
1994	42904
1994	41300
1994	40026
1994	40000
1994	39400
1994	35630
1994	34781
1994	34539
1994	34353
1994	33069
1994	30499
1994	28533
1994	27000
1994	25051
1994	23842
1994	23250
1994	22205
1994	22000
1994	20881
1994	19506
1994	19410
1994	18095
1994	17589
1994	16263
1994	15512
1994	15000
1994	14325
1994	14218
1994	13963
1994	13400
1994	12303
1994	12000
1994	11700
1994	11457
1994	10000
1994	9896
1994	9864
1994	9666
1994	9475
1994	9448
1994	9375
1994	9000
1994	8541
1994	8470
1994	7900
1994	7842
1994	7800
1994	7700
1994	6947
1994	6487
1994	5837
1994	5510
1994	5041
1994	4700
1994	4000
1994	3969
1994	3864
1994	3582
1994	3470
1994	3220
1994	3000
1994	2800
1994	2268
1994	1839
1994	1497
1994	1495
1994	1493
1994	1336
1994	1126
1994	926
1994	918
1994	865
1994	850
1994	822
1994	817
1994	699
1994	612
1994	591
1994	409
1994	390
1994	388
1994	360
1994	348
1994	301
1994	283
1994	265
1994	207
1994	200
1994	195
1994	172
1994	147
1994	128
1994	110
1994	99
1994	77
1994	49
1994	33
1994	25
1994	24
1994	14
1994	10
1994	1
1995	9561395
1995	3757628
1995	2117880
1995	960000
1995	774137
1995	630473
1995	582747
1995	308001
1995	297485
1995	292800
1995	249676
1995	231004
1995	202547
1995	182741
1995	182596
1995	182193
1995	164301
1995	150728
1995	143320
1995	138433
1995	135833
1995	128261
1995	121314
1995	118000
1995	114210
1995	111762
1995	104000
1995	100343
1995	92380
1995	91080
1995	84750
1995	79000
1995	76000
1995	75000
1995	66760
1995	66315
1995	62690
1995	58777
1995	58655
1995	57291
1995	53319
1995	51125
1995	49827
1995	49301
1995	48128
1995	47902
1995	47000
1995	46950
1995	45000
1995	42752
1995	42097
1995	41500
1995	40397
1995	40000
1995	39600
1995	34771
1995	34238
1995	33349
1995	29077
1995	29010
1995	27000
1995	24590
1995	23800
1995	22133
1995	21510
1995	20243
1995	19000
1995	18780
1995	18591
1995	17228
1995	16369
1995	15755
1995	15016
1995	15000
1995	15000
1995	14509
1995	14263
1995	13649
1995	13125
1995	13089
1995	13000
1995	12978
1995	11875
1995	11543
1995	10093
1995	10000
1995	9706
1995	9452
1995	9172
1995	8944
1995	8800
1995	8381
1995	8000
1995	6877
1995	6800
1995	6781
1995	6115
1995	5841
1995	5588
1995	5295
1995	5152
1995	4993
1995	4610
1995	4204
1995	4182
1995	3600
1995	3450
1995	3389
1995	3000
1995	2435
1995	1983
1995	1500
1995	1491
1995	1432
1995	1337
1995	1023
1995	1018
1995	994
1995	986
1995	985
1995	968
1995	884
1995	732
1995	664
1995	637
1995	563
1995	500
1995	466
1995	401
1995	387
1995	371
1995	348
1995	290
1995	290
1995	285
1995	247
1995	215
1995	200
1995	127
1995	114
1995	100
1995	64
1995	48
1995	39
1995	38
1995	25
1995	18
1995	16
1995	9
1995	1
1996	10471390
1996	3550810
1996	2113642
1996	1080000
1996	672766
1996	632603
1996	631709
1996	320333
1996	290006
1996	269795
1996	252164
1996	214199
1996	203468
1996	198745
1996	175019
1996	162819
1996	160838
1996	159234
1996	143804
1996	141090
1996	138768
1996	136793
1996	134725
1996	126285
1996	124000
1996	121098
1996	116279
1996	113605
1996	93656
1996	87000
1996	80000
1996	76282
1996	75000
1996	73516
1996	69678
1996	68667
1996	63443
1996	62916
1996	62888
1996	62675
1996	60163
1996	60035
1996	58328
1996	53100
1996	52737
1996	50000
1996	49862
1996	46057
1996	45985
1996	45499
1996	43500
1996	43485
1996	40810
1996	40006
1996	37750
1996	33000
1996	32080
1996	31357
1996	31141
1996	30000
1996	29525
1996	28175
1996	26220
1996	22796
1996	21802
1996	21000
1996	20000
1996	19726
1996	19237
1996	18567
1996	18448
1996	18291
1996	18036
1996	17632
1996	16000
1996	14400
1996	14300
1996	13732
1996	13365
1996	12994
1996	12245
1996	11680
1996	10598
1996	10429
1996	10271
1996	10000
1996	9320
1996	9110
1996	8438
1996	7686
1996	7447
1996	7406
1996	7323
1996	7195
1996	7000
1996	6947
1996	6594
1996	6100
1996	5394
1996	5331
1996	4862
1996	4840
1996	4663
1996	4293
1996	4000
1996	3829
1996	3740
1996	2591
1996	2522
1996	2046
1996	1886
1996	1801
1996	1564
1996	1424
1996	1300
1996	1221
1996	999
1996	911
1996	907
1996	840
1996	825
1996	778
1996	756
1996	685
1996	586
1996	577
1996	430
1996	425
1996	420
1996	353
1996	338
1996	334
1996	315
1996	286
1996	246
1996	239
1996	200
1996	185
1996	154
1996	153
1996	93
1996	89
1996	72
1996	59
1996	26
1996	22
1996	11
1996	7
1996	6
1996	1
1997	9728633
1997	3348270
1997	2952434
1997	1100000
1997	773445
1997	636624
1997	586966
1997	390009
1997	347510
1997	311661
1997	247748
1997	235518
1997	206683
1997	184725
1997	179011
1997	167988
1997	156891
1997	153060
1997	150665
1997	150000
1997	147000
1997	145510
1997	143077
1997	140765
1997	139630
1997	136716
1997	127760
1997	121231
1997	120580
1997	111826
1997	99910
1997	93000
1997	83200
1997	77618
1997	76000
1997	74431
1997	74047
1997	73156
1997	71498
1997	70895
1997	69505
1997	66302
1997	60187
1997	58151
1997	56771
1997	53700
1997	52000
1997	49621
1997	49415
1997	48500
1997	43723
1997	43300
1997	43020
1997	42180
1997	42122
1997	41679
1997	41328
1997	38305
1997	36303
1997	35701
1997	30000
1997	29823
1997	27111
1997	27008
1997	26668
1997	25000
1997	23666
1997	23315
1997	22583
1997	20602
1997	17048
1997	17000
1997	16800
1997	16760
1997	16506
1997	15190
1997	14729
1997	14379
1997	14186
1997	13000
1997	11975
1997	11134
1997	10270
1997	10261
1997	10129
1997	10054
1997	10000
1997	9890
1997	9343
1997	8735
1997	8419
1997	7422
1997	7236
1997	7116
1997	6981
1997	6407
1997	6024
1997	5800
1997	5782
1997	5206
1997	4950
1997	4644
1997	4276
1997	4243
1997	4055
1997	3807
1997	3480
1997	3200
1997	3000
1997	2629
1997	2358
1997	1718
1997	1566
1997	1410
1997	1258
1997	1210
1997	1200
1997	1008
1997	942
1997	904
1997	845
1997	836
1997	800
1997	691
1997	616
1997	606
1997	563
1997	556
1997	555
1997	500
1997	300
1997	290
1997	286
1997	280
1997	261
1997	256
1997	237
1997	235
1997	200
1997	175
1997	121
1997	106
1997	78
1997	69
1997	69
1997	25
1997	14
1997	14
1997	8
1997	3
1997	1
1998	11241696
1998	3133065
1998	2576522
1998	1100000
1998	812227
1998	636525
1998	572339
1998	481707
1998	305259
1998	300350
1998	258708
1998	210208
1998	185367
1998	175770
1998	174651
1998	163075
1998	148983
1998	144682
1998	143834
1998	137215
1998	136155
1998	136026
1998	130000
1998	123069
1998	121000
1998	118552
1998	110537
1998	109814
1998	106993
1998	94530
1998	92000
1998	87351
1998	84000
1998	83000
1998	75296
1998	73680
1998	71808
1998	71152
1998	64975
1998	61700
1998	61566
1998	61537
1998	57725
1998	57657
1998	55314
1998	51114
1998	50669
1998	48932
1998	46506
1998	45533
1998	45000
1998	43658
1998	41469
1998	41194
1998	38788
1998	38200
1998	34414
1998	30000
1998	29267
1998	29112
1998	28800
1998	28000
1998	23967
1998	23710
1998	23609
1998	21695
1998	21290
1998	20833
1998	20000
1998	18310
1998	18242
1998	18102
1998	18000
1998	17379
1998	16200
1998	16120
1998	16039
1998	15175
1998	14843
1998	13010
1998	12322
1998	11217
1998	11000
1998	10880
1998	10511
1998	10316
1998	10048
1998	10000
1998	8995
1998	8824
1998	7965
1998	7442
1998	7031
1998	6884
1998	6160
1998	6126
1998	5912
1998	5156
1998	4723
1998	4447
1998	4297
1998	4210
1998	4044
1998	3932
1998	3900
1998	3838
1998	3110
1998	2817
1998	2729
1998	2261
1998	2240
1998	2198
1998	2081
1998	2000
1998	1449
1998	1400
1998	1328
1998	1276
1998	1232
1998	1107
1998	1001
1998	766
1998	710
1998	706
1998	695
1998	679
1998	573
1998	570
1998	500
1998	466
1998	460
1998	289
1998	277
1998	272
1998	270
1998	230
1998	215
1998	168
1998	158
1998	142
1998	95
1998	95
1998	77
1998	45
1998	37
1998	24
1998	14
1998	13
1998	5
1998	2
1998	1
1999	10728074
1999	3285975
1999	2062972
1999	1100000
1999	937705
1999	636382
1999	611713
1999	542267
1999	306340
1999	304524
1999	284480
1999	216615
1999	205067
1999	203000
1999	192010
1999	175277
1999	163891
1999	159769
1999	155420
1999	154275
1999	150301
1999	146854
1999	146779
1999	141801
1999	139745
1999	129044
1999	121228
1999	112843
1999	109000
1999	108144
1999	97105
1999	96128
1999	95000
1999	92000
1999	83000
1999	79647
1999	74759
1999	74304
1999	70592
1999	64095
1999	62884
1999	61804
1999	60577
1999	57346
1999	56313
1999	55603
1999	55000
1999	52574
1999	46121
1999	45800
1999	43620
1999	43498
1999	42044
1999	41788
1999	41699
1999	39363
1999	38156
1999	37564
1999	37372
1999	35404
1999	31340
1999	30782
1999	30000
1999	29380
1999	28210
1999	27851
1999	26898
1999	25000
1999	24415
1999	22000
1999	21731
1999	19025
1999	18832
1999	18179
1999	17666
1999	17636
1999	17531
1999	17305
1999	15000
1999	14200
1999	13903
1999	12672
1999	12528
1999	12334
1999	10804
1999	10332
1999	10160
1999	10000
1999	9587
1999	9082
1999	9000
1999	7048
1999	6650
1999	6618
1999	6450
1999	6324
1999	5921
1999	5900
1999	5656
1999	5567
1999	5440
1999	4710
1999	4050
1999	4000
1999	3765
1999	3755
1999	3027
1999	3008
1999	2998
1999	2900
1999	2856
1999	2816
1999	1948
1999	1924
1999	1814
1999	1689
1999	1418
1999	1385
1999	1300
1999	1250
1999	1230
1999	1200
1999	941
1999	834
1999	795
1999	714
1999	600
1999	528
1999	430
1999	411
1999	385
1999	311
1999	294
1999	270
1999	260
1999	245
1999	241
1999	179
1999	167
1999	113
1999	105
1999	80
1999	74
1999	66
1999	28
1999	17
1999	16
1999	16
1999	5
1999	2
1999	2
2000	9728310
2000	3365058
2000	2143636
2000	1200000
2000	962157
2000	595843
2000	545111
2000	457937
2000	350466
2000	274681
2000	250000
2000	217859
2000	210061
2000	208000
2000	197897
2000	175574
2000	160565
2000	152540
2000	152371
2000	151062
2000	146880
2000	143989
2000	139135
2000	134793
2000	133434
2000	119354
2000	115684
2000	115020
2000	110848
2000	105966
2000	99000
2000	96234
2000	92000
2000	89011
2000	84051
2000	82697
2000	82000
2000	74504
2000	71553
2000	69022
2000	67652
2000	59845
2000	57288
2000	56000
2000	55851
2000	53369
2000	50000
2000	49086
2000	47309
2000	47154
2000	46622
2000	45100
2000	44073
2000	43720
2000	42222
2000	41945
2000	40364
2000	40152
2000	39053
2000	37598
2000	35951
2000	34842
2000	34246
2000	30000
2000	29770
2000	29000
2000	25098
2000	22991
2000	22477
2000	22401
2000	21913
2000	20060
2000	20059
2000	18721
2000	18055
2000	17183
2000	16589
2000	15833
2000	15000
2000	14122
2000	14000
2000	14000
2000	13463
2000	13000
2000	11917
2000	11413
2000	11255
2000	10976
2000	10607
2000	10000
2000	9944
2000	9665
2000	9250
2000	7800
2000	7049
2000	6833
2000	6619
2000	6419
2000	6398
2000	6317
2000	5854
2000	5806
2000	4918
2000	4620
2000	4000
2000	3858
2000	3481
2000	3464
2000	3000
2000	2971
2000	2480
2000	2348
2000	2239
2000	1800
2000	1748
2000	1526
2000	1500
2000	1461
2000	1315
2000	1300
2000	1280
2000	1033
2000	935
2000	866
2000	772
2000	685
2000	658
2000	600
2000	580
2000	558
2000	483
2000	390
2000	380
2000	362
2000	334
2000	300
2000	294
2000	250
2000	236
2000	198
2000	163
2000	76
2000	75
2000	59
2000	24
2000	21
2000	18
2000	18
2000	5
2000	2
2000	1
2001	9237611
2001	4257966
2001	2376230
2001	1300000
2001	939226
2001	513052
2001	495038
2001	431697
2001	349084
2001	295600
2001	286839
2001	221643
2001	216711
2001	213000
2001	210000
2001	180218
2001	170777
2001	166092
2001	164284
2001	163213
2001	162371
2001	149314
2001	148159
2001	140971
2001	137977
2001	133312
2001	117587
2001	105000
2001	103394
2001	102076
2001	96241
2001	95379
2001	89428
2001	88000
2001	87525
2001	85000
2001	83000
2001	80985
2001	78576
2001	73563
2001	73087
2001	72163
2001	69583
2001	64877
2001	62088
2001	60852
2001	58699
2001	53324
2001	51414
2001	50460
2001	50000
2001	48478
2001	48358
2001	45300
2001	44428
2001	42289
2001	40270
2001	40000
2001	39631
2001	37252
2001	35464
2001	33112
2001	31955
2001	26741
2001	26411
2001	26300
2001	26063
2001	25837
2001	24000
2001	22697
2001	22082
2001	21228
2001	20942
2001	20000
2001	19094
2001	18921
2001	18069
2001	17673
2001	15452
2001	15000
2001	15000
2001	14717
2001	14624
2001	13458
2001	11062
2001	11017
2001	10698
2001	10608
2001	10594
2001	10108
2001	10000
2001	9998
2001	9275
2001	8473
2001	8075
2001	8050
2001	7490
2001	7482
2001	7008
2001	6425
2001	6044
2001	5848
2001	5580
2001	5000
2001	4439
2001	4150
2001	3702
2001	3557
2001	3000
2001	2642
2001	2428
2001	2400
2001	2238
2001	2200
2001	1978
2001	1938
2001	1923
2001	1600
2001	1530
2001	1400
2001	1392
2001	1356
2001	1298
2001	1204
2001	1004
2001	915
2001	713
2001	620
2001	574
2001	452
2001	434
2001	366
2001	325
2001	323
2001	312
2001	300
2001	296
2001	274
2001	206
2001	189
2001	182
2001	76
2001	75
2001	31
2001	21
2001	18
2001	16
2001	7
2001	6
2001	2
2001	1
2002	9240072
2002	3627822
2002	1371260
2002	1000000
2002	963744
2002	547711
2002	485179
2002	395004
2002	390479
2002	374715
2002	333590
2002	279660
2002	250000
2002	220420
2002	220097
2002	183715
2002	172288
2002	167189
2002	164208
2002	163402
2002	153505
2002	153437
2002	148982
2002	140243
2002	139000
2002	137783
2002	131510
2002	123906
2002	116065
2002	115000
2002	112448
2002	111449
2002	100691
2002	98911
2002	98755
2002	87000
2002	85269
2002	84000
2002	83105
2002	80000
2002	79378
2002	74404
2002	72690
2002	69186
2002	66484
2002	61127
2002	61046
2002	56899
2002	56482
2002	53215
2002	52248
2002	52169
2002	51943
2002	50433
2002	50118
2002	50000
2002	43200
2002	42859
2002	41327
2002	40486
2002	40000
2002	37130
2002	35831
2002	35824
2002	33229
2002	33112
2002	32096
2002	29053
2002	26609
2002	24981
2002	24600
2002	24158
2002	23358
2002	22938
2002	20882
2002	20196
2002	20000
2002	19336
2002	17108
2002	16962
2002	16748
2002	15000
2002	14679
2002	13119
2002	12786
2002	12504
2002	12000
2002	11686
2002	11533
2002	11341
2002	11000
2002	10113
2002	9843
2002	9085
2002	8887
2002	7968
2002	7090
2002	6986
2002	6708
2002	6000
2002	5675
2002	5181
2002	5142
2002	5098
2002	4686
2002	3630
2002	3152
2002	3000
2002	2862
2002	2846
2002	2749
2002	2649
2002	2600
2002	2373
2002	2200
2002	1729
2002	1504
2002	1400
2002	1362
2002	1133
2002	1131
2002	1130
2002	1121
2002	1108
2002	1027
2002	948
2002	936
2002	872
2002	700
2002	630
2002	521
2002	455
2002	350
2002	318
2002	297
2002	297
2002	288
2002	286
2002	249
2002	185
2002	112
2002	105
2002	40
2002	35
2002	32
2002	19
2002	19
2002	14
2002	5
2002	2
2002	1
2003	8246028
2003	4912496
2003	1579278
2003	1500000
2003	934117
2003	752491
2003	580984
2003	399829
2003	395001
2003	380000
2003	306122
2003	275089
2003	237137
2003	219447
2003	215644
2003	207158
2003	203182
2003	191000
2003	177893
2003	177052
2003	174565
2003	173402
2003	160063
2003	152929
2003	149773
2003	145147
2003	133452
2003	118349
2003	113000
2003	112676
2003	112000
2003	109000
2003	108163
2003	103570
2003	98416
2003	98391
2003	95000
2003	93456
2003	92238
2003	86450
2003	80913
2003	76544
2003	75000
2003	70450
2003	69220
2003	64579
2003	59920
2003	55933
2003	53527
2003	53184
2003	52000
2003	51397
2003	46363
2003	46200
2003	44153
2003	43829
2003	43072
2003	42312
2003	40126
2003	40000
2003	40000
2003	39005
2003	37851
2003	35120
2003	34686
2003	33511
2003	32531
2003	31110
2003	27948
2003	27685
2003	27242
2003	27100
2003	22449
2003	22014
2003	20954
2003	20633
2003	20603
2003	19073
2003	18094
2003	17800
2003	16676
2003	15000
2003	14298
2003	14168
2003	13000
2003	12907
2003	12739
2003	11584
2003	11244
2003	11045
2003	10575
2003	10080
2003	9878
2003	9000
2003	8779
2003	8669
2003	8330
2003	7838
2003	6398
2003	6201
2003	6111
2003	6046
2003	6000
2003	4990
2003	4409
2003	4259
2003	3000
2003	3000
2003	2888
2003	2700
2003	2653
2003	2422
2003	2367
2003	2300
2003	1947
2003	1936
2003	1897
2003	1859
2003	1699
2003	1576
2003	1515
2003	1291
2003	1206
2003	1125
2003	1096
2003	1010
2003	1000
2003	690
2003	686
2003	560
2003	558
2003	463
2003	400
2003	389
2003	367
2003	351
2003	350
2003	339
2003	325
2003	188
2003	150
2003	82
2003	75
2003	50
2003	49
2003	22
2003	16
2003	10
2003	4
2003	3
2003	1
2004	6244386
2004	4211805
2004	3955472
2004	1400000
2004	915999
2004	774557
2004	621745
2004	574489
2004	490000
2004	326762
2004	309195
2004	295001
2004	275000
2004	247686
2004	223169
2004	220637
2004	191020
2004	186894
2004	184503
2004	177680
2004	173402
2004	168973
2004	166042
2004	152605
2004	152480
2004	149750
2004	149236
2004	148428
2004	148383
2004	140000
2004	138000
2004	125372
2004	125000
2004	120000
2004	112183
2004	100934
2004	100306
2004	98974
2004	93976
2004	90000
2004	88000
2004	85993
2004	78906
2004	74436
2004	74238
2004	68900
2004	66838
2004	64155
2004	61450
2004	60878
2004	60436
2004	54518
2004	54485
2004	54100
2004	54087
2004	52989
2004	50000
2004	49273
2004	46292
2004	44652
2004	41000
2004	39968
2004	39516
2004	38574
2004	35169
2004	33704
2004	31952
2004	31620
2004	28381
2004	27641
2004	26746
2004	25230
2004	24390
2004	23980
2004	23053
2004	22871
2004	20975
2004	20121
2004	17685
2004	17400
2004	16367
2004	16040
2004	15000
2004	14492
2004	13000
2004	12958
2004	12829
2004	12825
2004	12057
2004	11222
2004	11000
2004	10735
2004	10719
2004	10301
2004	10095
2004	9894
2004	8787
2004	7096
2004	7018
2004	6491
2004	6441
2004	6000
2004	5520
2004	5259
2004	5066
2004	4610
2004	4154
2004	4088
2004	3413
2004	3400
2004	3000
2004	2949
2004	2525
2004	2365
2004	2300
2004	2280
2004	2259
2004	2238
2004	1990
2004	1933
2004	1691
2004	1671
2004	1369
2004	1288
2004	1200
2004	1132
2004	826
2004	709
2004	678
2004	550
2004	535
2004	396
2004	378
2004	366
2004	360
2004	350
2004	301
2004	245
2004	220
2004	210
2004	189
2004	98
2004	62
2004	37
2004	22
2004	20
2004	18
2004	11
2004	5
2004	3
2004	1
2005	6252890
2005	3771034
2005	2736654
2005	1400000
2005	1043680
2005	835860
2005	667186
2005	423076
2005	420000
2005	395000
2005	356913
2005	344592
2005	325000
2005	248994
2005	226168
2005	222934
2005	211820
2005	197399
2005	197115
2005	190462
2005	184433
2005	172134
2005	168000
2005	166474
2005	160936
2005	159179
2005	155000
2005	151525
2005	150226
2005	148182
2005	132301
2005	128399
2005	127031
2005	123000
2005	119000
2005	109349
2005	105248
2005	102340
2005	85000
2005	83656
2005	81937
2005	81258
2005	79823
2005	75751
2005	75000
2005	65050
2005	65000
2005	62692
2005	62591
2005	61321
2005	60806
2005	59800
2005	59276
2005	58835
2005	54616
2005	52500
2005	51743
2005	51417
2005	48236
2005	47001
2005	45215
2005	45032
2005	44182
2005	44000
2005	43654
2005	40759
2005	39513
2005	39062
2005	38946
2005	33319
2005	30968
2005	29780
2005	26388
2005	23613
2005	23546
2005	22947
2005	22273
2005	22056
2005	21961
2005	20000
2005	19798
2005	18439
2005	18059
2005	16852
2005	15466
2005	12686
2005	12000
2005	12000
2005	11864
2005	10667
2005	10632
2005	10377
2005	10133
2005	10062
2005	10000
2005	9861
2005	9700
2005	9626
2005	9206
2005	7470
2005	6331
2005	6000
2005	5940
2005	5843
2005	5763
2005	5660
2005	4911
2005	3700
2005	3176
2005	3116
2005	3026
2005	3000
2005	2834
2005	2749
2005	2474
2005	2439
2005	2300
2005	1960
2005	1954
2005	1704
2005	1700
2005	1624
2005	1335
2005	1321
2005	1300
2005	1232
2005	1030
2005	694
2005	689
2005	669
2005	579
2005	470
2005	402
2005	375
2005	361
2005	324
2005	317
2005	237
2005	208
2005	187
2005	175
2005	103
2005	41
2005	37
2005	26
2005	20
2005	17
2005	10
2005	3
2005	2
2005	2
2006	5950575
2006	4361806
2006	3835696
2006	1500000
2006	887420
2006	800776
2006	779273
2006	424000
2006	395001
2006	360000
2006	326663
2006	300916
2006	299364
2006	268500
2006	222765
2006	213815
2006	211133
2006	207156
2006	204495
2006	184433
2006	174686
2006	172129
2006	170466
2006	168317
2006	154249
2006	154145
2006	154000
2006	153763
2006	152000
2006	150506
2006	142026
2006	132690
2006	131544
2006	127576
2006	122861
2006	112217
2006	111486
2006	111000
2006	104678
2006	104000
2006	94750
2006	94045
2006	89715
2006	88000
2006	84326
2006	82840
2006	71633
2006	67884
2006	67476
2006	66597
2006	66132
2006	63156
2006	61123
2006	60758
2006	57526
2006	55530
2006	51561
2006	51000
2006	50847
2006	50000
2006	50000
2006	48825
2006	48000
2006	46323
2006	45147
2006	44303
2006	43973
2006	42532
2006	38854
2006	37478
2006	37327
2006	31217
2006	30636
2006	25589
2006	24154
2006	22816
2006	22580
2006	21319
2006	20000
2006	19667
2006	19660
2006	19552
2006	18933
2006	17903
2006	15821
2006	15792
2006	15773
2006	15000
2006	12089
2006	12000
2006	11711
2006	11244
2006	10655
2006	10548
2006	10000
2006	9200
2006	9023
2006	8728
2006	8659
2006	8640
2006	8546
2006	6832
2006	6184
2006	6098
2006	6000
2006	5723
2006	5300
2006	5258
2006	3950
2006	3600
2006	3440
2006	3200
2006	3028
2006	3000
2006	2959
2006	2955
2006	2778
2006	2300
2006	2254
2006	2182
2006	1944
2006	1939
2006	1713
2006	1607
2006	1500
2006	1318
2006	1316
2006	914
2006	911
2006	731
2006	573
2006	514
2006	450
2006	429
2006	400
2006	350
2006	321
2006	312
2006	219
2006	190
2006	100
2006	45
2006	34
2006	29
2006	28
2006	24
2006	21
2006	15
2006	12
2006	11
2006	3
2006	2
2007	6330576
2007	5320774
2007	3718126
2007	1900000
2007	932612
2007	904384
2007	751091
2007	426835
2007	424548
2007	416000
2007	395001
2007	295775
2007	288505
2007	235558
2007	208481
2007	206495
2007	198186
2007	195289
2007	193549
2007	182877
2007	180000
2007	175935
2007	173251
2007	162336
2007	151930
2007	151836
2007	145112
2007	141000
2007	139000
2007	134672
2007	134527
2007	129000
2007	123650
2007	121161
2007	119353
2007	113369
2007	112232
2007	98887
2007	95000
2007	92265
2007	87669
2007	86735
2007	80168
2007	77504
2007	75842
2007	72600
2007	70000
2007	69010
2007	68862
2007	67500
2007	67208
2007	65295
2007	64771
2007	63851
2007	61242
2007	60305
2007	58957
2007	56410
2007	56284
2007	56265
2007	54000
2007	53000
2007	51528
2007	47505
2007	44996
2007	44569
2007	41709
2007	40034
2007	35791
2007	35364
2007	35000
2007	34910
2007	30714
2007	28869
2007	26000
2007	24869
2007	24479
2007	23704
2007	21745
2007	21227
2007	21120
2007	20596
2007	20003
2007	20000
2007	18413
2007	16129
2007	15724
2007	14721
2007	14035
2007	13789
2007	13738
2007	13660
2007	13000
2007	12925
2007	12000
2007	10941
2007	10310
2007	9948
2007	9400
2007	9253
2007	6704
2007	6496
2007	6000
2007	5824
2007	5739
2007	5076
2007	4272
2007	4060
2007	3300
2007	3029
2007	3000
2007	2945
2007	2661
2007	2602
2007	2347
2007	2300
2007	2187
2007	2054
2007	1814
2007	1696
2007	1667
2007	1609
2007	1492
2007	1477
2007	1390
2007	1363
2007	1306
2007	1200
2007	857
2007	743
2007	570
2007	566
2007	433
2007	427
2007	400
2007	380
2007	329
2007	275
2007	210
2007	205
2007	167
2007	48
2007	36
2007	29
2007	20
2007	16
2007	12
2007	11
2007	8
2007	4
2007	3
2007	3
2008	6862548
2008	5970315
2008	4042290
2008	1900000
2008	1098781
2008	988087
2008	841123
2008	640000
2008	425080
2008	398833
2008	395000
2008	384080
2008	308018
2008	259978
2008	254854
2008	241803
2008	237426
2008	209706
2008	206495
2008	202000
2008	193698
2008	190624
2008	182276
2008	176801
2008	171000
2008	166000
2008	158000
2008	154786
2008	145649
2008	143842
2008	139510
2008	135000
2008	132475
2008	129039
2008	124353
2008	123648
2008	115000
2008	109600
2008	104325
2008	103562
2008	103479
2008	97872
2008	90112
2008	86648
2008	86445
2008	82895
2008	75761
2008	73665
2008	72913
2008	71791
2008	71000
2008	70101
2008	70000
2008	65015
2008	64218
2008	63628
2008	59385
2008	59270
2008	57611
2008	55284
2008	54000
2008	53972
2008	53916
2008	53000
2008	51692
2008	51114
2008	50477
2008	42160
2008	38685
2008	35000
2008	34204
2008	32915
2008	32153
2008	28102
2008	26650
2008	25366
2008	25000
2008	23215
2008	22906
2008	22186
2008	21389
2008	21184
2008	20455
2008	20000
2008	19820
2008	18956
2008	18721
2008	18007
2008	17479
2008	16858
2008	15520
2008	15245
2008	13000
2008	12000
2008	11732
2008	11129
2008	10613
2008	10301
2008	9259
2008	7469
2008	7450
2008	6684
2008	6416
2008	6191
2008	6000
2008	5870
2008	5717
2008	5501
2008	5124
2008	3604
2008	3578
2008	3154
2008	3000
2008	2729
2008	2613
2008	2610
2008	2300
2008	2180
2008	1895
2008	1755
2008	1687
2008	1669
2008	1387
2008	1300
2008	1290
2008	1093
2008	1055
2008	957
2008	847
2008	581
2008	530
2008	496
2008	439
2008	356
2008	350
2008	320
2008	300
2008	222
2008	215
2008	188
2008	168
2008	53
2008	35
2008	29
2008	19
2008	17
2008	17
2008	17
2008	10
2008	3
2008	2
2008	2
2009	6762405
2009	5185730
2009	3983896
2009	1900000
2009	1173278
2009	1128697
2009	904273
2009	560000
2009	425695
2009	362422
2009	345296
2009	319955
2009	311580
2009	268883
2009	260768
2009	241237
2009	201650
2009	197581
2009	195000
2009	170000
2009	163000
2009	152109
2009	151686
2009	148352
2009	148226
2009	145783
2009	145000
2009	144237
2009	139677
2009	139000
2009	133191
2009	125500
2009	124835
2009	124626
2009	115499
2009	108666
2009	106966
2009	100981
2009	100690
2009	100000
2009	99307
2009	97526
2009	88657
2009	85000
2009	84329
2009	78948
2009	76062
2009	74397
2009	73225
2009	72992
2009	72006
2009	71000
2009	70000
2009	67381
2009	67203
2009	66885
2009	66333
2009	63845
2009	61675
2009	61302
2009	59000
2009	57871
2009	56261
2009	54220
2009	53000
2009	51184
2009	47283
2009	43777
2009	38284
2009	35000
2009	33996
2009	33846
2009	31386
2009	30434
2009	30297
2009	28206
2009	27842
2009	25554
2009	25000
2009	23795
2009	22688
2009	22551
2009	21687
2009	21582
2009	20899
2009	20000
2009	18187
2009	17228
2009	16659
2009	16166
2009	15534
2009	13698
2009	13000
2009	11990
2009	11227
2009	10954
2009	9592
2009	9246
2009	9000
2009	8000
2009	7914
2009	7679
2009	7155
2009	6722
2009	6424
2009	6244
2009	6000
2009	4730
2009	4127
2009	3933
2009	3657
2009	3172
2009	3000
2009	2923
2009	2885
2009	2850
2009	2418
2009	2300
2009	2216
2009	1872
2009	1517
2009	1500
2009	1461
2009	1324
2009	1108
2009	1005
2009	961
2009	926
2009	762
2009	748
2009	678
2009	520
2009	516
2009	448
2009	402
2009	350
2009	349
2009	320
2009	295
2009	224
2009	210
2009	57
2009	35
2009	34
2009	20
2009	17
2009	17
2009	12
2009	11
2009	3
2009	1
2009	1
