1980	19403
1980	15370
1980	3397.79741
1980	2758.7
1980	1323
1980	1200
1980	917.2365
1980	899.79089
1980	679
1980	653.68065
1980	517
1980	505
1980	442.53227
1980	411
1980	334
1980	316
1980	312.60838
1980	286.05
1980	280
1980	279.94201
1980	250
1980	246
1980	244
1980	237.03428
1980	216.5869
1980	200
1980	184
1980	180
1980	100
1980	99
1980	85
1980	81
1980	79
1980	77.58706
1980	74.69123
1980	64.27
1980	62
1980	60
1980	56
1980	51
1980	50
1980	43
1980	42
1980	40.26
1980	40.04721
1980	37.79
1980	32.20728
1980	30
1980	28
1980	17.8
1980	17
1980	12.71
1980	11
1980	10
1980	9.18
1980	5
1980	4.5
1980	3
1980	2.47
1980	2.47
1980	1.37729
1980	0.59
1980	0.5
1980	0.35
1981	19181
1981	16429.99
1981	3154.15923
1981	2669.53148
1981	1327.34959
1981	1240
1981	969.11423
1981	923.91103
1981	772
1981	688
1981	662.86255
1981	572
1981	564
1981	495.92855
1981	450
1981	365.6162
1981	346
1981	342.55
1981	315.6
1981	277
1981	257.5523
1981	230.74821
1981	230
1981	210.2302
1981	210
1981	157.15
1981	120
1981	110
1981	106
1981	100
1981	85
1981	81
1981	79
1981	78
1981	76
1981	74.23213
1981	67
1981	64
1981	62
1981	59.68
1981	53.04
1981	50.74766
1981	50
1981	49.08785
1981	49
1981	47.3221
1981	42
1981	40
1981	33
1981	22.95
1981	22.6
1981	13.95
1981	12
1981	10.59
1981	8.83
1981	8.83
1981	5
1981	4.24
1981	3.18
1981	2.12
1981	1.94
1981	1.13008
1981	0.6
1981	0.35
1981	0.35
1981	0.31
1982	17820
1982	17679.99
1982	2722.68056
1982	2685.14071
1982	1364.78349
1982	1350
1982	1045.46526
1982	942
1982	901.73321
1982	673.8102
1982	600
1982	590
1982	515.21054
1982	430
1982	403.22667
1982	399
1982	381
1982	354
1982	324
1982	250.24209
1982	250
1982	242
1982	231.52514
1982	206.91059
1982	200
1982	186
1982	130
1982	120
1982	106
1982	102
1982	100
1982	94
1982	89
1982	81.2
1982	81
1982	80.94198
1982	72.28981
1982	72.21918
1982	65
1982	61.5
1982	55.8
1982	50
1982	49
1982	47
1982	47
1982	46.79238
1982	46
1982	46
1982	41
1982	24
1982	23
1982	18
1982	15.9
1982	10
1982	10
1982	9
1982	3
1982	3
1982	3
1982	2.26
1982	2.22485
1982	2
1982	2
1982	1.09477
1982	1
1982	0.6
1982	0.35
1982	0.31
1983	18926.9
1983	16094
1983	2852.92228
1983	2561.32632
1983	1402.92369
1983	1400
1983	1314
1983	1027.06615
1983	912.22177
1983	768.80755
1983	629
1983	576
1983	461.46111
1983	445
1983	431
1983	421.62579
1983	418
1983	342
1983	331
1983	310
1983	303
1983	270
1983	246.88717
1983	226.58104
1983	204.36791
1983	174.1
1983	148
1983	140
1983	140
1983	127
1983	124
1983	113.4
1983	105.6
1983	102
1983	86.38049
1983	84.8
1983	84.3
1983	81.2
1983	77.55174
1983	73.63178
1983	68.6
1983	57
1983	56.9
1983	56.2
1983	51
1983	47
1983	46
1983	46
1983	42.87241
1983	21.2
1983	18.7
1983	18
1983	15.5
1983	12.4
1983	10.6
1983	8.8
1983	5.3
1983	3.5
1983	3.2
1983	3
1983	2.50737
1983	2.40142
1983	2.26
1983	2.1189
1983	2
1983	1.48323
1983	0.7
1983	0.63567
1983	0.4
1983	0.27
1984	20743.99
1984	17466
1984	2879.5851
1984	2786.74197
1984	1364.14782
1984	1360
1984	1338
1984	1036.49525
1984	1008.77298
1984	966.74813
1984	658
1984	620
1984	610
1984	494
1984	488.61834
1984	476
1984	440.66057
1984	438
1984	354
1984	344
1984	330
1984	325
1984	303
1984	242.29622
1984	236.64582
1984	226.86356
1984	209
1984	192
1984	162
1984	144
1984	143
1984	143
1984	133
1984	113
1984	106.47473
1984	97
1984	95
1984	92
1984	85
1984	82.24863
1984	75.32689
1984	74
1984	72
1984	70
1984	52
1984	48
1984	47
1984	46
1984	44.956
1984	26
1984	23
1984	20
1984	20
1984	12
1984	10.8
1984	10.55919
1984	9
1984	7.66336
1984	5.3
1984	4
1984	3
1984	2.33079
1984	2.12
1984	2
1984	2
1984	1.4126
1984	1.30665
1984	0.7
1984	0.4
1984	0.12
1985	22706.99
1985	16454
1985	3041.43375
1985	3008.94395
1985	1522
1985	1360
1985	1271
1985	1140.6745
1985	998.74352
1985	942.87519
1985	716
1985	618
1985	600
1985	597
1985	503.06218
1985	500
1985	484
1985	462.66182
1985	457
1985	437
1985	365
1985	332
1985	295
1985	263.73242
1985	238.12905
1985	216
1985	202.31964
1985	191
1985	180
1985	175
1985	164
1985	144
1985	140
1985	135
1985	133.13755
1985	128
1985	108
1985	105
1985	100
1985	92
1985	89
1985	87.15742
1985	82
1985	78.57588
1985	55
1985	50
1985	47
1985	44
1985	42.76647
1985	41.21261
1985	28
1985	25
1985	23
1985	14
1985	13
1985	10
1985	8.79
1985	5
1985	4
1985	4
1985	3
1985	2.18953
1985	2
1985	2
1985	2
1985	2
1985	1.4126
1985	1.41
1985	1
1985	0.4
1985	0.24
1986	24194.99
1986	16059
1986	2861.5
1986	2759.76131
1986	1596
1986	1340
1986	1330
1986	1186.93715
1986	992.42213
1986	890
1986	885.66489
1986	674
1986	563.73335
1986	547
1986	547
1986	537
1986	536
1986	528
1986	515.98747
1986	484
1986	392
1986	303
1986	293
1986	251.58406
1986	217.92887
1986	200
1986	198
1986	193
1986	180
1986	180
1986	173
1986	159.05876
1986	158.74093
1986	152
1986	144
1986	116
1986	113
1986	112
1986	105
1986	92
1986	90
1986	86
1986	74.33808
1986	71.97197
1986	70
1986	59.3292
1986	49
1986	45
1986	40
1986	39.37623
1986	38
1986	26
1986	25
1986	16
1986	15
1986	14
1986	14
1986	13
1986	9
1986	5
1986	3.00178
1986	3
1986	3
1986	1.41
1986	1.4
1986	1
1986	1
1986	0.91819
1986	0.4
1986	0.4
1986	0.2
1987	25357.99
1987	16621
1987	3103
1987	2767.60124
1987	1679
1987	1524.5
1987	1317
1987	1268.16165
1987	1042.18097
1987	946.3
1987	898.1664
1987	681.9
1987	657
1987	632
1987	576.48206
1987	565
1987	551
1987	532.303
1987	527
1987	494.3
1987	419.2
1987	307.6
1987	291
1987	247.84067
1987	226.7
1987	221.8
1987	216.5
1987	215.35087
1987	198.1
1987	189
1987	187.2
1987	152.45486
1987	143.3
1987	140
1987	133.98511
1987	132.4
1987	131.5
1987	131.3
1987	130.7
1987	104.8
1987	99.2
1987	92.48999
1987	91.4
1987	79.8
1987	77
1987	76.56292
1987	59.082
1987	47.3
1987	43.2
1987	41.00072
1987	40.2
1987	25.8
1987	25
1987	23.4
1987	21.9
1987	15.9
1987	15.9
1987	13.4
1987	10
1987	4.4
1987	4.1
1987	3.42556
1987	2.1
1987	2.1
1987	2
1987	1.9
1987	1.41
1987	0.98882
1987	0.78
1987	0.31783
1987	0.3
1988	27192
1988	17103
1988	3574
1988	2445.6697
1988	1634.73
1988	1617
1988	1385.0543
1988	1280
1988	1051.61007
1988	1027.6
1988	904.94688
1988	706.3
1988	660
1988	656.15
1988	632.45
1988	589
1988	587.42971
1988	580.93
1988	554.72802
1988	490.88
1988	444.61
1988	310
1988	307
1988	304.41
1988	244.37
1988	230
1988	221.31911
1988	212.17252
1988	206.95
1988	202.35
1988	194.23
1988	192.81
1988	181.87
1988	165.9805
1988	153.97
1988	150.09
1988	146.2
1988	133.14
1988	112.58422
1988	106.65
1988	105.95
1988	98.18
1988	97.47
1988	92.77251
1988	74.05556
1988	73.1
1988	71.15972
1988	44.42627
1988	44.14
1988	36.73
1988	35.32
1988	31
1988	30.72
1988	24.72
1988	24.01
1988	18.01
1988	17.66
1988	12.36
1988	4.09654
1988	3.53
1988	3
1988	2.83
1988	2.12
1988	1.41
1988	1.06
1988	0.93
1988	0.71
1988	0.60036
1988	0.35
1988	0.24721
1989	28110.7383
1989	17311
1989	3726.93321
1989	2673.20424
1989	1709.24
1989	1584.9
1989	1457.0969
1989	1130.08
1989	1085.75968
1989	1052.38
1989	865.53534
1989	811.54
1989	783.99
1989	768.52
1989	719.72
1989	606.01
1989	599.57807
1989	580
1989	570.47851
1989	505
1989	474.99
1989	315.19
1989	307.25
1989	288.17
1989	280
1989	273.34
1989	215.42
1989	215.07
1989	214.18548
1989	211.9
1989	199.56507
1989	186.1
1989	182.11
1989	169.82984
1989	165.98
1989	164.21
1989	162.45
1989	145.85
1989	122.54
1989	108.55831
1989	108.13453
1989	107.36
1989	104.49
1989	101.35
1989	98.54
1989	80.44757
1989	70.94784
1989	56.86
1989	55
1989	50.15
1989	46.72175
1989	40.62
1989	38.49
1989	35.32
1989	29.66
1989	24.72
1989	15.19
1989	12.72
1989	6
1989	4.13186
1989	3.18
1989	2.83
1989	2.82
1989	2.12
1989	1.41
1989	1.1
1989	1.06
1989	1
1989	0.49441
1989	0.35
1989	0.14126
1990	28782
1990	17810
1990	3848.98
1990	2693
1990	1787
1990	1754
1990	1602
1990	1077
1990	1001
1990	976
1990	903
1990	837
1990	780
1990	760.89
1990	723
1990	654
1990	630.02
1990	611
1990	579
1990	508
1990	482
1990	399
1990	318
1990	286
1990	276
1990	219
1990	211.21902
1990	208
1990	205
1990	185
1990	177
1990	172
1990	169
1990	162
1990	151
1990	148
1990	145
1990	136
1990	131
1990	111
1990	107
1990	104
1990	103
1990	101
1990	99
1990	97
1990	94
1990	82
1990	80
1990	66
1990	49
1990	45
1990	38
1990	25
1990	19
1990	19
1990	12
1990	9
1990	7.48678
1990	4.59
1990	4
1990	4
1990	3
1990	2
1990	1.41
1990	1.14
1990	1.059
1990	1
1990	0.494
1990	0.42
1990	0.141
1991	28623
1991	17697.80239
1991	4057.5
1991	3044
1991	2005
1991	1933
1991	1814.13155
1991	1130
1991	969
1991	918
1991	916
1991	899
1991	876
1991	793.48
1991	753
1991	747
1991	703.83
1991	668
1991	614
1991	534
1991	526
1991	449
1991	328
1991	321
1991	277
1991	236
1991	233
1991	230.95
1991	218.67048
1991	201
1991	186
1991	176
1991	173
1991	168
1991	155
1991	154
1991	139
1991	124
1991	124
1991	118.86
1991	114
1991	104
1991	92
1991	84
1991	52
1991	47
1991	46
1991	39
1991	36.40711
1991	34.34922
1991	20
1991	20
1991	18.36426
1991	18
1991	11
1991	8
1991	7.16895
1991	5
1991	4.59
1991	4
1991	3.54859
1991	3.22617
1991	2.47
1991	1.37417
1991	1.18
1991	1.059
1991	0.79662
1991	0.32455
1991	0.318
1991	0.105
1992	22615.73
1992	17840
1992	4520.28
1992	3057.36081
1992	2020.01
1992	1970.577
1992	1964.46751
1992	1913.71985
1992	1511.48
1992	1200.71
1992	1038.9319
1992	1022.7224
1992	882.875
1992	878.6372
1992	804.79354
1992	796.35325
1992	776.93
1992	763.43967
1992	738.08
1992	709.48
1992	677.8
1992	640.96725
1992	550.715
1992	533.2565
1992	476.7525
1992	400.82525
1992	349.12409
1992	286.0515
1992	286.05
1992	275.457
1992	249
1992	239.14071
1992	219.4121
1992	206.2396
1992	196.73987
1992	194.2325
1992	187.8758
1992	178.58
1992	173.0435
1992	150.79505
1992	148.46426
1992	145.04
1992	130.31235
1992	127.134
1992	116.89265
1992	111.38
1992	110
1992	101.0009
1992	92.5253
1992	82.919
1992	64.273
1992	55.44455
1992	51
1992	42.1308
1992	35.85
1992	31.0772
1992	29.876
1992	20.12955
1992	17.87178
1992	14.126
1992	10.5945
1992	10.24
1992	9.89
1992	7.416
1992	6.99237
1992	5.3
1992	4
1992	3.602
1992	3.5315
1992	3.5315
1992	3.53
1992	3.53
1992	2.12
1992	1.41
1992	1.22
1992	0.84732
1992	0.812
1992	0.76856
1992	0.76
1992	0.71
1992	0.57
1992	0.282
1992	0.212
1992	0.105
1993	21814.08
1993	18095
1993	4909.95
1993	3112.028
1993	2313.133
1993	2288.41
1993	1972.698
1993	1902.066
1993	1589.18
1993	1267.8085
1993	966.925
1993	955.9775
1993	950.04413
1993	936.779
1993	880.403
1993	863.8
1993	815
1993	759.983
1993	745.853
1993	690.72609
1993	678.05
1993	677.659
1993	583
1993	558.33
1993	531.835
1993	476.7525
1993	398.70635
1993	310.41885
1993	292.40845
1993	240.142
1993	236.61
1993	233.7853
1993	224.92124
1993	224.6034
1993	218
1993	215.77
1993	191.407
1993	182.43729
1993	178.3408
1993	178.058
1993	175.1617
1993	159.482
1993	157
1993	146
1993	139.84695
1993	130.6655
1993	120.88
1993	103.11
1993	94.22
1993	90.05325
1993	73.03142
1993	63.567
1993	61.8
1993	53
1993	38.846
1993	33.97303
1993	33.9
1993	29.31
1993	22.70755
1993	19.7764
1993	13.07
1993	10.5945
1993	10.24
1993	8.9347
1993	8.82875
1993	8.405
1993	7.063
1993	7.063
1993	3.5315
1993	3.53
1993	2.866
1993	2.8252
1993	2.472
1993	1.41
1993	1.25
1993	1.0679
1993	1.05945
1993	1.059
1993	1.059
1993	0.7063
1993	0.7063
1993	0.1413
1993	0.07063
1994	21450.33
1994	18821
1994	5265.97
1994	2952.19
1994	2466.05
1994	2206.47
1994	1806.72
1994	1666.87
1994	1331.37
1994	1257.21
1994	1123.02
1994	1040.38
1994	974.87058
1994	932.45726
1994	922.78
1994	911.83
1994	876.16
1994	786.46
1994	728.8
1994	702.98039
1994	691.82
1994	642.73
1994	627.19
1994	593.64
1994	588.7
1994	476.74
1994	423.42
1994	341.84
1994	297.35
1994	249.68
1994	234.84
1994	229.19
1994	225.66
1994	225.31
1994	216.23375
1994	210.83
1994	176.43374
1994	172.65504
1994	172.34
1994	171.31307
1994	162.45
1994	160.68
1994	158.92
1994	152.2
1994	150.09
1994	134.19
1994	124.7679
1994	111.94
1994	104.89
1994	95.85
1994	68.86
1994	68.51
1994	63.57
1994	50.5
1994	47.85
1994	34.61
1994	32.49
1994	27.8
1994	18.36
1994	12.36
1994	10.59
1994	10.31198
1994	10.28
1994	10.24
1994	9.89
1994	8.83
1994	7.02769
1994	6.88643
1994	3.53
1994	3.53
1994	2.12
1994	1.77
1994	1.41
1994	1.34
1994	1.24
1994	1.22
1994	1.17
1994	1.06
1994	1.06
1994	1.06
1994	0.78
1994	0.35
1994	0.04
1994	0.03532
1995	21005.36
1995	18599
1995	5602.97
1995	2980.8
1995	2665.58
1995	2237.56
1995	2051.8
1995	1695.12
1995	1343.38
1995	1246.61
1995	1140.67
1995	1106.06
1995	1076.05
1995	1033.3169
1995	1019.9
1995	956.82461
1995	890.22
1995	883.23
1995	744.05
1995	719.86
1995	683.34
1995	645.91
1995	627.55
1995	619.89
1995	601.41
1995	476.75
1995	438.96
1995	367.63
1995	330.2
1995	268.04
1995	260.27
1995	231.99
1995	229.19
1995	223.9
1995	222.59045
1995	210.83
1995	186.78
1995	183.28
1995	178.90579
1995	172.55
1995	169.17
1995	165.94519
1995	160.68
1995	159.27
1995	147.27
1995	118.41
1995	113.36
1995	111.95
1995	103.83
1995	98.11
1995	69.57
1995	69.22
1995	67.1
1995	57.92
1995	52.34
1995	33.55
1995	32.84
1995	32
1995	31.78
1995	25.07
1995	19.77
1995	14.66
1995	12.01
1995	11.65
1995	10.59
1995	10.24
1995	8.97
1995	7.06
1995	6.42733
1995	4.24
1995	3.53
1995	3.53
1995	1.77
1995	1.77
1995	1.4484
1995	1.41
1995	1.38
1995	1.23
1995	1.23
1995	1.06
1995	0.92607
1995	0.71
1995	0.71
1995	0.35
1995	0.35
1996	19864.6875
1996	18854
1996	5710.8946
1996	3369.72199
1996	3176.58425
1996	2382.70305
1996	2194.12095
1996	1695.12
1996	1459.9221
1996	1445.0898
1996	1420.01615
1996	1306.66
1996	1230.02145
1996	1193.647
1996	1064.67662
1996	1064.04095
1996	960.568
1996	938.31955
1996	804.29913
1996	711.84446
1996	707.50071
1996	696.4118
1996	696.4118
1996	642.73
1996	634.26
1996	483.8155
1996	473.221
1996	428.37095
1996	328.4295
1996	325.25115
1996	302.64955
1996	266.9814
1996	236.61
1996	232.01955
1996	226.7223
1996	226.7223
1996	212.91414
1996	192.8199
1996	187.8758
1996	178.34075
1996	177.10473
1996	167.3931
1996	164.85042
1996	149.74
1996	145.4978
1996	141.9663
1996	114.4206
1996	109.12335
1996	102.80197
1996	94.57357
1996	65.00985
1996	63.92015
1996	63.57
1996	56.504
1996	52.68998
1996	34.25555
1996	32.13665
1996	29.31145
1996	27.89885
1996	23.69637
1996	19.7764
1996	19.42325
1996	16.45679
1996	11.08891
1996	10.59
1996	9.53505
1996	8.33434
1996	8.12245
1996	7.27489
1996	4.59095
1996	4.2378
1996	3.5315
1996	2.1189
1996	1.51855
1996	1.41
1996	1.34197
1996	1.05945
1996	1.02837
1996	0.99
1996	0.85
1996	0.71
1996	0.7063
1996	0.35315
1996	0.35
1996	0.07063
1997	18902
1997	18900.588
1997	5762.34855
1997	3031.4396
1997	2987.47243
1997	2433.2035
1997	2371.40225
1997	1737.498
1997	1659.805
1997	1622.3711
1997	1601.1821
1997	1356.096
1997	1282.28765
1997	1166.03067
1997	1056.20102
1997	993.7641
1997	966.9247
1997	900.5325
1997	801.29735
1997	792.32734
1997	716.8945
1997	698.5307
1997	680.41411
1997	639.2015
1997	614.481
1997	614.481
1997	537.84745
1997	476.7525
1997	328.4295
1997	327.37005
1997	324.1917
1997	281.46055
1997	272.98495
1997	269.45345
1997	232.01955
1997	215.4215
1997	210.83055
1997	210.4774
1997	206.59275
1997	205.49799
1997	199.52975
1997	194.9388
1997	180.14182
1997	176.22185
1997	161.0364
1997	154.29124
1997	111.94855
1997	107.71075
1997	91.32459
1997	83.3434
1997	75.22095
1997	61.80125
1997	58.6229
1997	56.504
1997	53.32565
1997	50.42982
1997	32.84295
1997	26.48625
1997	24.29672
1997	21.189
1997	20.12955
1997	10.24135
1997	10.20604
1997	8.9347
1997	8.4756
1997	8.12245
1997	8.12245
1997	7.62804
1997	7.063
1997	6.28607
1997	3.88465
1997	3.5315
1997	3.5315
1997	2.1189
1997	1.76575
1997	1.4126
1997	1.4126
1997	1.4126
1997	1.30665
1997	1.0284
1997	0.7063
1997	0.7063
1997	0.63567
1997	0.4591
1997	0.35315
1998	19553.9155
1998	19024
1998	5976.0043
1998	3143.7413
1998	2840.59734
1998	2604.48125
1998	2268.98875
1998	1935.262
1998	1765.75
1998	1653.4483
1998	1631.553
1998	1370.222
1998	1309.12705
1998	1266.11338
1998	1110.3036
1998	1096.67201
1998	1044.97085
1998	821.60348
1998	772.23311
1998	760.6851
1998	709.8315
1998	691.4677
1998	671.30284
1998	639.2015
1998	568.5715
1998	515.599
1998	485.2281
1998	466.158
1998	328.4295
1998	317.835
1998	315.0098
1998	292.76135
1998	289.583
1998	267.6877
1998	247.55815
1998	224.6034
1998	221.0719
1998	208.3585
1998	204.827
1998	203.06125
1998	197.90526
1998	197.41085
1998	194.2325
1998	180.74217
1998	174.70331
1998	136.91626
1998	107.00445
1998	104.17925
1998	79.88253
1998	70.27685
1998	67.0985
1998	62.1544
1998	61.51873
1998	55.44455
1998	55.37392
1998	51.20675
1998	33.26673
1998	31.43035
1998	28.252
1998	24.7205
1998	20.4827
1998	19.95297
1998	14.47915
1998	14.126
1998	9.8882
1998	9.1819
1998	8.12245
1998	8.05182
1998	7.7693
1998	3.95528
1998	3.88465
1998	3.5315
1998	3.5315
1998	2.1189
1998	2.1189
1998	2.1189
1998	1.76575
1998	1.4126
1998	1.1654
1998	1.05945
1998	1.05945
1998	1.03
1998	0.7063
1998	0.7063
1998	0.49441
1998	0.35315
1998	0.31783
1999	19592.762
1999	18832.23
1999	6265.23415
1999	3485.94365
1999	2875.70045
1999	2648.69563
1999	2505.9524
1999	2041.207
1999	1963.514
1999	1761.5122
1999	1631.553
1999	1422.13505
1999	1343.3826
1999	1286.94923
1999	1220.83955
1999	1116.4131
1999	945.7357
1999	889.33765
1999	823.36923
1999	787.5245
1999	783.993
1999	778.69575
1999	752.2095
1999	632.1385
1999	625.42865
1999	617.16494
1999	518.07105
1999	501.473
1999	414.24495
1999	333.72675
1999	319.60075
1999	305.1216
1999	296.99915
1999	274.39755
1999	245.43925
1999	217.89355
1999	213.3026
1999	211.89
1999	201.86054
1999	201.18956
1999	197.41085
1999	183.638
1999	182.9317
1999	175.65681
1999	162.449
1999	120.10632
1999	112.3017
1999	87.22805
1999	72.99611
1999	67.0985
1999	61.4481
1999	60.7418
1999	54.73825
1999	49.441
1999	48.24029
1999	47.3221
1999	42.378
1999	35.315
1999	31.43035
1999	25.81527
1999	23.97889
1999	19.7764
1999	17.6575
1999	14.47915
1999	9.8882
1999	8.12245
1999	8.12245
1999	7.5221
1999	7.41615
1999	5.05005
1999	3.88465
1999	3.5315
1999	3.5315
1999	2.1189
1999	2.1189
1999	2.1189
1999	1.76575
1999	1.4126
1999	1.03
1999	0.7063
1999	0.7063
1999	0.7063
1999	0.35315
1999	0.35315
1999	0.35315
1999	0.07063
2000	19334.9625
2000	19182
2000	6469.708
2000	3825.67395
2000	2939.6206
2000	2559.17211
2000	2236.8521
2000	2127.3756
2000	1991.766
2000	1867.4572
2000	1759.04015
2000	1642.1475
2000	1599.7695
2000	1355.3897
2000	1321.13415
2000	1314.45962
2000	1159.00299
2000	1027.6665
2000	962.33375
2000	960.568
2000	855.68245
2000	794.5875
2000	778.66044
2000	657.5653
2000	646.2645
2000	635.67
2000	587.3944
2000	493.35055
2000	480.284
2000	440.0249
2000	349.26535
2000	342.5555
2000	339.024
2000	321.71965
2000	314.3035
2000	302.64955
2000	289.22985
2000	257.44635
2000	215.4215
2000	214.36205
2000	211.89
2000	205.21547
2000	201.2955
2000	199.8829
2000	184.48556
2000	120.42415
2000	117.2458
2000	112.79611
2000	111.24225
2000	66.3922
2000	66.32157
2000	63.74358
2000	58.6229
2000	58.26975
2000	47.67525
2000	41.88359
2000	40.61225
2000	40.2591
2000	31.43035
2000	22.56629
2000	21.189
2000	20.12955
2000	19.17604
2000	12.0071
2000	10.24135
2000	8.12245
2000	7.73399
2000	7.09832
2000	6.1095
2000	5.72103
2000	4.9441
2000	3.88465
2000	2.8252
2000	2.1189
2000	2.1189
2000	2.1189
2000	1.76575
2000	1.76575
2000	1.4126
2000	1.27134
2000	1.05945
2000	1.05945
2000	1.03
2000	0.4591
2000	0.35315
2000	0.35315
2000	0.07063
2001	19616
2001	19221.9545
2001	6596.842
2001	3689.35805
2001	2787.0598
2001	2746.97728
2001	2330.79
2001	2228.3765
2001	1945.8565
2001	1896.06235
2001	1887.9399
2001	1702.183
2001	1686.6444
2001	1389.9984
2001	1311.5991
2001	1301.99342
2001	1185.20672
2001	1119.83865
2001	1070.39765
2001	953.505
2001	866.98325
2001	851.0915
2001	785.12308
2001	774.45795
2001	659.33105
2001	642.733
2001	538.27123
2001	536.43485
2001	526.1935
2001	505.0045
2001	493.35055
2001	365.51025
2001	363.7445
2001	355.9752
2001	314.3035
2001	300.1775
2001	295.9397
2001	247.205
2001	233.7853
2001	226.33384
2001	218.2467
2001	215.06835
2001	202.0018
2001	197.41085
2001	193.20837
2001	192.89053
2001	165.2742
2001	114.10277
2001	97.4694
2001	79.45875
2001	74.1615
2001	67.45165
2001	62.1544
2001	61.16558
2001	47.67525
2001	45.9095
2001	42.378
2001	30.01775
2001	28.78173
2001	21.25963
2001	18.71695
2001	18.22254
2001	13.06655
2001	11.01828
2001	10.5945
2001	10.24135
2001	7.063
2001	7.063
2001	6.92174
2001	5.6504
2001	5.6504
2001	3.88465
2001	2.8252
2001	2.1189
2001	2.1189
2001	1.76575
2001	1.76575
2001	1.76575
2001	1.76575
2001	1.23603
2001	1.05945
2001	1.05945
2001	1.03
2001	0.56504
2001	0.35315
2001	0.14126
2002	19684.581
2002	18928
2002	6631.4507
2002	3658.28085
2002	2798.71375
2002	2676.02944
2002	2648.625
2002	2412.36765
2002	2063.1023
2002	2037.6755
2002	2002.3605
2002	1889.3525
2002	1705.7145
2002	1532.31785
2002	1333.56503
2002	1275.22465
2002	1234.96555
2002	1152.6816
2002	1041.7925
2002	1003.29915
2002	925.253
2002	882.875
2002	808.7135
2002	787.87765
2002	705.5937
2002	649.796
2002	610.9495
2002	529.725
2002	516.41125
2002	501.473
2002	469.6895
2002	462.6265
2002	391.9965
2002	383.16775
2002	334.0799
2002	296.646
2002	296.01033
2002	287.11095
2002	282.52
2002	240.142
2002	219.30615
2002	218.67048
2002	217.5404
2002	215.06835
2002	204.827
2002	196.06888
2002	181.87225
2002	109.68839
2002	83.3434
2002	81.2245
2002	79.8119
2002	75.92725
2002	70.63
2002	66.3922
2002	65.33275
2002	54.73825
2002	47.3221
2002	44.85005
2002	38.8465
2002	32.84295
2002	29.59397
2002	21.8953
2002	21.189
2002	18.04597
2002	15.5386
2002	13.34907
2002	12.36025
2002	10.94765
2002	6.70985
2002	6.25076
2002	5.4032
2002	3.88465
2002	3.5315
2002	3.17835
2002	2.1189
2002	1.76575
2002	1.76575
2002	1.76575
2002	1.30665
2002	1.05945
2002	1.03
2002	0.7063
2002	0.4591
2002	0.35315
2002	0.35315
2002	0.07063
2003	20507.4205
2003	19099
2003	6453.4631
2003	3632.14775
2003	2860.515
2003	2849.9205
2003	2703.36325
2003	2574.32224
2003	2189.53
2003	2121.0189
2003	2087.1165
2003	2029.94152
2003	1836.38
2003	1581.75885
2003	1449.3276
2003	1400.09849
2003	1274.48304
2003	1211.3045
2003	1108.891
2003	1058.39055
2003	964.0995
2003	889.938
2003	873.6931
2003	861.686
2003	784.59336
2003	768.4544
2003	716.8945
2003	688.6425
2003	557.977
2003	490.34878
2003	434.3745
2003	429.07725
2003	402.591
2003	339.7303
2003	339.024
2003	321.3665
2003	311.4783
2003	281.28398
2003	254.9743
2003	254.12674
2003	241.90775
2003	215.06835
2003	198.68219
2003	194.2325
2003	184.8034
2003	181.16595
2003	163.96755
2003	104.00268
2003	102.4135
2003	95.3505
2003	80.87135
2003	80.5182
2003	73.84367
2003	65.33275
2003	65.33275
2003	56.85715
2003	47.3221
2003	45.9095
2003	38.8465
2003	29.31145
2003	23.767
2003	22.95475
2003	19.7764
2003	18.3638
2003	13.06655
2003	11.65395
2003	10.94765
2003	7.59273
2003	6.95706
2003	5.93292
2003	5.6504
2003	5.29725
2003	4.9441
2003	3.17835
2003	2.8252
2003	1.76575
2003	1.76575
2003	1.4126
2003	1.05945
2003	1.03
2003	0.95351
2003	0.95351
2003	0.7063
2003	0.7063
2003	0.7063
2003	0.17658
2003	0.07063
2004	20991.236
2004	18591
2004	6482.91581
2004	3425.555
2004	3035.25362
2004	2962.9285
2004	2948.44935
2004	2830.49725
2004	2319.4892
2004	2113.9559
2004	2068.39955
2004	2028.4936
2004	1899.947
2004	1634.73135
2004	1584.9372
2004	1439.4394
2004	1383.28855
2004	1309.30363
2004	1252.09333
2004	1149.8564
2004	995.883
2004	991.99835
2004	967.631
2004	960.568
2004	789.6434
2004	769.867
2004	726.04109
2004	678.048
2004	607.418
2004	462.6265
2004	457.71772
2004	416.717
2004	406.1225
2004	360.213
2004	354.91575
2004	344.32125
2004	342.5555
2004	341.1429
2004	333.02045
2004	316.74024
2004	284.6389
2004	250.7365
2004	218.2467
2004	209.73579
2004	200.87172
2004	176.92815
2004	150.4419
2004	107.74607
2004	105.945
2004	102.4135
2004	84.756
2004	78.75245
2004	69.32335
2004	61.80125
2004	57.9166
2004	49.441
2004	45.9095
2004	38.49335
2004	30.3709
2004	30.19433
2004	30.01775
2004	27.5457
2004	26.48625
2004	24.29672
2004	13.06655
2004	11.97179
2004	10.94765
2004	8.4756
2004	7.59273
2004	6.3567
2004	6.00355
2004	5.82698
2004	4.9441
2004	4.2
2004	3.5315
2004	3.5315
2004	2.8252
2004	1.76575
2004	1.76575
2004	1.37729
2004	1.05945
2004	1.03
2004	1.02414
2004	0.88288
2004	0.7063
2004	0.7063
2004	0.17658
2004	0.03532
2005	21224.315
2005	18051
2005	6560.85602
2005	3655.1025
2005	3151.33403
2005	3117.96135
2005	3072.405
2005	2772.58065
2005	2515.8406
2005	2224.845
2005	2107.95235
2005	2000.59475
2005	1967.0455
2005	1762.9248
2005	1659.45185
2005	1617.427
2005	1611.42345
2005	1500.8875
2005	1439.58066
2005	1348.53859
2005	1087.702
2005	1069.3382
2005	1055.9185
2005	836.9655
2005	827.92486
2005	791.056
2005	701.00275
2005	698.88385
2005	685.111
2005	494.41
2005	459.095
2005	436.14025
2005	434.3745
2005	426.28737
2005	413.1855
2005	406.1225
2005	399.0595
2005	378.22365
2005	368.93581
2005	345.02755
2005	336.09286
2005	235.55105
2005	215.4215
2005	213.90296
2005	205.5333
2005	172.93756
2005	141.26
2005	141.15406
2005	106.93382
2005	102.4135
2005	88.2875
2005	77.693
2005	72.0426
2005	57.81066
2005	55.7977
2005	54.3851
2005	51.20675
2005	45.9095
2005	45.9095
2005	40.61225
2005	31.67756
2005	28.252
2005	26.1331
2005	22.95475
2005	20.20018
2005	17.37498
2005	14.4
2005	14.126
2005	9.8882
2005	9.1819
2005	8.82875
2005	7.09832
2005	7.063
2005	6.07418
2005	5.57977
2005	5.19131
2005	4.2378
2005	3.5315
2005	3.5315
2005	1.76575
2005	1.76575
2005	1.44792
2005	1.05945
2005	1.05945
2005	1.03
2005	0.7063
2005	0.56504
2005	0.52973
2005	0.17658
2006	21736.3825
2006	18504
2006	6547.93073
2006	3835.56215
2006	3093.594
2006	3079.468
2006	2818.8433
2006	2729.67293
2006	2594.2399
2006	2231.908
2006	2215.6631
2006	2199.06505
2006	2066.56317
2006	1972.6959
2006	1790.4705
2006	1740.57041
2006	1723.01885
2006	1628.0215
2006	1596.238
2006	1509.32779
2006	1286.8786
2006	1275.5778
2006	1087.702
2006	1006.4775
2006	918.19
2006	858.8608
2006	837.31865
2006	692.49184
2006	688.6425
2006	541.0258
2006	487.347
2006	465.98143
2006	465.80485
2006	449.2068
2006	444.969
2006	438.25915
2006	400.11895
2006	387.72339
2006	367.77041
2006	348.9122
2006	341.31948
2006	254.9743
2006	240.8483
2006	220.71875
2006	211.71343
2006	201.2955
2006	179.22363
2006	144.93276
2006	109.29993
2006	102.4135
2006	88.2875
2006	77.693
2006	69.2174
2006	64.23798
2006	63.567
2006	62.8607
2006	58.26975
2006	55.7977
2006	45.9095
2006	45.9095
2006	43.43745
2006	34.25555
2006	31.96008
2006	24.0142
2006	17.94002
2006	17.8
2006	15.46797
2006	15.18545
2006	14.126
2006	11.3008
2006	9.8882
2006	7.063
2006	6.85111
2006	6.85111
2006	6.3567
2006	6.00355
2006	4.9441
2006	3.5315
2006	2.43674
2006	2.1189
2006	1.76575
2006	1.76575
2006	1.27134
2006	1.05945
2006	1.03014
2006	0.91819
2006	0.81225
2006	0.7063
2006	0.7063
2006	0.35315
2006	0.14126
2007	21595.1225
2007	19266
2007	6415.74668
2007	3951.7485
2007	3167.7555
2007	2995.66551
2007	2686.94178
2007	2628.1423
2007	2553.2745
2007	2446.27005
2007	2432.4972
2007	2422.25585
2007	2302.14954
2007	2231.908
2007	1961.74825
2007	1777.7571
2007	1678.45132
2007	1642.1475
2007	1583.17145
2007	1545.45503
2007	1377.63815
2007	1299.592
2007	1147.7375
2007	1108.1847
2007	918.19
2007	848.9726
2007	732.04464
2007	688.6425
2007	657.28278
2007	574.57505
2007	539.6132
2007	497.58835
2007	477.4588
2007	474.98675
2007	432.2556
2007	425.8989
2007	416.0107
2007	380.4485
2007	347.4996
2007	345.76917
2007	342.76739
2007	325.74556
2007	269.8066
2007	213.72638
2007	211.89
2007	208.3585
2007	172.47846
2007	158.2112
2007	105.945
2007	105.945
2007	103.1198
2007	102.4135
2007	94.29105
2007	92.34873
2007	77.693
2007	71.93666
2007	65.26212
2007	62.1544
2007	52.9725
2007	51.5599
2007	40.2591
2007	38.1402
2007	31.5363
2007	29.31145
2007	21.189
2007	19.2
2007	16.13896
2007	14.72636
2007	14.37321
2007	10.5945
2007	9.71163
2007	8.82875
2007	7.09832
2007	6.3567
2007	5.79166
2007	4.80284
2007	4.52032
2007	3.5315
2007	2.8252
2007	1.76575
2007	1.4126
2007	1.27134
2007	1.03
2007	0.74162
2007	0.7063
2007	0.6498
2007	0.61448
2007	0.60036
2007	0.35315
2007	0.35315
2008	21514.7499
2008	20159
2008	6045.75143
2008	4107.1345
2008	3503.248
2008	3054.92408
2008	2957.31342
2008	2840.7386
2008	2718.58402
2008	2685.3526
2008	2489.7075
2008	2472.05
2008	2468.5185
2008	2387.294
2008	2161.278
2008	2082.52555
2008	1774.2256
2008	1694.09587
2008	1579.9931
2008	1555.9789
2008	1387.8795
2008	1341.97
2008	1159.21487
2008	1137.143
2008	1015.6594
2008	849.53764
2008	732.78625
2008	699.237
2008	632.1385
2008	591.49094
2008	568.3243
2008	561.5085
2008	517.75321
2008	473.221
2008	448.5005
2008	445.6753
2008	438.25915
2008	437.906
2008	403.2973
2008	398.106
2008	356.32835
2008	326.84033
2008	317.835
2008	246.4987
2008	210.12425
2008	208.3585
2008	203.06125
2008	167.92283
2008	149.0293
2008	128.89975
2008	116.5395
2008	104.88555
2008	103.8261
2008	93.33755
2008	71.86602
2008	66.3922
2008	66.18031
2008	63.567
2008	56.504
2008	54.10258
2008	50.8536
2008	40.9654
2008	35.91536
2008	32.4898
2008	24.0142
2008	19.8
2008	15.60923
2008	15.46797
2008	13.06655
2008	10.94765
2008	9.1819
2008	7.41615
2008	7.02769
2008	5.36788
2008	4.59095
2008	3.88465
2008	3.60213
2008	3.5315
2008	2.8252
2008	2.1189
2008	1.76575
2008	1.76575
2008	1.05945
2008	1.05945
2008	1.05945
2008	1.03
2008	0.7063
2008	0.60036
2008	0.49441
2008	0.28252
2009	20624
2009	18890.2655
2009	5633.66069
2009	4986.37206
2009	3663.93125
2009	3153.6295
2009	2975.00623
2009	2875.55919
2009	2785.50594
2009	2770.46175
2009	2556.806
2009	2213.89735
2009	2168.62352
2009	2133.026
2009	2087.1165
2009	1723.93704
2009	1721.78283
2009	1653.27173
2009	1460.69903
2009	1437.3205
2009	1436.96735
2009	1367.04365
2009	1347.26725
2009	1090.5272
2009	911.98685
2009	874.57598
2009	715.4819
2009	692.174
2009	650.82013
2009	576.588
2009	561.54382
2009	528.0652
2009	445.6753
2009	440.7312
2009	407.5351
2009	405.73404
2009	399.0595
2009	388.465
2009	383.5209
2009	370.45435
2009	363.0382
2009	297.59951
2009	282.97909
2009	250.38335
2009	229.90065
2009	221.42505
2009	207.01653
2009	179.54146
2009	146.6632
2009	122.54305
2009	111.24225
2009	104.81492
2009	94.6442
2009	69.9237
2009	63.92015
2009	58.83479
2009	56.504
2009	41.70702
2009	41.6717
2009	40.9654
2009	40.54162
2009	37.4339
2009	31.0772
2009	27.5457
2009	26.52157
2009	24.36735
2009	24.15546
2009	23.23727
2009	18.71695
2009	13.80817
2009	10.94765
2009	10.45324
2009	7.7693
2009	6.70985
2009	6.28607
2009	5.29725
2009	3.63745
2009	3.5315
2009	2.8252
2009	2.1189
2009	1.76575
2009	1.34197
2009	1.05945
2009	1.05945
2009	1.03
2009	0.7063
2009	0.54385
2009	0.49441
2009	0.38847
2009	0.35315
2009	0.35315
2009	0.10595
2010	21332
2010	20915.44203
2010	5389.7753
2010	5161.28725
2010	4121.2605
2010	3755.75025
2010	3334.08915
2010	3131.09853
2010	3095.7129
2010	2988.00215
2010	2917.019
2010	2170.81305
2010	2165.86895
2010	2122.81997
2010	1988.2345
2010	1848.3871
2010	1810.9532
2010	1729.79933
2010	1722.48913
2010	1599.7695
2010	1499.4749
2010	1416.1315
2010	1399.53345
2010	1280.87505
2010	1024.135
2010	957.0365
2010	710.89095
2010	696.69432
2010	683.6984
2010	593.78641
2010	588.91294
2010	507.47655
2010	464.42757
2010	444.61585
2010	432.60875
2010	427.3115
2010	416.717
2010	414.3509
2010	397.6469
2010	373.98585
2010	315.7161
2010	306.78141
2010	293.18513
2010	289.583
2010	288.6295
2010	255.32745
2010	238.0231
2010	220.3656
2010	214.85646
2010	173.53791
2010	152.20765
2010	110.1828
2010	101.38937
2010	101.0009
2010	71.68945
2010	66.88661
2010	62.82539
2010	60.60054
2010	56.504
2010	54.73825
2010	46.01545
2010	40.61225
2010	34.25555
2010	32.84295
2010	30.47685
2010	27.5457
2010	26.48625
2010	25.92121
2010	23.80231
2010	13.63159
2010	12.36025
2010	11.65395
2010	9.1819
2010	7.7693
2010	7.7693
2010	7.16895
2010	3.88465
2010	3.67276
2010	2.8252
2010	2.47205
2010	1.80107
2010	1.76575
2010	1.44792
2010	1.05945
2010	1.05945
2010	1.03
2010	0.7063
2010	0.44144
2010	0.35315
2010	0.24721
2010	0.03532
