1975	596847
1975	521786.48
1975	309662.77
1975	226786.14
1975	147180.81
1975	125190.64
1975	119773.16
1975	117423.46
1975	100797.45
1975	92824.75
1975	91301.62
1975	84638.97
1975	82320.96
1975	79875.31
1975	65277.68
1975	60244.85
1975	57028.79
1975	56112.37
1975	50352.61
1975	49955.76
1975	49315.06
1975	49256.42
1975	46717.02
1975	40956.84
1975	37168.09
1975	30292.09
1975	30269.65
1975	27589.15
1975	26403.95
1975	25228.32
1975	23978.78
1975	22755.44
1975	21578.12
1975	21303.94
1975	21017.22
1975	20526.7
1975	19105.63
1975	18784.33
1975	18426.32
1975	18406.13
1975	18071.51
1975	16908.34
1975	16657.74
1975	15846.38
1975	15818.01
1975	15208.25
1975	14312.48
1975	13623.03
1975	13140.64
1975	13060.26
1975	12995.61
1975	12959.97
1975	12925.65
1975	12878.12
1975	12652.2
1975	11976.7
1975	11823.41
1975	11291.16
1975	9752.38
1975	9034.87
1975	8212.23
1975	8105.95
1975	7675.95
1975	7356.24
1975	7234.75
1975	7057.43
1975	6961.44
1975	6863.29
1975	6755.17
1975	6627.34
1975	6178.35
1975	6034.87
1975	5511.83
1975	5476.66
1975	5400.12
1975	5147.54
1975	4800.78
1975	4723.66
1975	4627.16
1975	4499.03
1975	4450.63
1975	4375.07
1975	4291.5
1975	4284.42
1975	4026.6
1975	4020.04
1975	3790.82
1975	3727.07
1975	3710.92
1975	3580.52
1975	3433.05
1975	3320.34
1975	2788.45
1975	2725.7
1975	2699.22
1975	2481.85
1975	2451.4
1975	2303.16
1975	2110.66
1975	2090.69
1975	2025.23
1975	2011.2
1975	1717.81
1975	1662.91
1975	1643.83
1975	1610.46
1975	1491.39
1975	1458.03
1975	1422.83
1975	1369.64
1975	1184.79
1975	1102.57
1975	1065.03
1975	987.6
1975	967.1
1975	925.44
1975	893.79
1975	809.63
1975	788.19
1975	783.23
1975	780.6
1975	757.21
1975	714.01
1975	650.09
1975	565.72
1975	530.54
1975	522.22
1975	449.05
1975	429.54
1975	425.68
1975	408.68
1975	407.52
1975	333.07
1975	323.15
1975	309.87
1975	308.5
1975	232.46
1975	219.44
1975	210.85
1975	203.53
1975	196.26
1975	191.84
1975	158.36
1975	154.03
1975	141.99
1975	138.32
1975	131.15
1975	102.04
1975	94.59
1975	89.21
1975	86.46
1975	77.13
1975	64.99
1975	64.02
1975	63.92
1975	57.78
1975	55.95
1975	49.43
1975	42.92
1975	42.79
1975	35.88
1975	29.05
1975	26.51
1975	25.98
1975	22.56
1975	20.24
1975	17.96
1975	17.82
1975	15.1
1975	13.44
1975	13.09
1975	12.78
1975	11.58
1975	11.26
1975	11.07
1975	10.43
1975	8.44
1975	8.15
1975	4.88
1975	2.45
1975	0.44
1976	590885.66
1976	525497.52
1976	318493.79
1976	229181.49
1976	160824.82
1976	125456.23
1976	123271.04
1976	119099.64
1976	101111.08
1976	95108.34
1976	90105.09
1976	86761.74
1976	83753.9
1976	82842.09
1976	66606.66
1976	59510.85
1976	58571.79
1976	57050.36
1976	50517.66
1976	50283.06
1976	50147.01
1976	48136.37
1976	46746.37
1976	41254.13
1976	39318.87
1976	30887.24
1976	29967.29
1976	28358.72
1976	26651.27
1976	24506.12
1976	22975.6
1976	22230.67
1976	21610.98
1976	21440.96
1976	20995.61
1976	20990.58
1976	19230.51
1976	18677.93
1976	18598.09
1976	18110.21
1976	18083.6
1976	17057.1
1976	16298.99
1976	16236.73
1976	15868.71
1976	15389.73
1976	14321.76
1976	13971.54
1976	13721.34
1976	13436.22
1976	13420.68
1976	13247.76
1976	13170.31
1976	13156.35
1976	12866.01
1976	12277.35
1976	11794.84
1976	11211.71
1976	10399.2
1976	9263.74
1976	8347.19
1976	8099.17
1976	7630.38
1976	7390.71
1976	7285.42
1976	7197.48
1976	7156.75
1976	7074.63
1976	7040.35
1976	6802.43
1976	6325.9
1976	5996.6
1976	5679.94
1976	5678.95
1976	5359.19
1976	5069.86
1976	4980.7
1976	4846.79
1976	4670.65
1976	4541.9
1976	4521.29
1976	4517.52
1976	4504.27
1976	4371.51
1976	4366.04
1976	4140.68
1976	3886.91
1976	3769.91
1976	3749.94
1976	3748.69
1976	3733.81
1976	3380.3
1976	2823.1
1976	2813.82
1976	2618.81
1976	2450.36
1976	2218.07
1976	2187.38
1976	2151.16
1976	2134.18
1976	2088.6
1976	2027.41
1976	1787.66
1976	1764.33
1976	1679.38
1976	1632.42
1976	1533.33
1976	1503.03
1976	1490.81
1976	1415.96
1976	1156.24
1976	1130.57
1976	1040.3
1976	1010.15
1976	970.44
1976	936.25
1976	922.17
1976	825.65
1976	825.49
1976	800.33
1976	759.22
1976	735.67
1976	682.34
1976	661.3
1976	568.59
1976	565.73
1976	525.75
1976	458.93
1976	449.93
1976	428.32
1976	413.74
1976	407.05
1976	350.91
1976	337.61
1976	316.78
1976	304.87
1976	239.75
1976	219.52
1976	211.09
1976	206.37
1976	200.53
1976	192.72
1976	167.77
1976	164.76
1976	141.89
1976	140.04
1976	134.05
1976	109.3
1976	96.41
1976	90.28
1976	87.8
1976	77.49
1976	66.88
1976	66.59
1976	66.11
1976	65.99
1976	50.63
1976	50.12
1976	44.76
1976	42.88
1976	36.49
1976	29.49
1976	28.61
1976	24.09
1976	23.42
1976	22.87
1976	22.16
1976	18.02
1976	14.96
1976	13.59
1976	12.93
1976	12.93
1976	11.72
1976	11.62
1976	11.26
1976	11.11
1976	10.78
1976	8.13
1976	4.87
1976	2.55
1976	0.44
1977	585340.25
1977	530656.36
1977	322676.52
1977	231429.14
1977	180791.36
1977	127030.66
1977	120217.01
1977	119688.36
1977	101019.22
1977	96286.71
1977	89522.15
1977	88959.58
1977	85151.99
1977	85004.07
1977	68671.5
1977	60021.07
1977	59159.5
1977	57410.6
1977	51033.28
1977	50868.12
1977	49424.58
1977	47503.19
1977	46886.5
1977	41843.41
1977	41195.58
1977	31450.95
1977	30145.76
1977	28232.02
1977	26687.77
1977	23795.68
1977	23146.03
1977	22496.1
1977	21840.35
1977	21724.18
1977	21020.65
1977	20836.05
1977	19182.63
1977	19070.66
1977	18947.08
1977	18761.32
1977	18139.6
1977	17361.99
1977	16446.49
1977	16431.33
1977	16233.2
1977	15561.02
1977	14863.3
1977	13838
1977	13745.9
1977	13645.32
1977	13601.23
1977	13526.61
1977	13340.99
1977	13210.59
1977	13151.4
1977	12742.3
1977	11875.67
1977	11534.52
1977	10316.04
1977	9669.08
1977	8390.56
1977	8331.3
1977	7649.04
1977	7638.43
1977	7468.93
1977	7285.18
1977	7193.6
1977	7112.53
1977	7081.95
1977	6819.36
1977	6356.7
1977	6010.9
1977	5862.62
1977	5799.38
1977	5420.35
1977	5171.09
1977	5102.35
1977	4993.92
1977	4822.26
1977	4777.59
1977	4776.94
1977	4596.63
1977	4547.37
1977	4537.97
1977	4455.69
1977	4188.95
1977	4082.96
1977	3994.53
1977	3818.07
1977	3797.18
1977	3787.2
1977	3465.73
1977	2915.77
1977	2867.64
1977	2672.92
1977	2492.98
1977	2435.39
1977	2300.11
1977	2295.3
1977	2210.71
1977	2032.98
1977	2017.53
1977	1900.01
1977	1822.57
1977	1691.21
1977	1653.17
1977	1581.69
1977	1495.04
1977	1461.17
1977	1445.74
1977	1172.81
1977	1162.51
1977	1010.07
1977	964.69
1977	953.99
1977	953.89
1977	901.84
1977	841.44
1977	840.68
1977	814.88
1977	762.22
1977	758.78
1977	698.17
1977	674.19
1977	597.6
1977	570.89
1977	530.71
1977	478.88
1977	462.69
1977	426.46
1977	419.64
1977	407.25
1977	362.33
1977	355.53
1977	323.11
1977	284.12
1977	245.15
1977	219.53
1977	215.94
1977	214.97
1977	210.67
1977	192.12
1977	172.3
1977	171.09
1977	141.44
1977	140.23
1977	135.65
1977	116.06
1977	96.91
1977	90.57
1977	88.9
1977	78.02
1977	71.39
1977	69.13
1977	68.6
1977	68.45
1977	50.99
1977	45.95
1977	42.69
1977	42.21
1977	39.16
1977	37.06
1977	29.89
1977	24.78
1977	23.41
1977	23.38
1977	22.68
1977	18.3
1977	15.34
1977	13.6
1977	13.21
1977	12.39
1977	11.98
1977	11.69
1977	11.68
1977	11.26
1977	10.81
1977	8.14
1977	4.1
1977	2.59
1977	0.44
1978	594019.02
1978	539686.8
1978	328988.04
1978	235889.62
1978	190096.39
1978	128830.77
1978	120547.17
1978	116460.66
1978	101856.56
1978	97304.36
1978	89430.34
1978	88732.98
1978	88443.32
1978	81465.33
1978	69625.55
1978	60931.42
1978	58769.55
1978	58494.9
1978	57522.36
1978	51093.44
1978	49797.6
1978	48657.66
1978	46816.9
1978	42327.63
1978	42216.45
1978	31937.89
1978	30340.42
1978	28015.71
1978	26729.12
1978	23571.08
1978	23207.72
1978	23055.69
1978	22460.41
1978	21806.49
1978	21710.17
1978	21219.11
1978	19613.72
1978	19331.93
1978	19164.08
1978	19015.08
1978	18241.18
1978	17594.79
1978	16619.43
1978	16592.54
1978	16417.04
1978	15557.86
1978	15052.75
1978	14503.67
1978	14092.64
1978	13916.44
1978	13868.31
1978	13730.51
1978	13504.16
1978	13400.37
1978	13389.38
1978	12724.56
1978	12571.47
1978	12213.38
1978	10290.23
1978	8935.47
1978	8529.55
1978	8476.88
1978	7847.95
1978	7799.11
1978	7605.94
1978	7138.94
1978	7027.83
1978	7006.47
1978	6991.68
1978	6819.43
1978	6649.11
1978	6238.09
1978	6210.81
1978	6182.43
1978	5514.62
1978	5347.46
1978	5193.14
1978	5122.78
1978	4993.29
1978	4865.74
1978	4862.59
1978	4811.83
1978	4623.63
1978	4561.53
1978	4490.13
1978	4343.35
1978	4238.27
1978	4099.06
1978	3891.14
1978	3818.67
1978	3771.8
1978	3518.13
1978	3057.89
1978	2913.99
1978	2747.82
1978	2493.57
1978	2480.46
1978	2467.01
1978	2376.67
1978	2233.89
1978	2172.84
1978	1990.5
1978	1884.88
1978	1792.39
1978	1680.68
1978	1651.7
1978	1614.62
1978	1568.88
1978	1496.8
1978	1496.7
1978	1207.86
1978	1136.27
1978	1036.76
1978	998.81
1978	995.1
1978	978.51
1978	886.38
1978	873.98
1978	828.12
1978	822.23
1978	784.73
1978	782.5
1978	716.56
1978	674.33
1978	634.3
1978	613.68
1978	534.28
1978	507.37
1978	454.29
1978	424.01
1978	422.73
1978	407.24
1978	373.85
1978	364.03
1978	329.19
1978	296.77
1978	247.81
1978	222.04
1978	219.53
1978	214.96
1978	202.53
1978	191.97
1978	182.38
1978	158.33
1978	142.62
1978	141.84
1978	139.57
1978	129.8
1978	97.84
1978	97.37
1978	96.18
1978	92.32
1978	78.68
1978	70.84
1978	69.72
1978	65.84
1978	51.86
1978	47.97
1978	46.87
1978	42.63
1978	41.86
1978	37.61
1978	30.19
1978	26.29
1978	25.22
1978	22.74
1978	22.36
1978	19.45
1978	18.59
1978	14.27
1978	13.45
1978	13.1
1978	12.42
1978	11.71
1978	11.69
1978	11.26
1978	10.71
1978	7.62
1978	4.62
1978	2.72
1978	0.44
1979	586188.96
1979	545007.4
1979	336940.45
1979	240544.72
1979	204755.24
1979	133821.04
1979	121452.02
1979	113706.12
1979	102506.16
1979	98203.95
1979	91560.83
1979	88927.65
1979	88141.01
1979	80751.96
1979	70910.64
1979	62187.95
1979	59835.98
1979	59390.54
1979	57634.64
1979	51275.9
1979	49857.27
1979	48365.72
1979	47659.02
1979	43750.92
1979	43467.38
1979	32479.92
1979	30407.73
1979	27813.44
1979	26676.8
1979	24342.56
1979	23759.88
1979	22471.57
1979	22471.06
1979	22412.84
1979	21905.48
1979	21188.8
1979	20201.69
1979	20154.61
1979	19233.63
1979	19166.08
1979	18396.42
1979	17788.14
1979	16642.21
1979	16549.88
1979	16330.59
1979	15583.27
1979	15297.68
1979	14820.69
1979	14314.91
1979	14061.64
1979	14025.17
1979	13859.12
1979	13792.61
1979	13729.41
1979	13611.04
1979	13415.94
1979	13097.92
1979	12483.64
1979	10748.93
1979	8964.42
1979	8552.55
1979	8251.31
1979	8176.62
1979	8117.38
1979	7878.66
1979	7719.09
1979	7219.49
1979	7176.08
1979	7140.33
1979	7024.77
1979	6478.33
1979	6449.25
1979	6439.12
1979	6403.19
1979	5621.53
1979	5491.55
1979	5438.02
1979	5177.78
1979	5107.28
1979	4963.89
1979	4960.01
1979	4834.54
1979	4650.37
1979	4598.4
1979	4537.11
1979	4395.22
1979	4389.68
1979	4185.22
1979	3943.38
1979	3827.43
1979	3721.18
1979	3546.62
1979	3223.25
1979	2991.37
1979	2797.71
1979	2581.13
1979	2488.73
1979	2471.68
1979	2468.39
1979	2285.62
1979	2179.18
1979	1950.32
1979	1906.03
1979	1790.84
1979	1707.34
1979	1700.19
1979	1664.02
1979	1614.82
1979	1530.71
1979	1525.96
1979	1212.17
1979	1202.39
1979	1074.75
1979	1002.61
1979	971.9
1979	939.16
1979	924.97
1979	907.3
1979	842.61
1979	821.18
1979	814.04
1979	800.88
1979	756.02
1979	697.31
1979	651.58
1979	592.92
1979	538.06
1979	535.58
1979	447.18
1979	428.87
1979	422.77
1979	407.43
1979	375.65
1979	375.03
1979	352.61
1979	275.8
1979	252.65
1979	223.66
1979	219.58
1979	215.48
1979	215.3
1979	191.81
1979	183.86
1979	149.67
1979	145.82
1979	142.73
1979	142.64
1979	132.39
1979	131.03
1979	98.96
1979	97.57
1979	95.55
1979	78.57
1979	72.79
1979	71.02
1979	63.59
1979	52.82
1979	52.29
1979	47
1979	42.98
1979	42.43
1979	38.22
1979	32.4
1979	30.58
1979	27.82
1979	23.73
1979	21.74
1979	19.32
1979	18.89
1979	15.45
1979	13.6
1979	13.41
1979	12.78
1979	12.13
1979	11.7
1979	11.26
1979	10.78
1979	7.63
1979	4.8
1979	2.79
1979	0.44
1980	582672.69
1980	549628.64
1980	347911.65
1980	244748.55
1980	236526.49
1980	140894.42
1980	120949.23
1980	112505.46
1980	102650.46
1980	100139.5
1980	94817.47
1980	88886.19
1980	88391.15
1980	79791.18
1980	71375.5
1980	64288.21
1980	60274.62
1980	59933.81
1980	51653.88
1980	50721.6
1980	47574.89
1980	46136.52
1980	44282.83
1980	43032.38
1980	42867.98
1980	33067.69
1980	29784.5
1980	27877.41
1980	26818.43
1980	24999.13
1980	24914.16
1980	24426.02
1980	22984.6
1980	22483.66
1980	21701.39
1980	21075.01
1980	20886.44
1980	20829.6
1980	19173.86
1980	19148.22
1980	18514.62
1980	18143.31
1980	16846.85
1980	16618.62
1980	16591.19
1980	15581.55
1980	15310.03
1980	15057.64
1980	14635.38
1980	14588.81
1980	14270.26
1980	14156.31
1980	14057.97
1980	13960.94
1980	13563.07
1980	13026
1980	12632.42
1980	12136.68
1980	10919.8
1980	9154.79
1980	9053.2
1980	8769.94
1980	8441.19
1980	8226.65
1980	7823.26
1980	7659.47
1980	7245.16
1980	7214.1
1980	7179.75
1980	7066.58
1980	6934.04
1980	6813
1980	6458.94
1980	6085.29
1980	5743.75
1980	5711.9
1980	5706.7
1980	5358.48
1980	5324.29
1980	5239.08
1980	5072.28
1980	4754.11
1980	4676.02
1980	4664.65
1980	4612.47
1980	4434.73
1980	4266.69
1980	4231.88
1980	3938.13
1980	3876.31
1980	3703.9
1980	3600.89
1980	3357.11
1980	2966.92
1980	2837.51
1980	2710.51
1980	2557.68
1980	2487.72
1980	2364.94
1980	2297.81
1980	2184.13
1980	2019.87
1980	1975.3
1980	1968.61
1980	1840.95
1980	1725.92
1980	1720.24
1980	1619.04
1980	1596.46
1980	1345.97
1980	1268.51
1980	1245.82
1980	1006.35
1980	1000.92
1980	986.27
1980	973.76
1980	925.21
1980	907.36
1980	859.84
1980	814.23
1980	801
1980	793.02
1980	769.16
1980	712.95
1980	673.25
1980	566.69
1980	556.91
1980	543.63
1980	440.31
1980	427.42
1980	421.88
1980	407.62
1980	381.38
1980	374.98
1980	363.97
1980	268.09
1980	260.39
1980	241.83
1980	224.81
1980	219.59
1980	216.5
1980	191.08
1980	187.21
1980	154.78
1980	147.5
1980	144.63
1980	143.54
1980	136.32
1980	130.64
1980	102.38
1980	99.97
1980	94.92
1980	79.9
1980	75.92
1980	71.16
1980	61.53
1980	55.68
1980	53.82
1980	44.76
1980	42.64
1980	42.41
1980	38.84
1980	33.51
1980	32.69
1980	28.42
1980	24.01
1980	21.94
1980	21.45
1980	18.59
1980	18.21
1980	13.9
1980	13.71
1980	12.51
1980	12.44
1980	11.7
1980	11.63
1980	11.11
1980	7.56
1980	5.14
1980	2.77
1980	0.44
1981	584813.52
1981	555987.56
1981	347022.84
1981	248198.64
1981	238427.9
1981	142843.09
1981	121534.55
1981	110376.59
1981	102800.5
1981	102049.96
1981	97589.75
1981	90047.28
1981	88385.41
1981	79892.95
1981	73927.62
1981	65288.86
1981	60863.26
1981	60152
1981	51870.74
1981	51087.52
1981	49006.36
1981	47343.73
1981	45005.76
1981	44309.15
1981	43609.63
1981	33513.21
1981	30002.44
1981	27452.12
1981	26992.39
1981	25689.44
1981	24923.56
1981	24912.67
1981	22960.59
1981	22752.75
1981	22700.06
1981	21899.85
1981	21282.1
1981	21235.13
1981	19953.34
1981	19398.77
1981	18713.05
1981	18274.71
1981	16803.55
1981	16258.06
1981	16202.18
1981	15630.3
1981	15302.76
1981	15274.06
1981	14998.89
1981	14947.92
1981	14651.02
1981	14421.17
1981	14382.16
1981	13945.51
1981	13727.22
1981	12977.27
1981	12466.11
1981	12322.5
1981	11540.4
1981	9353.96
1981	9042.9
1981	8682.85
1981	8587.88
1981	8524.71
1981	7899.55
1981	7661.41
1981	7373.21
1981	7183.34
1981	7022.47
1981	6934.86
1981	6884.36
1981	6459.64
1981	6385.53
1981	5982.92
1981	5907.61
1981	5877.71
1981	5757.19
1981	5434.02
1981	5372.73
1981	5315.97
1981	5153.12
1981	4961.9
1981	4833.14
1981	4721.24
1981	4577.06
1981	4489.16
1981	4364.69
1981	4318.23
1981	3959.97
1981	3924.67
1981	3837.71
1981	3643.39
1981	3546.74
1981	3013.72
1981	2908.06
1981	2682.06
1981	2470.7
1981	2277.32
1981	2274.46
1981	2264.49
1981	2193.14
1981	2086.78
1981	2085.88
1981	1969.13
1981	1873.02
1981	1731.59
1981	1703.18
1981	1686.54
1981	1655.68
1981	1306.55
1981	1266.3
1981	1194.23
1981	1033.66
1981	1014.51
1981	1000.78
1981	965.54
1981	954.64
1981	920.9
1981	882.11
1981	831.84
1981	821.63
1981	802.69
1981	787.5
1981	737.86
1981	688.15
1981	584.41
1981	557.95
1981	549.47
1981	449.08
1981	432.92
1981	421.77
1981	407.94
1981	403.98
1981	380.46
1981	374.65
1981	271.01
1981	266.79
1981	230.85
1981	224.04
1981	220.55
1981	219.6
1981	191.38
1981	190.21
1981	170.49
1981	148.29
1981	148.19
1981	144.16
1981	140.77
1981	105.08
1981	104.6
1981	104.25
1981	94.18
1981	86.28
1981	79.82
1981	71.48
1981	64.28
1981	56.64
1981	54.8
1981	46.02
1981	42.69
1981	42.22
1981	39.23
1981	33.41
1981	33.19
1981	33.13
1981	22.65
1981	22.52
1981	21.8
1981	21.78
1981	19.24
1981	14.01
1981	13.43
1981	13
1981	12.84
1981	11.77
1981	11.63
1981	11.21
1981	7.56
1981	5.69
1981	2.69
1981	0.44
1982	581005.25
1982	563633.16
1982	346053.58
1982	254233.85
1982	249390.83
1982	145013.51
1982	121591.58
1982	110716.92
1982	103448.7
1982	103252.87
1982	99310.01
1982	91100.42
1982	89591.29
1982	78316.56
1982	74972.09
1982	66304.33
1982	62823.14
1982	60074.25
1982	53212.65
1982	52515.55
1982	51072.45
1982	47870.16
1982	45436.59
1982	44885.7
1982	44170.99
1982	34209.44
1982	30251.07
1982	27791.78
1982	27086.74
1982	26424.2
1982	25015.31
1982	24568.15
1982	23915.68
1982	22943.25
1982	22929.53
1982	21793.69
1982	21621.31
1982	20928.65
1982	20557.83
1982	19486.34
1982	18704.77
1982	18294.57
1982	16803.94
1982	16163.19
1982	16040.08
1982	15632.1
1982	15474.58
1982	15418.31
1982	15242.88
1982	15119.59
1982	15056.54
1982	14702.15
1982	14573.97
1982	14184.65
1982	13936.51
1982	13437.43
1982	13052.54
1982	12066.69
1982	11608.64
1982	10434.15
1982	9610.57
1982	8878.96
1982	8789.32
1982	8668.53
1982	8335.33
1982	7569.83
1982	7277.66
1982	7265.43
1982	7220.96
1982	7190.51
1982	7107.91
1982	6557.52
1982	6503.76
1982	6271.96
1982	6128.53
1982	5969.69
1982	5807.54
1982	5400.05
1982	5356.2
1982	5217.72
1982	5171.98
1982	5100.29
1982	4949.96
1982	4781.54
1982	4749.88
1982	4744.37
1982	4452.78
1982	4341.82
1982	4057.51
1982	4002.54
1982	3994.72
1982	3735.96
1982	3690.62
1982	3049.83
1982	2899.13
1982	2718.87
1982	2482.35
1982	2385.83
1982	2376.37
1982	2216.86
1982	2200.82
1982	2126.62
1982	2036.6
1982	2025.03
1982	1889.78
1982	1760.41
1982	1756.45
1982	1731.19
1982	1699.36
1982	1364.67
1982	1291.67
1982	1196.97
1982	1066.52
1982	1045.1
1982	1042.92
1982	992.87
1982	988.16
1982	963.29
1982	898.82
1982	838.96
1982	830.09
1982	812.35
1982	779.95
1982	753.92
1982	691.4
1982	609.18
1982	557.01
1982	516.68
1982	473.79
1982	423.92
1982	422.79
1982	410.9
1982	408.18
1982	380.36
1982	373.4
1982	275.49
1982	272.3
1982	231.45
1982	225.33
1982	221.15
1982	219.61
1982	191.5
1982	185.44
1982	182.75
1982	154.27
1982	142.7
1982	139.09
1982	136.46
1982	106.57
1982	104.93
1982	93.07
1982	91.45
1982	87.67
1982	85.04
1982	72.56
1982	59.67
1982	55.81
1982	54.57
1982	42.52
1982	42
1982	41.22
1982	38.43
1982	34.46
1982	33.32
1982	33.11
1982	28.65
1982	22.23
1982	21.87
1982	20.29
1982	19.71
1982	14.67
1982	14.26
1982	14.16
1982	13.22
1982	13
1982	12
1982	11.48
1982	7.56
1982	5.81
1982	2.71
1982	0.44
1983	579858.96
1983	572179.56
1983	358694.16
1983	257106.09
1983	256828
1983	144807.7
1983	122125.47
1983	105367.52
1983	103585.8
1983	103217.48
1983	99007.9
1983	90483.36
1983	89988.67
1983	79162.83
1983	76052.63
1983	66061.79
1983	63354.5
1983	58701.55
1983	54904.51
1983	54238.4
1983	52839.91
1983	48306.15
1983	46221.07
1983	45183.16
1983	43918.6
1983	34811.83
1983	31313.98
1983	27899.58
1983	26547.2
1983	26413.88
1983	25265.53
1983	24379.78
1983	23850.86
1983	23078.2
1983	22058.18
1983	21994.29
1983	21672.95
1983	21397.69
1983	21167.03
1983	18957.44
1983	18685.28
1983	18448.52
1983	17108.95
1983	16246.61
1983	15695.83
1983	15695.12
1983	15541
1983	15479.42
1983	15440.79
1983	15339
1983	15155.37
1983	14804.02
1983	14759.33
1983	14712.73
1983	14679.76
1983	13896.38
1983	13342.7
1983	12958.24
1983	12268.62
1983	12091.82
1983	9853.65
1983	9193.81
1983	8901.34
1983	8841.98
1983	8217.02
1983	7726.25
1983	7636.75
1983	7632.86
1983	7620.65
1983	7307.82
1983	7271.01
1983	6635.74
1983	6566.08
1983	6559.58
1983	6334
1983	6065.8
1983	5856.06
1983	5602.05
1983	5453.66
1983	5421
1983	5306.7
1983	5187.86
1983	5158.15
1983	5136.79
1983	4843.76
1983	4828.47
1983	4423.46
1983	4227.62
1983	4122.06
1983	4056.33
1983	3951.93
1983	3917.76
1983	3896.26
1983	3061.56
1983	2880.49
1983	2513.72
1983	2478.78
1983	2473.39
1983	2387.58
1983	2214.29
1983	2209.62
1983	2165.04
1983	2081.59
1983	1953.6
1983	1891.51
1983	1833.57
1983	1769.83
1983	1735.47
1983	1733.11
1983	1480.74
1983	1312.95
1983	1214.24
1983	1112.64
1983	1060.9
1983	1012.01
1983	1004.63
1983	966.71
1983	949.4
1983	913.56
1983	891.65
1983	838.68
1983	826.15
1983	787.51
1983	770.9
1983	725.75
1983	615.02
1983	607.88
1983	565.16
1983	488.69
1983	426.05
1983	415.19
1983	408.55
1983	393.34
1983	388.37
1983	373.56
1983	287.15
1983	274.11
1983	248.63
1983	229.05
1983	219.62
1983	219.52
1983	193.64
1983	191.6
1983	188.82
1983	154.12
1983	143.94
1983	126.28
1983	119.72
1983	106.74
1983	105.81
1983	93.82
1983	91.38
1983	83.73
1983	76.12
1983	72.94
1983	65.42
1983	65.14
1983	56.9
1983	42.13
1983	41.58
1983	41.51
1983	38.42
1983	35.9
1983	34.56
1983	33.39
1983	32.31
1983	22.15
1983	21.94
1983	20.46
1983	20.15
1983	14.63
1983	14.52
1983	13.91
1983	13.46
1983	12.9
1983	12.21
1983	11.48
1983	7.54
1983	5.69
1983	2.67
1983	0.44
1984	580465.94
1984	579549.32
1984	358840.18
1984	263990.06
1984	263296.94
1984	147812.72
1984	121373.7
1984	106152.75
1984	103780.36
1984	103776.88
1984	100843.88
1984	91368.84
1984	88477.03
1984	79120.87
1984	77178.94
1984	68685.15
1984	64048.91
1984	59022.55
1984	57924.75
1984	55321.31
1984	54527.94
1984	48397.21
1984	47881.08
1984	45335.2
1984	42697.31
1984	35495.96
1984	30304.08
1984	27894.19
1984	26822.45
1984	26088.27
1984	25189.91
1984	25024.1
1984	24671.27
1984	23341.98
1984	22673.74
1984	22064.79
1984	21910.97
1984	21191.21
1984	21031.07
1984	19049.1
1984	18631.4
1984	18356.64
1984	17298.14
1984	16387.93
1984	16206.83
1984	15760.18
1984	15476.87
1984	15361.62
1984	15280.79
1984	15228.69
1984	15170.49
1984	15161.19
1984	15061.05
1984	15056.13
1984	14986.27
1984	14676.57
1984	13904.4
1984	13497.83
1984	12723.22
1984	12494.34
1984	9947.89
1984	8906.62
1984	8819.06
1984	8199.67
1984	8172.27
1984	7791.47
1984	7712.33
1984	7706.35
1984	7365.91
1984	7022.64
1984	7018.26
1984	6536.1
1984	6512.71
1984	6178.03
1984	6079.21
1984	6024.41
1984	5906.52
1984	5530.21
1984	5480.21
1984	5397.24
1984	5377.5
1984	5338.47
1984	5294.86
1984	5275.84
1984	5021.8
1984	4890.58
1984	4487.96
1984	4146.22
1984	4121.42
1984	4077.99
1984	4069.53
1984	3807.51
1984	3776.32
1984	3063.04
1984	2972.4
1984	2701.94
1984	2483.84
1984	2413.31
1984	2358.13
1984	2222.15
1984	2217.7
1984	2199.35
1984	2174.78
1984	2034.91
1984	1963.73
1984	1799.2
1984	1798.05
1984	1785.88
1984	1751.43
1984	1455.67
1984	1287.85
1984	1229.08
1984	1134.32
1984	1069.01
1984	1036.76
1984	1000.56
1984	998.21
1984	970.12
1984	937.2
1984	917.78
1984	875.53
1984	871.68
1984	799.82
1984	785.44
1984	732.13
1984	620.99
1984	609.71
1984	569.1
1984	482.52
1984	427.13
1984	420.96
1984	408.89
1984	405.45
1984	378.61
1984	377.4
1984	300.03
1984	265.59
1984	259.12
1984	225.61
1984	225.43
1984	223.01
1984	195.08
1984	194.2
1984	191.67
1984	158.93
1984	145.18
1984	126.09
1984	111.72
1984	111.39
1984	106.43
1984	103.7
1984	101.9
1984	85.19
1984	74.96
1984	74.33
1984	72.24
1984	68.12
1984	58.06
1984	42.23
1984	41.7
1984	41.46
1984	36.7
1984	35.29
1984	34.63
1984	34.49
1984	33.56
1984	22.28
1984	22.14
1984	21.15
1984	20.63
1984	14.8
1984	14.63
1984	13.77
1984	13.63
1984	12.95
1984	12.43
1984	11.45
1984	7.54
1984	5.53
1984	2.43
1984	0.44
1985	582942.64
1985	573069.05
1985	370166.43
1985	280500.36
1985	262570.97
1985	148938.36
1985	121746.41
1985	108589.27
1985	107140.57
1985	101873.07
1985	98428.88
1985	92277.34
1985	88762.06
1985	79004.55
1985	78285.21
1985	69112.53
1985	64452.12
1985	61607.08
1985	59189.85
1985	59122.42
1985	57727.06
1985	51641.6
1985	47645.32
1985	46217.38
1985	41180.68
1985	36223.58
1985	31719.93
1985	28143.55
1985	27108
1985	25882.95
1985	25549.99
1985	25520.16
1985	25228.24
1985	23423.27
1985	23159.25
1985	22319.55
1985	21876.76
1985	21727.23
1985	21646.15
1985	19208.14
1985	18230.88
1985	18132.77
1985	17802.97
1985	16514.12
1985	16372.07
1985	15932.72
1985	15913.13
1985	15887.9
1985	15651.22
1985	15571.69
1985	15301.11
1985	15288.59
1985	15178.5
1985	15143.51
1985	14904.68
1985	14783.21
1985	13778.86
1985	13407.42
1985	12839.17
1985	11860.28
1985	10477.7
1985	9080.47
1985	8813.44
1985	8743.56
1985	8273.44
1985	7845.23
1985	7771.32
1985	7762.05
1985	7412.73
1985	7029.01
1985	6878.07
1985	6654.1
1985	6443.71
1985	6251.77
1985	6159.26
1985	5955.24
1985	5897.9
1985	5779.56
1985	5571.92
1985	5529.78
1985	5470.64
1985	5460.07
1985	5429.42
1985	5402.27
1985	5300.02
1985	4977.5
1985	4527.08
1985	4514.61
1985	4275.93
1985	4148.27
1985	4113.53
1985	4096.15
1985	3882.62
1985	3102.71
1985	3069.87
1985	3020.75
1985	2503.87
1985	2502.37
1985	2432.15
1985	2271.34
1985	2217.87
1985	2160.94
1985	2045.03
1985	2041.85
1985	1887.48
1985	1868.92
1985	1861.54
1985	1805.17
1985	1721.89
1985	1492.7
1985	1335.43
1985	1170.2
1985	1145.38
1985	1132.86
1985	1065.47
1985	1058.14
1985	1029.88
1985	988.12
1985	954.97
1985	927.23
1985	884.58
1985	882.82
1985	808.2
1985	805.55
1985	748.01
1985	633.53
1985	615.91
1985	574.74
1985	492.94
1985	440.09
1985	429.59
1985	409.11
1985	404.93
1985	384.86
1985	362.94
1985	310.81
1985	273.39
1985	271.1
1985	236.37
1985	234.82
1985	225.62
1985	205.38
1985	196.65
1985	192.29
1985	159.44
1985	147.99
1985	131.89
1985	124.98
1985	123.54
1985	109.39
1985	102.26
1985	100.23
1985	90.02
1985	80.87
1985	76.22
1985	75.71
1985	74.66
1985	58.08
1985	43.42
1985	43.22
1985	37.21
1985	36.37
1985	36.29
1985	36.07
1985	34.47
1985	33.56
1985	23.71
1985	22.85
1985	21.59
1985	20.43
1985	15.28
1985	14.63
1985	13.77
1985	13.29
1985	12.56
1985	11.22
1985	10.56
1985	7.51
1985	5.54
1985	2.43
1985	0.44
1986	586476.7
1986	569957.64
1986	383203.86
1986	285435.16
1986	264493.54
1986	153253.06
1986	120922.74
1986	108950.72
1986	108142.69
1986	103033.92
1986	100883.01
1986	92831.46
1986	89635.58
1986	81146.14
1986	78542.9
1986	69863.9
1986	65910.44
1986	64420.27
1986	62707.23
1986	60482.74
1986	59664.83
1986	52370.6
1986	48375.35
1986	46916.45
1986	41442.62
1986	37372.42
1986	33107.39
1986	27909.71
1986	26368.17
1986	26330.77
1986	25933.38
1986	25551.05
1986	25349.98
1986	24059.86
1986	23823.98
1986	22701.94
1986	22566.06
1986	22411.14
1986	21951.99
1986	19489.05
1986	18554.65
1986	18314.46
1986	17997.22
1986	16648.7
1986	16602.9
1986	16466.27
1986	16420.59
1986	16205.27
1986	16109.61
1986	15547.24
1986	15455.62
1986	15380.49
1986	15206.98
1986	14744.97
1986	14721.41
1986	14670.24
1986	13589.67
1986	13458.45
1986	12968.79
1986	11642.36
1986	10512.14
1986	9250.97
1986	8842.61
1986	8796.2
1986	8698.47
1986	8046.48
1986	7708.01
1986	7707.45
1986	7683.13
1986	7424.88
1986	6877.51
1986	6791.21
1986	6400.3
1986	6352.97
1986	6068.8
1986	6004.26
1986	5951.57
1986	5769.72
1986	5656.91
1986	5588.22
1986	5561.05
1986	5541.86
1986	5471.02
1986	5456.61
1986	5329.64
1986	5108.47
1986	4640.65
1986	4410.2
1986	4270.02
1986	4256.15
1986	4108.32
1986	4039.09
1986	3966.34
1986	3258.54
1986	3191.44
1986	3074.94
1986	2553.45
1986	2525
1986	2400.53
1986	2325.88
1986	2294.22
1986	2163.25
1986	2147.93
1986	1995.56
1986	1928.23
1986	1833.25
1986	1730.26
1986	1693.96
1986	1674.93
1986	1541.57
1986	1300.77
1986	1289.73
1986	1182.28
1986	1145.06
1986	1137.94
1986	1079.31
1986	1027.83
1986	1021.38
1986	992.77
1986	966.7
1986	924.1
1986	878.69
1986	820.69
1986	817.13
1986	792.84
1986	640.33
1986	630.4
1986	578.41
1986	501.83
1986	451.79
1986	441.46
1986	410.27
1986	409.36
1986	392.09
1986	366.18
1986	318.2
1986	285.9
1986	271.16
1986	242.78
1986	239.93
1986	225.67
1986	206.26
1986	192.38
1986	181.18
1986	162.38
1986	148.84
1986	128.29
1986	123.41
1986	117.84
1986	112.13
1986	106.34
1986	105.61
1986	94.59
1986	88.1
1986	86.69
1986	79.69
1986	76.49
1986	62.17
1986	44.61
1986	39.33
1986	38.76
1986	37.63
1986	37.33
1986	35.36
1986	33.66
1986	30.59
1986	24.84
1986	23.84
1986	22.89
1986	20.61
1986	15.51
1986	14.6
1986	13.75
1986	13.5
1986	12.66
1986	10.66
1986	9.9
1986	7.51
1986	5.56
1986	2.43
1986	0.44
1987	582873.86
1987	562559.35
1987	394711.97
1987	294372.05
1987	268392.61
1987	155861.4
1987	119378.02
1987	107581.95
1987	106222.72
1987	103875.81
1987	101456.92
1987	92507.47
1987	91146.44
1987	83152.51
1987	77550.43
1987	70980.68
1987	66001.99
1987	65325.04
1987	64505.53
1987	61021.94
1987	58438.2
1987	54008.15
1987	47871.28
1987	47747.39
1987	41486.23
1987	38049.02
1987	31359.38
1987	27936.43
1987	27063.51
1987	26860.71
1987	26429.87
1987	25973.59
1987	25235.54
1987	24564.58
1987	24141.93
1987	23415.99
1987	23142.81
1987	23027.12
1987	22486.53
1987	19537.89
1987	19049.98
1987	18838.26
1987	18302.71
1987	18301.89
1987	17075.75
1987	16680.74
1987	16484.54
1987	16318.83
1987	16265.09
1987	15602.54
1987	15568.13
1987	15531.53
1987	14988.56
1987	14539.53
1987	14357.01
1987	14338.49
1987	13571.17
1987	13385.11
1987	13195.91
1987	11484.62
1987	10776.74
1987	9116.16
1987	8911.76
1987	8742.06
1987	8627.31
1987	8330.9
1987	7890.76
1987	7884.18
1987	7716.36
1987	7502.71
1987	6991.33
1987	6928.99
1987	6506.84
1987	6496.93
1987	6342.17
1987	6039.4
1987	5945.14
1987	5889.6
1987	5853.62
1987	5802.66
1987	5651.96
1987	5613.94
1987	5560.86
1987	5544.16
1987	5223.44
1987	5079.09
1987	4769.43
1987	4404.42
1987	4334.68
1987	4303.69
1987	4113.49
1987	4046.93
1987	3961.9
1987	3587.53
1987	3257.28
1987	3054.77
1987	2601.66
1987	2565.8
1987	2417.21
1987	2374.5
1987	2360.86
1987	2160.57
1987	2096.83
1987	1997.28
1987	1992.1
1987	1945.76
1987	1853.63
1987	1743.13
1987	1686.27
1987	1556.09
1987	1286.66
1987	1253.97
1987	1243.63
1987	1222.91
1987	1184.44
1987	1113.53
1987	1044.45
1987	1018.32
1987	1012.61
1987	976.69
1987	936.01
1987	895.82
1987	832.23
1987	829.37
1987	821.96
1987	659.38
1987	651.12
1987	589.24
1987	498.14
1987	461.78
1987	450.22
1987	417.16
1987	409.57
1987	395.54
1987	377.54
1987	334.19
1987	301.47
1987	282.13
1987	250.33
1987	242.28
1987	226.34
1987	225.63
1987	192.45
1987	169.73
1987	161.75
1987	145.49
1987	140.23
1987	135.57
1987	122.48
1987	120.25
1987	111.2
1987	103.89
1987	101.46
1987	92.98
1987	84.44
1987	83.79
1987	77.1
1987	64.33
1987	47.92
1987	41.38
1987	39.3
1987	37.33
1987	36.86
1987	34.12
1987	33.72
1987	30.53
1987	25.96
1987	23.85
1987	22.9
1987	15.59
1987	14.57
1987	13.91
1987	13.66
1987	13.59
1987	12.78
1987	10.26
1987	10.21
1987	7.5
1987	5.59
1987	2.44
1987	0.44
1988	574338.69
1988	561760.89
1988	398596.27
1988	303247.75
1988	270854.83
1988	159693.25
1988	117205.81
1988	107455.47
1988	107030.36
1988	105637.62
1988	97986.67
1988	92664.6
1988	92590.96
1988	83201.25
1988	78635.04
1988	72221.49
1988	68364.8
1988	68148.63
1988	64728.37
1988	62551.89
1988	58828.79
1988	52749.66
1988	48720.9
1988	47562.5
1988	41632.05
1988	38814.57
1988	31407.62
1988	27897.62
1988	27666.3
1988	27458.41
1988	26888.67
1988	26582.09
1988	25612.19
1988	24854.51
1988	24773.86
1988	23943.17
1988	23835.49
1988	23495.03
1988	23191.77
1988	22955.28
1988	19927.72
1988	19619.49
1988	19286.7
1988	18575.13
1988	17504.82
1988	17459.46
1988	16496.73
1988	16435.23
1988	16313.57
1988	16282.97
1988	15889.88
1988	15750.74
1988	15579.47
1988	14533.53
1988	14250.9
1988	14223.8
1988	13375.19
1988	13324.98
1988	12993.16
1988	11450.29
1988	10778.74
1988	9184.72
1988	8847.36
1988	8733.08
1988	8450.2
1988	8419.5
1988	7843.15
1988	7797.31
1988	7707.86
1988	7460.18
1988	7067.98
1988	7045.85
1988	6706.45
1988	6643.45
1988	6514.76
1988	6210.08
1988	6199.69
1988	6070.14
1988	6034.44
1988	5886.15
1988	5871.35
1988	5743.81
1988	5679.58
1988	5637.53
1988	5334.84
1988	5279.25
1988	4963.79
1988	4511.42
1988	4343.84
1988	4243.88
1988	4132.64
1988	4121.25
1988	3905.83
1988	3900.29
1988	3381.96
1988	3080.11
1988	2694.42
1988	2572.49
1988	2470.11
1988	2425.42
1988	2385.19
1988	2197.62
1988	2149.79
1988	2064.05
1988	1931.48
1988	1880.98
1988	1849.04
1988	1843.29
1988	1723.68
1988	1594.75
1988	1357.6
1988	1299.77
1988	1290.89
1988	1257.74
1988	1220.45
1988	1135.2
1988	1076.58
1988	1035.71
1988	990.02
1988	965.91
1988	949.78
1988	913.94
1988	873.01
1988	845.25
1988	816.67
1988	678.79
1988	671.36
1988	576.1
1988	500.8
1988	471.05
1988	450.33
1988	418.82
1988	409.8
1988	401.53
1988	399.17
1988	330.7
1988	316.72
1988	294.46
1988	252.85
1988	243.25
1988	228.83
1988	225.58
1988	192.51
1988	166.39
1988	164.42
1988	147.98
1988	142.36
1988	136
1988	127.35
1988	117.91
1988	116.28
1988	112.46
1988	105.09
1988	102.37
1988	87.5
1988	85.22
1988	78.09
1988	64.56
1988	47.81
1988	40.55
1988	39.29
1988	38.47
1988	37.39
1988	33.85
1988	33.74
1988	30.17
1988	28.72
1988	23.86
1988	22.92
1988	17.47
1988	14.57
1988	14.24
1988	14.23
1988	13.47
1988	12.87
1988	10.21
1988	10.08
1988	7.48
1988	5.64
1988	2.5
1988	0.44
1989	569664.43
1989	560135.74
1989	409523.24
1989	307932.31
1989	279292.2
1989	163921.11
1989	115508.11
1989	110770.51
1989	109052.86
1989	107429.89
1989	97688.71
1989	93634.16
1989	92619.76
1989	83911.71
1989	79532.44
1989	72942.47
1989	69592.56
1989	68807.64
1989	67180.14
1989	64486.79
1989	56664.36
1989	50969.26
1989	49973.48
1989	47449.15
1989	42322.62
1989	39746.69
1989	32771.25
1989	28349.93
1989	28122.37
1989	28057.5
1989	27330.51
1989	27219.81
1989	25854.21
1989	25301.3
1989	24765.01
1989	23962.47
1989	23453.71
1989	23150.67
1989	23062.28
1989	22527.67
1989	20555.69
1989	19762.57
1989	19299.92
1989	18807.66
1989	18108.09
1989	18037.89
1989	17170.56
1989	17109.07
1989	16556.31
1989	16554
1989	15929.2
1989	15830.21
1989	15055.32
1989	14198.22
1989	14146.66
1989	14048.23
1989	13707.51
1989	13350.91
1989	13195.32
1989	11587.54
1989	10978.86
1989	9132.69
1989	8915.29
1989	8793.62
1989	8756.73
1989	8637.31
1989	8007.67
1989	7912.38
1989	7761.71
1989	7492.05
1989	7194.11
1989	7037.66
1989	6954.12
1989	6756.4
1989	6637.16
1989	6446.73
1989	6398
1989	6347.38
1989	6212.73
1989	5943.39
1989	5832.2
1989	5792.16
1989	5757.74
1989	5639
1989	5540.04
1989	5447.24
1989	5100.21
1989	4705.27
1989	4446.51
1989	4233.37
1989	4219.8
1989	4195.93
1989	4144.06
1989	3825.83
1989	3451.38
1989	3090.86
1989	2801.72
1989	2588.36
1989	2539.31
1989	2439.04
1989	2368.37
1989	2286.85
1989	2204.82
1989	2155.4
1989	1963.64
1989	1912.62
1989	1889.1
1989	1863.93
1989	1740.33
1989	1645.22
1989	1341.43
1989	1326.53
1989	1293.57
1989	1284.57
1989	1156.7
1989	1133.73
1989	1128.94
1989	1106.67
1989	997.7
1989	996.41
1989	943.9
1989	936.38
1989	915.56
1989	857.4
1989	850.94
1989	679.14
1989	616.46
1989	570.68
1989	489.61
1989	482.46
1989	420.89
1989	410
1989	404.37
1989	373.52
1989	334.7
1989	333.61
1989	315.32
1989	302.55
1989	253.47
1989	246.14
1989	238.56
1989	225.53
1989	200.78
1989	166
1989	160.56
1989	155.72
1989	147.08
1989	132.08
1989	130.41
1989	128.93
1989	119.23
1989	117.71
1989	106.6
1989	104.82
1989	91.9
1989	86.1
1989	78.48
1989	64.7
1989	49.32
1989	42.12
1989	40.13
1989	39.45
1989	37.61
1989	34.75
1989	33.92
1989	29.61
1989	29.42
1989	23.86
1989	23.29
1989	17.62
1989	14.63
1989	14.54
1989	14.24
1989	13.66
1989	12.92
1989	10.21
1989	10.11
1989	7.46
1989	5.67
1989	2.53
1989	0.44
1990	562687.97
1990	557953.05
1990	420169.13
1990	307544.57
1990	282488.35
1990	167128.44
1990	114290.31
1990	111469.03
1990	111383.9
1990	108747.76
1990	97839.57
1990	93958.43
1990	91793.73
1990	84766.62
1990	79909.21
1990	74747.93
1990	74542.79
1990	69467.38
1990	67143.55
1990	65865.28
1990	56500.41
1990	50870.92
1990	49348.35
1990	47445.58
1990	42810.07
1990	40406.64
1990	33338.42
1990	30847.55
1990	29010.36
1990	28480.77
1990	27826.81
1990	27681.34
1990	27213.19
1990	25847.14
1990	25714.22
1990	25564.34
1990	23654.94
1990	23150.8
1990	22845.5
1990	21435.78
1990	21277.16
1990	19548.22
1990	19023.46
1990	18776.47
1990	18742.46
1990	18594.74
1990	17295.1
1990	17226.55
1990	17166.56
1990	16679.27
1990	15868.4
1990	15578.92
1990	15043.61
1990	14202.68
1990	14167.24
1990	14089.24
1990	14060.87
1990	13441.68
1990	13297.73
1990	11782.76
1990	11434.1
1990	9698.88
1990	9355.38
1990	9076.25
1990	8877.15
1990	8581.64
1990	8392.54
1990	7932.56
1990	7857.25
1990	7592.79
1990	7455.88
1990	7454.89
1990	7090.73
1990	7005.1
1990	6855.65
1990	6660.96
1990	6657.87
1990	6599.43
1990	6510.26
1990	6391.76
1990	6126.37
1990	5991.84
1990	5825.53
1990	5743.35
1990	5727.38
1990	5601.03
1990	5222.35
1990	4864.16
1990	4431.18
1990	4329.19
1990	4239.46
1990	4206.87
1990	4158.33
1990	3687.51
1990	3579.93
1990	3075.65
1990	2914.06
1990	2627.33
1990	2600.98
1990	2416.55
1990	2360.63
1990	2355.36
1990	2251.38
1990	2175.77
1990	2099.59
1990	2036.02
1990	1895.14
1990	1870.38
1990	1805.12
1990	1693.04
1990	1452.08
1990	1335.84
1990	1316.18
1990	1294.02
1990	1155.07
1990	1146.73
1990	1126.16
1990	1035.65
1990	1031.37
1990	1002.05
1990	954.33
1990	954.21
1990	945.63
1990	875.5
1990	869.62
1990	711.91
1990	614.33
1990	499.97
1990	495.5
1990	489.31
1990	421.44
1990	410.25
1990	410.24
1990	373.95
1990	358.76
1990	343.28
1990	315.89
1990	313.03
1990	256.55
1990	247.06
1990	243.99
1990	225.51
1990	200.84
1990	165.65
1990	154.03
1990	149.53
1990	143.23
1990	129.46
1990	126.71
1990	122.56
1990	120.18
1990	116.52
1990	107.78
1990	107.04
1990	94.61
1990	84.44
1990	79.87
1990	64.91
1990	48.8
1990	41.57
1990	40.07
1990	36.85
1990	34.88
1990	34.78
1990	34.6
1990	28.46
1990	25.41
1990	23.87
1990	23.43
1990	17.58
1990	14.69
1990	14.51
1990	14.41
1990	14.03
1990	11.8
1990	10.18
1990	9.8
1990	7.48
1990	5.69
1990	2.52
1990	0.44
1991	559290.6
1991	556611.03
1991	424329.64
1991	294248.64
1991	286528.91
1991	171523.06
1991	113091.31
1991	111221.24
1991	107787.11
1991	107543.65
1991	97476.65
1991	94257
1991	90721.91
1991	87684.18
1991	79057.05
1991	75199.21
1991	74514.35
1991	69666.24
1991	67044.88
1991	66206.16
1991	55597.75
1991	51477.7
1991	48025.48
1991	46988.22
1991	42820.29
1991	40812.35
1991	33574
1991	29730.63
1991	29316.07
1991	29138.37
1991	29131.44
1991	27922.46
1991	27664.67
1991	26063.06
1991	25959.58
1991	25895.49
1991	23327.62
1991	22812.94
1991	22018.66
1991	21454.74
1991	20488.03
1991	19561.34
1991	19363.33
1991	19274.88
1991	19231.86
1991	18865.09
1991	17464.59
1991	17258.3
1991	17136.59
1991	16809.28
1991	15726.55
1991	15589.53
1991	15465.62
1991	14988.36
1991	14184.99
1991	13977.31
1991	13969.97
1991	13528.23
1991	12928.39
1991	12354.32
1991	12106.76
1991	10179.38
1991	9067.01
1991	8981.46
1991	8864.76
1991	8696.17
1991	8471.63
1991	8348.94
1991	7967.88
1991	7880.89
1991	7845.45
1991	7139.74
1991	7119.65
1991	7108.35
1991	7011.55
1991	6969.66
1991	6527.95
1991	6449.28
1991	6443.98
1991	6307.33
1991	6269.27
1991	6192.54
1991	5885.69
1991	5808.17
1991	5545.43
1991	5526.78
1991	5350.97
1991	4948.47
1991	4545.86
1991	4424.69
1991	4315.24
1991	4238.46
1991	4155.93
1991	3864.23
1991	3684.28
1991	3108.33
1991	3006.61
1991	2712.84
1991	2618.67
1991	2444.74
1991	2437.66
1991	2375.98
1991	2229.82
1991	2189.61
1991	2179.26
1991	2150.98
1991	1953
1991	1895.8
1991	1838.91
1991	1802.86
1991	1358.18
1991	1350.04
1991	1342.22
1991	1294.34
1991	1235.46
1991	1164.99
1991	1123.23
1991	1079.5
1991	1074.41
1991	1031.62
1991	966.48
1991	954.23
1991	941.73
1991	906.25
1991	888.21
1991	706.87
1991	640.88
1991	507.19
1991	493.87
1991	485.09
1991	416.15
1991	415.57
1991	410.48
1991	395.86
1991	346.47
1991	341.85
1991	321.1
1991	311.18
1991	264.67
1991	263.42
1991	247.82
1991	225.47
1991	200.98
1991	167.36
1991	151.66
1991	151.35
1991	146.23
1991	132.2
1991	126.47
1991	118.07
1991	116.56
1991	113.6
1991	112.18
1991	97.68
1991	85.72
1991	80.49
1991	65.02
1991	54.32
1991	50.08
1991	41.63
1991	39.15
1991	37.39
1991	34.65
1991	33.75
1991	32.73
1991	28.24
1991	25.09
1991	24.09
1991	22.7
1991	17.64
1991	15.01
1991	14.92
1991	14.51
1991	13.97
1991	11.81
1991	9.89
1991	9.8
1991	7.49
1991	5.69
1991	2.4
1991	0.44
1991	0.21
1991	0.06
1992	557875.11
1992	432058.14
1992	293711.57
1992	293313.51
1992	275274.89
1992	173449.38
1992	114926
1992	110716.89
1992	109105.58
1992	98221.23
1992	96873.55
1992	96468.87
1992	93460.11
1992	91478.04
1992	88850.52
1992	79492.15
1992	76998.59
1992	73599.06
1992	69987.31
1992	69520.92
1992	67603.51
1992	66188.24
1992	54703.43
1992	52237.29
1992	46845
1992	46819.11
1992	42132.08
1992	41205.07
1992	34400.38
1992	31859.37
1992	30861.46
1992	30376.65
1992	30129.72
1992	28495.02
1992	28223.54
1992	27746.08
1992	26648.54
1992	25929.28
1992	25876.09
1992	23729.45
1992	23297.22
1992	23045.04
1992	21689.1
1992	21064.33
1992	19784.4
1992	19722.77
1992	19704.71
1992	19449.7
1992	19284.82
1992	17858.38
1992	17589.77
1992	17060.2
1992	16946.18
1992	16935.85
1992	15635.13
1992	15586.41
1992	15109.89
1992	14312
1992	14145.81
1992	13805.56
1992	13598.67
1992	13598.12
1992	12613.66
1992	12459.1
1992	12282.53
1992	11704.28
1992	11036.35
1992	9671.09
1992	9217.95
1992	9098.93
1992	9027.49
1992	8776.56
1992	8769.62
1992	8498.82
1992	8276.66
1992	8142.32
1992	7902.74
1992	7768.21
1992	7309.09
1992	7099.13
1992	7067.8
1992	6991.6
1992	6923.81
1992	6901.43
1992	6839.83
1992	6763.6
1992	6650.58
1992	6616.7
1992	6483.77
1992	6478.61
1992	6392.32
1992	6292.71
1992	6273
1992	6005.02
1992	5958.88
1992	5627.65
1992	5484.5
1992	5183.91
1992	5105.26
1992	4589.9
1992	4583.92
1992	4515.97
1992	4485.87
1992	4220.93
1992	4207.86
1992	4129.03
1992	3671.46
1992	3180.76
1992	3148.74
1992	2917
1992	2901.14
1992	2831.31
1992	2621.96
1992	2506.33
1992	2491.99
1992	2345.06
1992	2301.37
1992	2277.56
1992	2255.98
1992	2199.85
1992	2094.97
1992	2070.1
1992	1937.46
1992	1866.78
1992	1845.76
1992	1822.77
1992	1813.73
1992	1497.42
1992	1430.94
1992	1388.7
1992	1342.58
1992	1301.86
1992	1243.15
1992	1199.53
1992	1131.11
1992	1093.81
1992	1039.85
1992	999.26
1992	972.15
1992	948.78
1992	921.23
1992	911.74
1992	903.51
1992	708.84
1992	640.64
1992	516.73
1992	508.84
1992	483.77
1992	425.06
1992	416.1
1992	410.72
1992	408.1
1992	341.85
1992	332.42
1992	322.34
1992	305.23
1992	258.6
1992	251.06
1992	240.25
1992	225.48
1992	201.18
1992	172.74
1992	163.79
1992	161.72
1992	147.84
1992	143.43
1992	138.52
1992	128.22
1992	125.38
1992	118.89
1992	114.29
1992	98.81
1992	86.96
1992	80.97
1992	65.17
1992	63.64
1992	50.15
1992	41.34
1992	38.9
1992	38.51
1992	34.71
1992	33.9
1992	32.79
1992	28.1
1992	24.79
1992	24.24
1992	23
1992	17.64
1992	15.19
1992	14.56
1992	14.54
1992	13.69
1992	9.91
1992	9.8
1992	9.57
1992	7.49
1992	5.7
1992	2.4
1992	0.44
1992	0.21
1992	0.06
1993	560541.17
1993	440427.3
1993	296519.16
1993	294647.91
1993	263920.03
1993	174602.7
1993	115855.94
1993	109767.98
1993	109413.13
1993	98818.12
1993	96254.74
1993	96002.23
1993	91376.75
1993	91298.92
1993	90725.38
1993	78382.26
1993	77318.26
1993	73728.53
1993	70453.14
1993	70247.28
1993	69536.7
1993	65399.45
1993	54353.82
1993	52880.13
1993	46635.78
1993	45531.95
1993	41959.97
1993	41148.05
1993	35915.45
1993	35027.69
1993	31220.21
1993	30951.81
1993	30537.21
1993	30247
1993	28938.01
1993	27417.85
1993	26135.36
1993	25641.79
1993	23613.95
1993	23606.56
1993	23456.7
1993	22304.7
1993	21935.97
1993	20307.1
1993	20166.35
1993	19984.82
1993	19413.88
1993	19019.73
1993	17923.85
1993	17839.51
1993	17685.59
1993	17273.53
1993	16823.57
1993	15658.31
1993	15348.51
1993	15308.27
1993	14897.06
1993	14284.68
1993	13911.03
1993	13402.25
1993	13163.9
1993	12771.5
1993	12653.4
1993	12230.63
1993	11944.73
1993	11258.12
1993	10497.26
1993	9746.56
1993	9177.93
1993	8967.42
1993	8966.68
1993	8716.47
1993	8683.3
1993	8651.37
1993	8481.46
1993	7987.17
1993	7769.22
1993	7738.3
1993	7727.02
1993	7339.9
1993	7151.01
1993	7033.2
1993	6968.65
1993	6956.14
1993	6837.11
1993	6832.12
1993	6785.95
1993	6753.18
1993	6659.63
1993	6511.64
1993	6484.37
1993	6410.73
1993	6398.8
1993	6320.78
1993	6242.99
1993	5878.17
1993	5619.44
1993	5590.01
1993	5334.55
1993	5106.62
1993	4678.96
1993	4580.21
1993	4564.87
1993	4286.49
1993	4249.65
1993	4103
1993	4082.11
1993	3737.49
1993	3200.53
1993	2982.07
1993	2955.1
1993	2887.37
1993	2804.45
1993	2667.4
1993	2623.42
1993	2478.46
1993	2403.25
1993	2330.18
1993	2276.02
1993	2242.2
1993	2231.25
1993	2223.01
1993	2195.23
1993	1979.58
1993	1950.37
1993	1890.08
1993	1844.53
1993	1832.9
1993	1600.09
1993	1484.9
1993	1480.83
1993	1400.24
1993	1365.71
1993	1242.61
1993	1234.37
1993	1231.64
1993	1156.35
1993	1116.61
1993	1085.95
1993	1011.69
1993	1005.76
1993	947.63
1993	901.01
1993	894.01
1993	854.06
1993	706.2
1993	619.28
1993	530.28
1993	517.61
1993	482.12
1993	429.29
1993	421.73
1993	417.08
1993	410.99
1993	346.55
1993	326.6
1993	320.96
1993	306.85
1993	265.58
1993	253.64
1993	242.72
1993	213.62
1993	200.83
1993	189.61
1993	173.29
1993	173.27
1993	163.19
1993	149.28
1993	127.57
1993	123.7
1993	120.77
1993	115.13
1993	111.79
1993	98.18
1993	94.56
1993	88.93
1993	81.51
1993	65.3
1993	50.14
1993	40.93
1993	38.53
1993	35.26
1993	34.03
1993	32.87
1993	32.62
1993	28.17
1993	24.42
1993	24.34
1993	22.89
1993	17.64
1993	15.27
1993	14.89
1993	14.54
1993	13.69
1993	9.8
1993	9.57
1993	9.56
1993	7.49
1993	5.7
1993	2.4
1993	0.44
1993	0.21
1993	0.06
1994	563305.97
1994	450782.68
1994	300731.72
1994	293598.3
1994	251564.69
1994	177027.84
1994	116091.25
1994	113500.4
1994	110185.23
1994	100489.73
1994	95439.77
1994	94791.74
1994	91822.77
1994	91382.99
1994	88955.37
1994	82803.48
1994	77594.97
1994	74112.88
1994	70719.58
1994	70640.92
1994	70351.7
1994	68640.9
1994	55996.98
1994	53697.6
1994	46685.68
1994	45653.39
1994	43003.62
1994	41717.46
1994	38007.32
1994	37493.8
1994	31172.97
1994	31081.38
1994	30273.07
1994	30212.18
1994	28775.26
1994	27607.44
1994	26283.61
1994	26208.57
1994	23910.98
1994	23782.01
1994	22733.75
1994	22599.44
1994	22369.11
1994	20661.08
1994	20652.21
1994	20319.36
1994	19720.17
1994	19060.38
1994	18810.35
1994	17993.08
1994	17941.47
1994	17415.6
1994	17129.66
1994	15903.83
1994	15703
1994	15504.43
1994	15011.27
1994	14411.97
1994	13435.38
1994	13303.82
1994	12830.88
1994	12493.03
1994	12474.47
1994	12029.67
1994	11241.71
1994	11064.59
1994	9474.75
1994	9319.16
1994	9116.1
1994	8995.2
1994	8757.87
1994	8719.61
1994	8695.97
1994	8604.58
1994	8461.8
1994	8091.99
1994	7923.66
1994	7669.99
1994	7343.8
1994	7331.03
1994	7279.36
1994	7181.93
1994	7098.03
1994	7039.23
1994	6976.42
1994	6958.12
1994	6828.81
1994	6725.31
1994	6648.93
1994	6578
1994	6467.06
1994	6380.77
1994	6356.81
1994	6173.71
1994	6130.92
1994	5797.39
1994	5742.5
1994	5605.18
1994	5357.01
1994	5338.2
1994	4710.85
1994	4702
1994	4609.7
1994	4282.39
1994	4162.87
1994	4110.64
1994	3853.84
1994	3808.71
1994	3258.54
1994	2999.13
1994	2931.37
1994	2808.33
1994	2767.71
1994	2756.46
1994	2672.43
1994	2478.35
1994	2406.61
1994	2314.41
1994	2281.61
1994	2256.57
1994	2204.53
1994	2193.74
1994	2192.96
1994	2032.35
1994	2021.52
1994	1886.15
1994	1855.82
1994	1806.99
1994	1786.79
1994	1515.67
1994	1444.61
1994	1423.16
1994	1378.4
1994	1281.21
1994	1206.69
1994	1189.61
1994	1143.6
1994	1132.86
1994	1079.77
1994	1029.72
1994	1020.84
1994	971.77
1994	897.92
1994	890.89
1994	865.08
1994	719.89
1994	591.49
1994	535.05
1994	516.33
1994	515.75
1994	481.72
1994	443.35
1994	426.16
1994	411.17
1994	350.99
1994	334.63
1994	318.73
1994	307.52
1994	277.12
1994	253.1
1994	236.77
1994	213.63
1994	203.48
1994	196.18
1994	173.62
1994	172.95
1994	150.25
1994	140.95
1994	136.57
1994	129.19
1994	125.75
1994	121.1
1994	115.93
1994	115.47
1994	94.76
1994	87.96
1994	81.67
1994	65.36
1994	50.13
1994	48.87
1994	38.28
1994	35.84
1994	33.54
1994	33.04
1994	32.77
1994	28.17
1994	25.8
1994	24.34
1994	19.92
1994	17.22
1994	15.35
1994	15.3
1994	14.54
1994	13.69
1994	9.8
1994	9.68
1994	9.57
1994	7.54
1994	5.7
1994	2.73
1994	0.44
1994	0.21
1994	0.06
1995	566729.67
1995	471031.85
1995	304446.32
1995	299459.55
1995	236643.49
1995	181705.65
1995	116316.59
1995	109089.39
1995	108566.3
1995	100994.09
1995	95644.11
1995	93366.9
1995	93057.41
1995	92151.6
1995	84708.44
1995	83745.48
1995	76615.21
1995	73851.76
1995	70921.21
1995	70487.46
1995	68457.62
1995	62967.98
1995	57178.85
1995	55197.58
1995	46709.29
1995	44657.19
1995	44160.18
1995	42413.59
1995	38866.89
1995	38740.52
1995	31726.85
1995	31283.9
1995	30375.95
1995	30308.2
1995	29283.48
1995	26964.72
1995	26534.79
1995	26192.3
1995	23917.03
1995	23484.95
1995	22749.59
1995	22589.01
1995	21397.04
1995	21379.47
1995	20744.66
1995	20456.15
1995	20378.12
1995	19178.79
1995	19071.11
1995	18601.09
1995	18205.43
1995	17974.51
1995	16835.91
1995	16429.1
1995	15841.46
1995	15406.8
1995	15238.14
1995	14270.91
1995	13481.39
1995	13175.04
1995	12544.02
1995	12515.49
1995	12131.06
1995	12008.98
1995	11990.29
1995	10926.72
1995	9690.35
1995	9283.37
1995	9144.77
1995	9075.92
1995	8869.33
1995	8756.09
1995	8753.83
1995	8684.78
1995	8319.71
1995	8156.65
1995	7996.21
1995	7921.03
1995	7620.41
1995	7474.6
1995	7440.08
1995	7371.72
1995	7330.08
1995	7235.96
1995	7104.29
1995	7037.45
1995	6697.43
1995	6500.22
1995	6410.92
1995	6393.97
1995	6377.86
1995	6366.88
1995	6319.66
1995	6262.49
1995	6060.56
1995	5952.01
1995	5805.24
1995	5360.55
1995	5341.56
1995	5098.19
1995	4829.43
1995	4768.98
1995	4745.44
1995	4473.24
1995	4153.21
1995	4074.64
1995	4012.11
1995	3252.3
1995	3216.55
1995	3096.77
1995	3060.77
1995	2953.67
1995	2766.63
1995	2685.12
1995	2672.42
1995	2442.72
1995	2409.78
1995	2310.5
1995	2294.01
1995	2255.78
1995	2226.32
1995	2131.05
1995	2125.41
1995	2123.76
1995	2104.87
1995	1993.1
1995	1929.34
1995	1915.2
1995	1839.25
1995	1484.41
1995	1461.74
1995	1426.73
1995	1298.22
1995	1248.12
1995	1223.78
1995	1101.08
1995	1097.29
1995	1061.6
1995	1028.7
1995	1022.36
1995	1014.83
1995	971.56
1995	899.19
1995	876.58
1995	816.24
1995	714.27
1995	579.11
1995	565.89
1995	543.4
1995	520.78
1995	519.05
1995	481.9
1995	430.95
1995	411.41
1995	351.18
1995	335.42
1995	311.12
1995	304.3
1995	274.54
1995	260.01
1995	244.92
1995	213.63
1995	204.12
1995	199.96
1995	175.49
1995	166.69
1995	157.74
1995	151.81
1995	148.1
1995	133.2
1995	128.01
1995	125.6
1995	115.98
1995	114.89
1995	88.96
1995	87.52
1995	82.18
1995	76.01
1995	71.32
1995	56.62
1995	49.63
1995	38.2
1995	38.02
1995	36.16
1995	35.17
1995	33.17
1995	32.93
1995	28.17
1995	28.08
1995	24.34
1995	19.61
1995	17.24
1995	15.65
1995	14.54
1995	13.69
1995	11.81
1995	9.8
1995	9.62
1995	7.54
1995	5.7
1995	4.91
1995	3.26
1995	0.44
1996	567210.22
1996	475705.93
1996	308524.09
1996	293882.75
1996	223092.8
1996	175013.64
1996	115363.54
1996	109161.97
1996	107939.57
1996	101134.33
1996	95202.86
1996	94979.69
1996	93087.08
1996	92299.23
1996	85210.35
1996	80147.84
1996	75106.57
1996	74638.2
1996	71822.65
1996	71156.4
1996	65722.34
1996	57804.03
1996	55733.39
1996	55126.99
1996	47004.17
1996	44415.94
1996	44177.45
1996	42940.46
1996	40642.87
1996	39645.38
1996	31834.98
1996	31539.24
1996	30730.85
1996	29962.7
1996	29727.22
1996	27078.19
1996	26746.56
1996	26300.14
1996	23775.4
1996	23482.46
1996	22984.21
1996	22914
1996	21614.07
1996	20755.57
1996	20719.44
1996	20561.12
1996	19987.31
1996	19810.79
1996	19248.92
1996	18305.44
1996	17979.88
1996	17527.36
1996	16796.94
1996	16088.93
1996	15573.95
1996	15289.9
1996	15169.6
1996	14314.34
1996	13777.32
1996	13231.76
1996	12508.04
1996	12417.04
1996	12037.98
1996	12003.16
1996	11977.91
1996	11127.46
1996	9754.87
1996	9494.57
1996	9379.55
1996	9128.9
1996	9098.85
1996	9026.61
1996	8975.91
1996	8895.18
1996	8613.57
1996	8595.68
1996	8280.58
1996	7972.01
1996	7667.61
1996	7608.99
1996	7580.08
1996	7563
1996	7497.34
1996	7310.64
1996	7159.65
1996	7092.38
1996	6856.22
1996	6616.1
1996	6501.44
1996	6416.42
1996	6386.86
1996	6259
1996	6180.29
1996	6120.81
1996	6059.59
1996	5911
1996	5899.28
1996	5343.35
1996	5160.8
1996	5074.92
1996	4912.49
1996	4899.08
1996	4807.61
1996	4339.96
1996	4218.67
1996	4157.59
1996	4093.56
1996	3593.74
1996	3240.31
1996	3220.57
1996	3201.78
1996	3165.5
1996	2773.89
1996	2710.48
1996	2709.94
1996	2667.81
1996	2422.98
1996	2277.81
1996	2244.52
1996	2237.79
1996	2234.19
1996	2210.42
1996	2174.64
1996	2096
1996	2040.98
1996	2022.28
1996	1975.31
1996	1899.15
1996	1795.21
1996	1447.23
1996	1430.96
1996	1429.34
1996	1364.55
1996	1301.43
1996	1233.47
1996	1193.68
1996	1138.22
1996	1062.57
1996	1056.21
1996	1042.67
1996	1008.95
1996	964.29
1996	887.61
1996	879.5
1996	811.9
1996	720.88
1996	588.57
1996	580.29
1996	570.09
1996	551.72
1996	523.99
1996	482.67
1996	439.17
1996	411.68
1996	362.91
1996	334.27
1996	316.91
1996	304.09
1996	276.16
1996	255.19
1996	245.49
1996	213.81
1996	204.23
1996	203.46
1996	175.62
1996	174.08
1996	160.32
1996	153.85
1996	141.52
1996	128.26
1996	127.21
1996	125.64
1996	119.39
1996	119.27
1996	95.07
1996	86.97
1996	82.81
1996	76.01
1996	69.91
1996	66.42
1996	49.63
1996	38.28
1996	38.02
1996	36.59
1996	36
1996	33.08
1996	30.94
1996	29.29
1996	28.17
1996	24.34
1996	20.64
1996	17.25
1996	15.25
1996	14.54
1996	13.69
1996	11.81
1996	9.8
1996	9.72
1996	7.54
1996	5.7
1996	4.91
1996	3.3
1996	0.44
1997	568514.37
1997	459053.71
1997	312476.58
1997	289929.3
1997	210546.73
1997	177385
1997	117137.45
1997	111067.96
1997	110299.12
1997	100209.16
1997	96847.53
1997	94938.84
1997	92818.72
1997	89738.04
1997	86133.69
1997	74971.32
1997	74430.58
1997	74269.97
1997	73357.06
1997	72681.84
1997	65973.72
1997	56026.27
1997	55885.89
1997	51878.72
1997	47021.74
1997	45110.73
1997	44180.92
1997	43674.6
1997	42850.48
1997	40606.33
1997	32653.03
1997	31954.73
1997	30446.45
1997	30268.77
1997	30225.97
1997	28032.91
1997	26633.53
1997	26500.68
1997	23380.83
1997	23341.36
1997	23224.67
1997	23146.76
1997	22367.58
1997	20806.58
1997	20740.31
1997	20724.73
1997	20448.17
1997	19427.23
1997	19248.12
1997	18701.97
1997	18001.71
1997	17779.46
1997	16983.33
1997	15737.17
1997	15698.28
1997	15139.36
1997	14966.25
1997	14226.05
1997	14112.47
1997	13128.64
1997	12614.33
1997	12461.62
1997	12252.48
1997	12012.89
1997	11789.8
1997	11214.77
1997	9625.78
1997	9576.95
1997	9546.7
1997	9324.57
1997	9258.27
1997	9027.29
1997	8790.19
1997	8579.57
1997	8570.72
1997	8403.61
1997	8344.19
1997	7952.36
1997	7926.58
1997	7646.67
1997	7566.67
1997	7489.98
1997	7232.37
1997	7183.38
1997	7124.13
1997	7114.74
1997	7092.14
1997	6780.45
1997	6727.51
1997	6502.81
1997	6419.14
1997	6270.12
1997	6141.78
1997	6140.68
1997	5992.79
1997	5836.58
1997	5761.76
1997	5321.33
1997	5318.47
1997	5285.22
1997	5089.77
1997	5084.83
1997	5074.61
1997	4924.87
1997	4372.61
1997	4234.25
1997	4028.79
1997	3402.64
1997	3365.84
1997	3339.34
1997	3242.28
1997	3141.1
1997	3079.73
1997	2732.68
1997	2730.7
1997	2623.59
1997	2485.67
1997	2360.84
1997	2339.29
1997	2314.48
1997	2277.78
1997	2198.52
1997	2141.77
1997	2109.78
1997	2093.62
1997	2026.78
1997	2022.39
1997	1939.59
1997	1850.61
1997	1601.67
1997	1472.88
1997	1410.96
1997	1410.64
1997	1394.16
1997	1366.17
1997	1152.87
1997	1136.18
1997	1133.18
1997	1053.32
1997	1050.22
1997	1010.91
1997	943.57
1997	874.23
1997	853.36
1997	835.13
1997	717.09
1997	608.67
1997	578.32
1997	569.32
1997	555.96
1997	534.57
1997	490.51
1997	449.68
1997	411.97
1997	365.38
1997	334.18
1997	311.75
1997	303.89
1997	296.71
1997	262.92
1997	241.83
1997	213.81
1997	207.8
1997	204.83
1997	191.16
1997	175.72
1997	162.8
1997	161.43
1997	146.14
1997	140.95
1997	122.5
1997	121.17
1997	120.99
1997	114.85
1997	92.89
1997	84.93
1997	83.59
1997	76.01
1997	68
1997	66.51
1997	49.63
1997	43.72
1997	38.02
1997	37.42
1997	36.55
1997	33.03
1997	30.94
1997	28.27
1997	28.21
1997	24.34
1997	20.76
1997	17.26
1997	15.7
1997	14.54
1997	13.69
1997	12.13
1997	9.8
1997	9.46
1997	7.54
1997	5.7
1997	4.91
1997	3.24
1997	0.44
1998	568616.24
1998	474705.09
1998	314229.07
1998	287789.26
1998	198577.75
1998	178959.78
1998	116817.99
1998	112328.58
1998	112001.81
1998	100659.07
1998	98180.25
1998	93635.37
1998	92119.15
1998	87430.67
1998	85344.56
1998	75289.59
1998	73295.47
1998	73197.15
1998	73016.23
1998	69822.57
1998	66236.63
1998	55079.83
1998	54320.94
1998	47170.42
1998	46900.62
1998	46030.99
1998	45673.63
1998	43815.45
1998	43183.73
1998	41508.09
1998	35167.82
1998	32061.07
1998	30752.85
1998	30654.06
1998	29171.85
1998	29036.4
1998	26855.94
1998	26586.57
1998	23659.78
1998	23341.38
1998	23320.46
1998	22649.31
1998	22366.66
1998	21332.91
1998	21092.12
1998	20744.67
1998	20678.27
1998	19500.54
1998	19032.43
1998	18397.72
1998	17982.2
1998	17895.44
1998	17228.89
1998	15975.54
1998	15588.13
1998	15296.65
1998	14632.53
1998	14280.67
1998	13978.86
1998	12874.24
1998	12831.1
1998	12309.01
1998	12239.37
1998	11976.65
1998	11540.84
1998	11163.95
1998	9884.84
1998	9871.21
1998	9627.26
1998	9504.15
1998	9387.94
1998	9181.19
1998	8701.17
1998	8657.92
1998	8621.13
1998	8553.72
1998	8367.78
1998	8262.88
1998	7847.33
1998	7733.47
1998	7648.11
1998	7571.48
1998	7318.61
1998	7137.59
1998	7134.99
1998	7086.67
1998	7049.89
1998	6898.3
1998	6641.72
1998	6641.16
1998	6545.84
1998	6414.47
1998	6401.63
1998	6269.13
1998	5950.21
1998	5772.69
1998	5733.93
1998	5441.12
1998	5360.37
1998	5327.7
1998	5234.67
1998	5135.96
1998	5006.75
1998	4807.87
1998	4502.44
1998	4340.64
1998	3983.89
1998	3548.47
1998	3488.11
1998	3326.88
1998	3205.32
1998	3196.01
1998	3019.14
1998	2740.49
1998	2659.74
1998	2612.1
1998	2489.27
1998	2363.98
1998	2321.97
1998	2307.18
1998	2295.84
1998	2272.27
1998	2244.13
1998	2138.51
1998	2116.61
1998	2085.79
1998	2071.63
1998	1924.25
1998	1872.06
1998	1709.21
1998	1504.07
1998	1440.55
1998	1428.51
1998	1368.05
1998	1363.07
1998	1242.11
1998	1194.41
1998	1184.18
1998	1068.86
1998	1044.89
1998	998.77
1998	854.01
1998	847.75
1998	825.15
1998	821.63
1998	736.11
1998	617.23
1998	579.74
1998	569.23
1998	564.29
1998	533.82
1998	529.53
1998	448.75
1998	412.25
1998	370.47
1998	334.7
1998	304.23
1998	296.74
1998	295.86
1998	262.31
1998	253.49
1998	207.69
1998	206.95
1998	196.01
1998	195.92
1998	175.95
1998	167.49
1998	163.61
1998	156.18
1998	145.63
1998	127.7
1998	121.17
1998	118.44
1998	116.85
1998	89.1
1998	87.01
1998	84.79
1998	76.01
1998	67.95
1998	57.77
1998	49.63
1998	46.69
1998	38.02
1998	36.98
1998	36.45
1998	32.98
1998	31.1
1998	30.94
1998	28.24
1998	24.34
1998	21.28
1998	17.24
1998	15.42
1998	14.54
1998	13.66
1998	12.13
1998	9.8
1998	9.67
1998	7.54
1998	5.7
1998	4.91
1998	3.24
1998	0.44
1999	569083.9
1999	486511.52
1999	320152.08
1999	287235.71
1999	188746.72
1999	180820.06
1999	116788.82
1999	113904.59
1999	111501.36
1999	99197.45
1999	96820.86
1999	93562.36
1999	91518.85
1999	85461.11
1999	85197.17
1999	75710.34
1999	74141.09
1999	74014.55
1999	73477.19
1999	67291.75
1999	66043.85
1999	55907.92
1999	54294.51
1999	48464.09
1999	47892.62
1999	46417.25
1999	43594.62
1999	43586.44
1999	42905.55
1999	42364.07
1999	34631.04
1999	32365.35
1999	31237.58
1999	30604.25
1999	28900.68
1999	28722.43
1999	27208.23
1999	25965.19
1999	23896.13
1999	23452.43
1999	23039.36
1999	22423.26
1999	22378.19
1999	21762.33
1999	20922.34
1999	20645.67
1999	20263.93
1999	19937.52
1999	19686.52
1999	19038.71
1999	17832.24
1999	17750.76
1999	17749.98
1999	17057.51
1999	16234.6
1999	15322.13
1999	14389.76
1999	14237.75
1999	13731.74
1999	12977.8
1999	12420.29
1999	12388.65
1999	12369.51
1999	11914.55
1999	11377.69
1999	11289.17
1999	10387.14
1999	10175.04
1999	9542.64
1999	9517.59
1999	9312.03
1999	9288.7
1999	8894.88
1999	8875.19
1999	8614.77
1999	8591.51
1999	8466.58
1999	8171.9
1999	8105.04
1999	7806.45
1999	7726.53
1999	7480.4
1999	7476.27
1999	7311.94
1999	7079.94
1999	7051.47
1999	7024.1
1999	6883.69
1999	6819.76
1999	6661.62
1999	6621.7
1999	6566.44
1999	6294.97
1999	6240.97
1999	6022.85
1999	5709.43
1999	5601.99
1999	5597.05
1999	5548.87
1999	5543
1999	5534.94
1999	5022.38
1999	4998.26
1999	4878.66
1999	4503.81
1999	4367.7
1999	3869.81
1999	3831.69
1999	3637.86
1999	3392.97
1999	3252.49
1999	3204.92
1999	3195.06
1999	2929.07
1999	2697.14
1999	2652.63
1999	2571.59
1999	2566.97
1999	2431.98
1999	2420.98
1999	2386.54
1999	2331.09
1999	2277.99
1999	2269.5
1999	2141.2
1999	2140.49
1999	2119.94
1999	2078.87
1999	2006.35
1999	1879.88
1999	1594.56
1999	1499.88
1999	1417.31
1999	1387.11
1999	1334.94
1999	1316.4
1999	1224.4
1999	1192.02
1999	1175.33
1999	1069.16
1999	1040.72
1999	994.87
1999	840.22
1999	828.22
1999	824.32
1999	749.18
1999	611.98
1999	578.93
1999	568.56
1999	564.15
1999	555.52
1999	548.13
1999	450.36
1999	412.61
1999	381.43
1999	342.43
1999	301.94
1999	301.27
1999	296.02
1999	272.57
1999	259.33
1999	221.48
1999	209.77
1999	209.64
1999	196.01
1999	177.22
1999	175.76
1999	158.17
1999	145.63
1999	143.97
1999	133.31
1999	121.69
1999	120.19
1999	113.6
1999	91.45
1999	88.4
1999	85.78
1999	76.01
1999	67.98
1999	59.64
1999	53.18
1999	52.21
1999	38.13
1999	37.99
1999	36.36
1999	34.81
1999	30.96
1999	28.37
1999	27.12
1999	24.34
1999	22.47
1999	16.78
1999	15.38
1999	14.54
1999	13.66
1999	12.13
1999	9.35
1999	9.26
1999	7.54
1999	5.7
1999	4.91
1999	3.24
1999	0.44
2000	569261.78
2000	499079.19
2000	329089.04
2000	274751.44
2000	185688.6
2000	184434.86
2000	117365.87
2000	117001.28
2000	115218.72
2000	100738.15
2000	97034.17
2000	93063.67
2000	91089.79
2000	85724.66
2000	83432.42
2000	80146.77
2000	75073.75
2000	74309.11
2000	73740.5
2000	65783.98
2000	64497.5
2000	56734.2
2000	54124.13
2000	50253.93
2000	49768.01
2000	46750.54
2000	43349.61
2000	43259.5
2000	43093.22
2000	42318.24
2000	32771.19
2000	32377.32
2000	30642.43
2000	30437.02
2000	28750.44
2000	27948.51
2000	27528.29
2000	25436.4
2000	24985.41
2000	23517.85
2000	23126.51
2000	22307.6
2000	22124.24
2000	22070.88
2000	21163.42
2000	20660.62
2000	19832.37
2000	19828.87
2000	19565.21
2000	19092.36
2000	18453.17
2000	17710.13
2000	16773.91
2000	16496.88
2000	15958.34
2000	15213.31
2000	14238.07
2000	14199.8
2000	13834.87
2000	12997.52
2000	12418.58
2000	12382.4
2000	12292.06
2000	11876.82
2000	11782.17
2000	11491.28
2000	10582.08
2000	10493.28
2000	9891.19
2000	9756.35
2000	9429.74
2000	9132.16
2000	8796.8
2000	8718.19
2000	8467.24
2000	8250.76
2000	8112.86
2000	8050.01
2000	7911.19
2000	7623.87
2000	7606.2
2000	7595.77
2000	7536.09
2000	7274.83
2000	7197.14
2000	7157.61
2000	7108.11
2000	6944.9
2000	6848.78
2000	6742.77
2000	6738.37
2000	6605.55
2000	6266.68
2000	6260.13
2000	6056.01
2000	5748.32
2000	5738.71
2000	5700.48
2000	5666.68
2000	5392.83
2000	5334.08
2000	5018.88
2000	4956.48
2000	4942.25
2000	4813.31
2000	4405.26
2000	3968.78
2000	3833.8
2000	3662.74
2000	3492.15
2000	3309.45
2000	3206.75
2000	3163.94
2000	3163.73
2000	2748.66
2000	2697.15
2000	2656.54
2000	2550.98
2000	2533.7
2000	2511.38
2000	2462.26
2000	2413
2000	2357.49
2000	2294.42
2000	2170.57
2000	2141.05
2000	2049.87
2000	2045.45
2000	1891.92
2000	1713.9
2000	1680.78
2000	1548.75
2000	1430.29
2000	1391.75
2000	1387.58
2000	1297.32
2000	1263.78
2000	1204.75
2000	1131.89
2000	1091.84
2000	1024.99
2000	994.48
2000	851.64
2000	842
2000	809.11
2000	749.59
2000	640.19
2000	578.17
2000	578.09
2000	576.63
2000	566.1
2000	559.98
2000	504.57
2000	451.76
2000	412.89
2000	382.32
2000	324.37
2000	302.42
2000	296.42
2000	294.6
2000	277.49
2000	260.43
2000	235.58
2000	215.92
2000	210.14
2000	196.42
2000	175.89
2000	170.35
2000	152.73
2000	148.95
2000	145.76
2000	129.39
2000	118.47
2000	109.61
2000	107.56
2000	91.4
2000	90.34
2000	86.64
2000	75.98
2000	66.02
2000	58.13
2000	57.53
2000	54.79
2000	40.08
2000	37.99
2000	35.73
2000	33.86
2000	28.75
2000	28.47
2000	27.67
2000	24.34
2000	21.64
2000	17.62
2000	16.77
2000	15.47
2000	13.66
2000	12.13
2000	10.03
2000	9.35
2000	7.54
2000	5.45
2000	4.91
2000	3.24
2000	0.44
2001	571006.89
2001	493383.09
2001	330351.15
2001	274183.66
2001	189033.76
2001	181012.12
2001	118993.59
2001	118561.66
2001	116452.35
2001	101575.49
2001	97363.33
2001	93234.95
2001	91124.98
2001	86016.43
2001	81975.14
2001	78551.31
2001	76044.18
2001	75900.59
2001	73859.91
2001	65319.82
2001	63914.39
2001	57587.29
2001	55451.75
2001	53093.4
2001	51314.41
2001	45352.52
2001	44238.1
2001	43657.77
2001	43215.51
2001	42148.13
2001	35052.4
2001	33032.82
2001	30125.23
2001	29500.86
2001	29016.19
2001	28061.3
2001	27919.1
2001	25355.28
2001	24985.89
2001	23653.26
2001	23016.54
2001	22534.58
2001	22397.05
2001	21980.31
2001	21685.58
2001	20773.04
2001	20462.18
2001	20212.72
2001	19558.75
2001	19112.24
2001	19029.12
2001	16806.6
2001	16488.13
2001	16238.83
2001	15999.61
2001	14799.37
2001	14293.74
2001	14114.8
2001	13772.07
2001	13058.84
2001	12589.7
2001	12481.22
2001	12108.3
2001	11822.42
2001	11740.33
2001	11335.14
2001	10793.98
2001	10125.69
2001	10031.33
2001	9419.01
2001	9284.93
2001	9241.06
2001	8908.26
2001	8901.75
2001	8456.24
2001	8131.1
2001	8067.13
2001	8035.42
2001	7968.69
2001	7782.21
2001	7694.87
2001	7602.62
2001	7367.45
2001	7197.84
2001	7186.09
2001	7133.11
2001	6992.55
2001	6877.46
2001	6803.29
2001	6604.57
2001	6525.91
2001	6468.46
2001	6307.76
2001	6222.07
2001	6066.47
2001	5888.58
2001	5815.95
2001	5769.26
2001	5716.42
2001	5426.78
2001	5186.66
2001	4989.7
2001	4904.1
2001	4864.15
2001	4790.81
2001	4420.36
2001	4102.99
2001	4011.21
2001	3717.64
2001	3500.35
2001	3463.96
2001	3293.62
2001	3231.95
2001	3167.62
2001	2744.03
2001	2698.74
2001	2675.83
2001	2614.27
2001	2562.14
2001	2516.32
2001	2493.59
2001	2467.14
2001	2375.3
2001	2361.29
2001	2223.67
2001	2144.44
2001	2028.36
2001	1928.99
2001	1876.62
2001	1746.2
2001	1686.3
2001	1569.55
2001	1508.39
2001	1498.85
2001	1361.51
2001	1331.38
2001	1282.69
2001	1250.77
2001	1124.11
2001	1100.91
2001	1020.81
2001	999.87
2001	839.97
2001	805.68
2001	798.93
2001	743.01
2001	642.32
2001	638.34
2001	579.39
2001	577.65
2001	574.42
2001	566
2001	493.26
2001	451.57
2001	413.27
2001	382.65
2001	326.48
2001	315.83
2001	300.09
2001	297.71
2001	292.46
2001	271.18
2001	246.54
2001	220.1
2001	196.57
2001	194.33
2001	186.15
2001	177.27
2001	176.15
2001	159.05
2001	150.9
2001	141.74
2001	132.93
2001	118.47
2001	109.88
2001	101.58
2001	92.72
2001	87.39
2001	75.98
2001	67.33
2001	62.19
2001	57.03
2001	56.83
2001	40.08
2001	37.99
2001	36.46
2001	35.78
2001	28.56
2001	28.5
2001	27.89
2001	24.34
2001	20.78
2001	20.67
2001	16.75
2001	15.3
2001	13.66
2001	12.13
2001	10.12
2001	9.35
2001	7.58
2001	5.44
2001	4.91
2001	3.24
2001	0.44
2002	574805.53
2002	497886.18
2002	331878.41
2002	273614.88
2002	193505.48
2002	177907.21
2002	121702.9
2002	118212.56
2002	115577.7
2002	103258.31
2002	97217.04
2002	92687.36
2002	91784.48
2002	87606.65
2002	81613.92
2002	79220.22
2002	76737.48
2002	76252.95
2002	73048.13
2002	65998.4
2002	63322.7
2002	58766.3
2002	55962.11
2002	53675.23
2002	53445.9
2002	44967.14
2002	44642.5
2002	44266.82
2002	42841.67
2002	41893.98
2002	39775.54
2002	33895.8
2002	30315.63
2002	30308.75
2002	29414.16
2002	28468.03
2002	28179.87
2002	25233.63
2002	24476.34
2002	23844.85
2002	23107.8
2002	23046.75
2002	22710.8
2002	22405.57
2002	22045.24
2002	20793.27
2002	20643.4
2002	20242.1
2002	19664.12
2002	19168.61
2002	18904.88
2002	17331.85
2002	16547.02
2002	15776.99
2002	15240.44
2002	14564.84
2002	14406.86
2002	14034.05
2002	13769.76
2002	13200.72
2002	12761.59
2002	12257.26
2002	11810.52
2002	11637.68
2002	11491.04
2002	11168.66
2002	11091.89
2002	10424.6
2002	9929.49
2002	9445.75
2002	9106.29
2002	9083.36
2002	9001.89
2002	8327.59
2002	8279.31
2002	8130.77
2002	8067.64
2002	7989.92
2002	7859.68
2002	7652.32
2002	7510.65
2002	7355.46
2002	7257.27
2002	7215.63
2002	7157.43
2002	7119.7
2002	7007.37
2002	7002.16
2002	6884.89
2002	6722.15
2002	6504.95
2002	6387.59
2002	6341.35
2002	6209.66
2002	6185
2002	6017.72
2002	5896.45
2002	5880.3
2002	5737.47
2002	5716.33
2002	5190.61
2002	4990.27
2002	4967.56
2002	4825.58
2002	4805.22
2002	4561.8
2002	4219.72
2002	4198.26
2002	3833.12
2002	3500.99
2002	3490.54
2002	3359.1
2002	3220.62
2002	3198.63
2002	2748.49
2002	2684.81
2002	2682.99
2002	2677.85
2002	2542.04
2002	2522.28
2002	2479.69
2002	2466.5
2002	2364.11
2002	2364.1
2002	2278.57
2002	2132.24
2002	2024.05
2002	1842.98
2002	1800.71
2002	1683.49
2002	1677.19
2002	1599.35
2002	1579.96
2002	1575.86
2002	1390.9
2002	1351.18
2002	1308.74
2002	1299.08
2002	1136.24
2002	1023.64
2002	1020.68
2002	980.97
2002	893.58
2002	842.05
2002	793.78
2002	729.12
2002	676.68
2002	648.97
2002	585.06
2002	580.19
2002	578.95
2002	575.42
2002	475.44
2002	450.51
2002	383.93
2002	382.85
2002	326.68
2002	324.41
2002	317.14
2002	303.59
2002	295.3
2002	273.75
2002	268.7
2002	220.79
2002	197.04
2002	187.93
2002	184.26
2002	182.2
2002	178.14
2002	160.03
2002	141.79
2002	134.31
2002	118.44
2002	103.39
2002	96.34
2002	91.2
2002	87.64
2002	86.74
2002	75.98
2002	64.32
2002	62.36
2002	60.33
2002	56.83
2002	40.08
2002	37.99
2002	36.83
2002	35.87
2002	29.02
2002	28.08
2002	27.83
2002	26.76
2002	24.34
2002	20.03
2002	16.73
2002	14.16
2002	13.66
2002	12.13
2002	10.32
2002	9.35
2002	7.58
2002	5.22
2002	4.91
2002	3.24
2002	0.44
2003	579628.32
2003	506953.35
2003	337373.26
2003	273752.74
2003	199413.13
2003	174339.48
2003	121088.58
2003	118440.09
2003	112058.21
2003	105063.78
2003	97170.22
2003	91971.08
2003	91945.97
2003	90094.72
2003	81102.25
2003	79266.61
2003	77131.36
2003	76761.41
2003	75434.29
2003	65792.94
2003	62235.16
2003	59945.7
2003	56427.84
2003	55498.63
2003	54145.43
2003	45892.07
2003	45111.36
2003	44607.26
2003	42618.32
2003	42101.11
2003	39258.82
2003	34179.52
2003	30557.47
2003	30210.92
2003	29884.62
2003	28902.11
2003	28032.98
2003	25524.89
2003	24700.97
2003	24401.6
2003	23729.41
2003	23387.4
2003	23118.57
2003	22621.88
2003	22191.86
2003	21200.14
2003	20857.67
2003	20342.9
2003	19950.29
2003	18907.24
2003	18894.73
2003	17871.99
2003	17236.83
2003	15949.82
2003	14830.94
2003	14605.8
2003	14276.2
2003	13999.24
2003	13802.61
2003	13284
2003	12928.75
2003	12176.52
2003	11770.77
2003	11466.91
2003	11464.25
2003	11441.51
2003	11110.37
2003	10797.99
2003	10369.71
2003	9983.13
2003	9381.26
2003	9080.84
2003	8822.25
2003	8623.31
2003	8336.86
2003	8321.53
2003	8214.28
2003	7982.77
2003	7873.3
2003	7749.29
2003	7728.44
2003	7621.99
2003	7391.57
2003	7188.01
2003	7150.93
2003	7087.76
2003	6900.42
2003	6879.24
2003	6787.77
2003	6560.11
2003	6537.82
2003	6424.45
2003	6238.08
2003	6207.55
2003	6194.41
2003	6166.66
2003	6026.08
2003	5867.85
2003	5834.79
2003	5659.96
2003	5119.45
2003	5080.87
2003	5064.65
2003	4835.92
2003	4815.52
2003	4559.26
2003	4404.15
2003	4266.26
2003	4037.62
2003	3595.76
2003	3459.57
2003	3416.36
2003	3305.87
2003	3172.34
2003	2760.97
2003	2755.98
2003	2718.13
2003	2691.03
2003	2581.23
2003	2574.18
2003	2512.65
2003	2439.76
2003	2396.16
2003	2367.98
2003	2324.45
2003	2236.68
2003	2009.19
2003	1876.64
2003	1872.97
2003	1778.99
2003	1695.14
2003	1635.41
2003	1629.38
2003	1622.16
2003	1443.92
2003	1356.17
2003	1355.75
2003	1320
2003	1185.91
2003	1035.56
2003	1017.88
2003	961.39
2003	885.79
2003	829.96
2003	813.32
2003	731.68
2003	677.56
2003	652.41
2003	590.19
2003	589.23
2003	584.59
2003	580.98
2003	457.73
2003	450.17
2003	384.1
2003	383.66
2003	340.44
2003	328.08
2003	327.17
2003	306.78
2003	304.99
2003	290.13
2003	275.54
2003	221.5
2003	197.04
2003	189.55
2003	187.73
2003	178.13
2003	167.07
2003	159.98
2003	141.84
2003	129.63
2003	118.44
2003	103.49
2003	93.75
2003	92.14
2003	88.07
2003	87.64
2003	75.98
2003	69.07
2003	60.44
2003	59.37
2003	58.91
2003	40.08
2003	37.99
2003	37.26
2003	35.99
2003	29.02
2003	28.77
2003	27.4
2003	26.79
2003	24.34
2003	20.03
2003	16.72
2003	13.92
2003	13.66
2003	12.13
2003	10.51
2003	9.35
2003	7.58
2003	5.27
2003	4.91
2003	3.24
2003	0.44
2004	573190.71
2004	516872.95
2004	339326.23
2004	269051.9
2004	204576.13
2004	170249.36
2004	121371.69
2004	117837.32
2004	114146.68
2004	107603.51
2004	97374.66
2004	93707.68
2004	93680.62
2004	90194.6
2004	79129.48
2004	78041.83
2004	78028.61
2004	78005.45
2004	76188.59
2004	65676.37
2004	61179.34
2004	59507.03
2004	58943.38
2004	55965.94
2004	55438.14
2004	46063
2004	45678.13
2004	45014.42
2004	42416.82
2004	41607.04
2004	40337.87
2004	34412.81
2004	30484.46
2004	30057.05
2004	29947.49
2004	29325.72
2004	28370.24
2004	25446.03
2004	24905.37
2004	24699.58
2004	24327.45
2004	24166.34
2004	23209.57
2004	22708.79
2004	22350.33
2004	21105.39
2004	21058.43
2004	20971.66
2004	20478.07
2004	19531.87
2004	19173.45
2004	18385.39
2004	18061.75
2004	16057.62
2004	14952.59
2004	14480.19
2004	14130.68
2004	14036.18
2004	13714.37
2004	13518.38
2004	12868.87
2004	11883.26
2004	11806.02
2004	11341.86
2004	11299.9
2004	11251.73
2004	11223.54
2004	11054.52
2004	10912.96
2004	10080.87
2004	9686.94
2004	9468.73
2004	8945.03
2004	8746.74
2004	8548.67
2004	8390.16
2004	8303.9
2004	8024.74
2004	7992.63
2004	7841.55
2004	7831.23
2004	7667.14
2004	7588.35
2004	7396.71
2004	7324.72
2004	7222.53
2004	7149.51
2004	6921.67
2004	6687.62
2004	6580.29
2004	6511.12
2004	6407.21
2004	6313.21
2004	6191.04
2004	6081.63
2004	5980.27
2004	5891.34
2004	5772.56
2004	5665.24
2004	5250.04
2004	5141.18
2004	5024.06
2004	4847
2004	4799.67
2004	4793.99
2004	4661.83
2004	4614.63
2004	4312.84
2004	4117.15
2004	3597.28
2004	3489.87
2004	3434.53
2004	3320.12
2004	3233.37
2004	2848.82
2004	2798.49
2004	2765.53
2004	2700.71
2004	2619.92
2004	2613.34
2004	2524.3
2004	2378.42
2004	2371.59
2004	2303.8
2004	2110.25
2004	2034.75
2004	1986.7
2004	1950.04
2004	1921.21
2004	1892.42
2004	1771.98
2004	1695.48
2004	1658.93
2004	1629.83
2004	1535.25
2004	1457
2004	1425.42
2004	1346.47
2004	1167.2
2004	1036.95
2004	1013.89
2004	982.73
2004	880.29
2004	827.55
2004	768.97
2004	723.11
2004	683.4
2004	665.37
2004	608.76
2004	596.28
2004	589.35
2004	588.11
2004	451.09
2004	428.47
2004	386.51
2004	384.24
2004	350.4
2004	331.46
2004	327.71
2004	313.74
2004	307
2004	292.73
2004	265.49
2004	218.06
2004	197.14
2004	190.71
2004	188.48
2004	178.55
2004	172.18
2004	158.79
2004	141.82
2004	131.43
2004	118.44
2004	99.2
2004	92.03
2004	91.03
2004	87.96
2004	87.76
2004	75.98
2004	72.27
2004	59.83
2004	58.91
2004	58.02
2004	39.58
2004	37.99
2004	37.79
2004	35.93
2004	29.03
2004	28.95
2004	27.4
2004	24.35
2004	23.74
2004	19.34
2004	16.76
2004	13.66
2004	12.8
2004	12.13
2004	10.53
2004	9.35
2004	7.58
2004	5.23
2004	4.91
2004	3.24
2004	0.44
2005	577251.58
2005	528352.34
2005	344603.61
2005	266445.05
2005	207042.71
2005	165185.04
2005	121987.52
2005	116148.09
2005	115978.71
2005	109407.19
2005	99611.76
2005	96347.43
2005	94596.31
2005	90052.46
2005	80173.12
2005	78328.29
2005	78239.04
2005	76596.94
2005	75829.71
2005	67303.9
2005	63158.69
2005	62905.83
2005	57775.77
2005	57136.49
2005	55807.31
2005	47000.54
2005	45891.38
2005	45410.13
2005	42671.23
2005	42478.42
2005	42296.1
2005	34680.43
2005	30592.51
2005	30546.7
2005	30291.87
2005	29342.78
2005	28784.6
2005	25421.25
2005	25346.5
2005	24858.45
2005	24383.47
2005	23476.24
2005	23280.19
2005	22895.05
2005	22357.15
2005	21246.6
2005	21194.92
2005	20985.99
2005	20684.58
2005	19572.77
2005	18949.21
2005	18485.81
2005	18329.42
2005	17293.7
2005	15317.74
2005	14440.66
2005	14016.66
2005	13976.43
2005	13696.18
2005	13656.19
2005	12263.24
2005	12172.09
2005	11897.47
2005	11591.4
2005	11412.88
2005	11274.87
2005	11133.27
2005	11101.01
2005	10765.9
2005	10281.23
2005	9634.9
2005	9292.18
2005	9291.36
2005	8827.5
2005	8708.83
2005	8674.42
2005	8397.36
2005	8345.27
2005	8204.79
2005	8092.21
2005	7945.39
2005	7939.31
2005	7920.14
2005	7694.52
2005	7464.4
2005	7275.08
2005	7208.4
2005	7002.61
2005	6640.79
2005	6635.52
2005	6623.3
2005	6536.84
2005	6424.86
2005	6248.73
2005	6144.76
2005	6092.18
2005	6043.36
2005	5859.92
2005	5562.64
2005	5403.78
2005	5310.91
2005	5044.64
2005	4857.64
2005	4847.91
2005	4813.74
2005	4759.26
2005	4728.14
2005	4350.1
2005	4177.93
2005	3595.76
2005	3555.37
2005	3490.91
2005	3353.72
2005	3340.12
2005	2895.8
2005	2857.94
2005	2801.8
2005	2773.2
2005	2669.88
2005	2588.02
2005	2553.23
2005	2402.32
2005	2377.59
2005	2315.64
2005	2030.03
2005	1987
2005	1934.61
2005	1934.09
2005	1925.05
2005	1922.44
2005	1912.89
2005	1782.45
2005	1711.13
2005	1678.51
2005	1484.82
2005	1476.95
2005	1468.72
2005	1383.09
2005	1166.58
2005	1095.37
2005	1020.92
2005	969.09
2005	897.62
2005	831.75
2005	754.58
2005	704.5
2005	683.95
2005	671.08
2005	620.55
2005	605.87
2005	589.06
2005	543.27
2005	445.24
2005	428.38
2005	386.85
2005	384.36
2005	353.22
2005	334.12
2005	333.1
2005	314.82
2005	306.9
2005	279.46
2005	263.27
2005	218.23
2005	197.21
2005	188.78
2005	181.46
2005	177.87
2005	175.88
2005	158.68
2005	141.8
2005	132.1
2005	118.44
2005	96.91
2005	93.01
2005	88.6
2005	87.95
2005	87.85
2005	75.98
2005	68.3
2005	58.91
2005	57.99
2005	57.86
2005	39.51
2005	38.02
2005	37.8
2005	35.9
2005	29.03
2005	28.95
2005	27.56
2005	24.35
2005	18.27
2005	17.68
2005	16.79
2005	13.66
2005	12.13
2005	12.07
2005	10.53
2005	9.35
2005	7.63
2005	5.23
2005	4.91
2005	3.21
2005	0.44
2006	578393.68
2006	539112.57
2006	347896.33
2006	265940.77
2006	207636.22
2006	161811.68
2006	122756.06
2006	117521.33
2006	115657.14
2006	114856.25
2006	99472.99
2006	94794.33
2006	94703.46
2006	90828.62
2006	81477.36
2006	78056.18
2006	77759.04
2006	76765.56
2006	74976.44
2006	69226.52
2006	64135.98
2006	63982.22
2006	58893.56
2006	57103.53
2006	55763.24
2006	47352.12
2006	46028.25
2006	45742.27
2006	45579.33
2006	42249.49
2006	42022.2
2006	35625.85
2006	31017.67
2006	30822.64
2006	30628.71
2006	29275.94
2006	28927.21
2006	25940.8
2006	25543.57
2006	25291.88
2006	24842.31
2006	23784.39
2006	23244.42
2006	23091.91
2006	22327.31
2006	22041.38
2006	21334.65
2006	20991.4
2006	20821.12
2006	19388.84
2006	19143.13
2006	18851.17
2006	17769.06
2006	17378.18
2006	15857.34
2006	14436.68
2006	13935.72
2006	13916.66
2006	13809.04
2006	13607.63
2006	12556.77
2006	12536.23
2006	11936.38
2006	11914.96
2006	11622.69
2006	11401.85
2006	11362.35
2006	11074.99
2006	10661.65
2006	10394.68
2006	9829.49
2006	9670.97
2006	9658.65
2006	9369.95
2006	8922.36
2006	8832.33
2006	8508.4
2006	8459.3
2006	8350.49
2006	8320.2
2006	8092.2
2006	7965.05
2006	7937.27
2006	7779.15
2006	7459.3
2006	7275.45
2006	7243.62
2006	7031.34
2006	6749.73
2006	6679.21
2006	6560.37
2006	6552.11
2006	6462.3
2006	6204.9
2006	6176.96
2006	6033.9
2006	6014.42
2006	5855.16
2006	5526.12
2006	5471.34
2006	5354.71
2006	5099.57
2006	5092.36
2006	4867.53
2006	4796.87
2006	4724.68
2006	4576.26
2006	4305.12
2006	4239.34
2006	3713.29
2006	3639.67
2006	3554.73
2006	3531.15
2006	3348.38
2006	2859.66
2006	2829.8
2006	2799.55
2006	2785.22
2006	2575.04
2006	2565.87
2006	2550.55
2006	2429.68
2006	2383.03
2006	2377.17
2006	2250.52
2006	2182.43
2006	2048.19
2006	2017.25
2006	1994.88
2006	1969.27
2006	1944.07
2006	1816.02
2006	1747.28
2006	1722.35
2006	1549.68
2006	1503.15
2006	1478.53
2006	1351.59
2006	1145.63
2006	1067.8
2006	1011.12
2006	972.57
2006	915.92
2006	805.58
2006	756.08
2006	685.73
2006	674.79
2006	655.44
2006	622.53
2006	616.05
2006	603.05
2006	586.67
2006	442.18
2006	428.29
2006	392.59
2006	383.37
2006	360.66
2006	355.11
2006	341.18
2006	332.74
2006	316.91
2006	309.01
2006	306.9
2006	262.46
2006	218.23
2006	197.26
2006	194.94
2006	188.87
2006	187.03
2006	186.08
2006	156.29
2006	141.78
2006	135.07
2006	118.44
2006	97.72
2006	92.12
2006	87.95
2006	87.49
2006	82.95
2006	75.98
2006	75.18
2006	59.02
2006	57.91
2006	57.27
2006	39.28
2006	38.21
2006	38.02
2006	37.8
2006	29.03
2006	28.95
2006	27.58
2006	24.36
2006	16.25
2006	16.12
2006	14.63
2006	13.68
2006	12.14
2006	12.01
2006	10.53
2006	9.35
2006	7.63
2006	5.23
2006	4.91
2006	3.19
2006	0.44
2007	579069.14
2007	540791.92
2007	355253.1
2007	265379.42
2007	206249.65
2007	161586.06
2007	123247.38
2007	118761.79
2007	117171.08
2007	111963.2
2007	101981.28
2007	96078.65
2007	94170.22
2007	90401.73
2007	82642.98
2007	78503.53
2007	77401.51
2007	75342.86
2007	74075.81
2007	71100.23
2007	65559.38
2007	64347.5
2007	59791.56
2007	56618.1
2007	56245.31
2007	48464.68
2007	47539.68
2007	46002.18
2007	45698.82
2007	42667.46
2007	41694.97
2007	35991.64
2007	31757.27
2007	31127.67
2007	30398.34
2007	29400.94
2007	28954.76
2007	25997.43
2007	25486.55
2007	25030.33
2007	24971.95
2007	23912.48
2007	23349.84
2007	23239.18
2007	23065.35
2007	22031.01
2007	21503.61
2007	21189.65
2007	21094.93
2007	18831.65
2007	18639.24
2007	18525.65
2007	18301.18
2007	17415.6
2007	16247.91
2007	14322.4
2007	14080.51
2007	13844.04
2007	13394.16
2007	13180.73
2007	12984.37
2007	12960.78
2007	12499.05
2007	11905.95
2007	11816.43
2007	11593.57
2007	11373.76
2007	10948.63
2007	10935.94
2007	10618.91
2007	10498.36
2007	10156.06
2007	10078.79
2007	9962.55
2007	9203.36
2007	9121.98
2007	8858.35
2007	8675.56
2007	8540.79
2007	8318.44
2007	8269.92
2007	7982.98
2007	7898.85
2007	7562.53
2007	7409.21
2007	7308.58
2007	7285.5
2007	7064.86
2007	7033.24
2007	7024.59
2007	6548.03
2007	6546.53
2007	6528.68
2007	6295.08
2007	6216.24
2007	5994.56
2007	5931.57
2007	5904.2
2007	5600.08
2007	5438.77
2007	5410.01
2007	5330.76
2007	5033.95
2007	4886.93
2007	4875.14
2007	4843.16
2007	4705.86
2007	4305.55
2007	4267.07
2007	3746.07
2007	3670.39
2007	3538.18
2007	3525.29
2007	3367.4
2007	3066.24
2007	2907.96
2007	2879.14
2007	2774.09
2007	2622.88
2007	2608.1
2007	2563.55
2007	2460.08
2007	2385.18
2007	2377.78
2007	2239.13
2007	2185.8
2007	2093.43
2007	2015.7
2007	2001.88
2007	1972.87
2007	1931.12
2007	1845.18
2007	1783.06
2007	1746.95
2007	1647.42
2007	1491.85
2007	1447.9
2007	1310.97
2007	1141.2
2007	1070.38
2007	1021.76
2007	982.74
2007	935.54
2007	809.48
2007	759.39
2007	675.5
2007	674.71
2007	661.71
2007	631.45
2007	622.87
2007	616.53
2007	610.64
2007	440.28
2007	429.12
2007	389.96
2007	383.55
2007	369.62
2007	355.14
2007	341.62
2007	333.34
2007	320.74
2007	310.76
2007	307.06
2007	267.46
2007	218.31
2007	206.12
2007	197.31
2007	192.06
2007	191.5
2007	189.34
2007	155.5
2007	143.85
2007	135.25
2007	122.6
2007	96.49
2007	90.75
2007	89.49
2007	88.01
2007	84.46
2007	81.36
2007	76.5
2007	59.02
2007	57.39
2007	55.96
2007	38.91
2007	38.21
2007	38.02
2007	37.97
2007	28.95
2007	28.68
2007	27.9
2007	24.37
2007	16.49
2007	16.41
2007	14.63
2007	13.68
2007	12.14
2007	10.66
2007	10.64
2007	9.35
2007	8.13
2007	5.31
2007	4.91
2007	3.18
2007	0.44
