1980	2271.73779
1980	1275.36058
1980	705.73397
1980	383.74793
1980	320.18186
1980	278.08138
1980	264.11937
1980	255.87168
1980	245.35107
1980	178.1828
1980	162.77677
1980	141.76117
1980	113.63018
1980	91.66186
1980	88.51775
1980	84.01607
1980	83.35303
1980	78.52358
1980	76.0732
1980	74.83826
1980	70.09574
1980	57.1223
1980	56.08262
1980	55.15428
1980	54.75757
1980	54.05726
1980	53.99112
1980	51.65127
1980	45.03061
1980	44.46181
1980	44.4593
1980	43.41204
1980	43.30517
1980	41.34632
1980	39.01715
1980	37.78193
1980	37.21362
1980	34.83496
1980	33.33538
1980	32.1996
1980	31.94794
1980	30.74789
1980	29.48969
1980	29.40026
1980	28.87834
1980	27.70224
1980	23.85056
1980	23.20446
1980	23.02488
1980	22.33133
1980	21.95117
1980	18.94103
1980	18.09909
1980	17.08988
1980	16.93945
1980	16.62676
1980	15.98684
1980	15.55079
1980	15.27971
1980	14.90873
1980	14.67263
1980	14.1419
1980	12.79968
1980	12.65159
1980	11.80931
1980	10.61193
1980	7.7863
1980	7.3861
1980	6.77156
1980	6.68327
1980	6.43422
1980	6.41926
1980	6.34246
1980	6.06713
1980	5.7489
1980	5.70366
1980	5.43528
1980	5.39004
1980	5.20715
1980	4.87238
1980	4.53349
1980	4.09952
1980	4.01485
1980	3.99007
1980	3.54373
1980	3.44582
1980	3.41599
1980	3.24946
1980	3.16308
1980	2.92224
1980	2.87925
1980	2.82934
1980	2.71259
1980	2.48792
1980	2.40457
1980	2.2649
1980	2.22945
1980	2.22666
1980	2.21293
1980	2.20412
1980	2.08924
1980	1.98901
1980	1.91186
1980	1.88754
1980	1.88712
1980	1.84261
1980	1.78085
1980	1.71931
1980	1.71024
1980	1.70001
1980	1.69779
1980	1.56781
1980	1.55133
1980	1.4769
1980	1.46926
1980	1.45833
1980	1.42148
1980	1.386
1980	1.26172
1980	1.25648
1980	1.23566
1980	1.14398
1980	1.11837
1980	0.98355
1980	0.94863
1980	0.85177
1980	0.84969
1980	0.81493
1980	0.711
1980	0.70227
1980	0.6985
1980	0.6486
1980	0.63457
1980	0.60027
1980	0.59308
1980	0.58233
1980	0.55899
1980	0.5307
1980	0.48881
1980	0.48529
1980	0.45889
1980	0.42067
1980	0.41825
1980	0.41802
1980	0.41783
1980	0.41711
1980	0.41466
1980	0.40738
1980	0.40232
1980	0.34991
1980	0.29932
1980	0.29185
1980	0.27936
1980	0.27621
1980	0.2255
1980	0.2109
1980	0.21036
1980	0.15699
1980	0.15247
1980	0.1523
1980	0.14736
1980	0.1471
1980	0.14593
1980	0.14064
1980	0.13937
1980	0.12621
1980	0.11663
1980	0.11181
1980	0.0981
1980	0.0978
1980	0.09768
1980	0.0929
1980	0.08321
1980	0.05549
1980	0.05054
1980	0.04574
1980	0.04142
1980	0.04096
1980	0.03793
1980	0.0321
1980	0.02911
1980	0.02812
1980	0.02679
1980	0.02235
1980	0.02217
1980	0.01688
1980	0.01406
1980	0.01168
1980	0.00281
1980	0.00273
1981	2121.76594
1981	1269.94961
1981	686.51684
1981	346.50011
1981	285.51242
1981	269.36404
1981	248.90365
1981	246.90975
1981	224.21462
1981	195.45138
1981	152.90312
1981	134.30499
1981	104.02648
1981	103.97424
1981	97.33777
1981	82.41158
1981	80.76959
1981	78.09705
1981	68.81195
1981	67.69084
1981	67.65687
1981	63.65043
1981	60.6563
1981	51.01832
1981	50.80668
1981	49.8515
1981	49.18641
1981	48.81421
1981	46.05708
1981	42.9044
1981	42.63979
1981	40.68284
1981	39.99047
1981	36.29304
1981	35.09304
1981	34.64121
1981	34.56584
1981	33.63376
1981	32.2325
1981	31.03023
1981	30.86732
1981	30.45269
1981	30.44612
1981	30.37281
1981	30.05999
1981	28.1587
1981	25.64753
1981	23.66337
1981	23.6146
1981	22.76159
1981	19.82755
1981	19.7175
1981	19.38882
1981	18.64834
1981	17.30865
1981	17.0566
1981	16.6508
1981	16.32889
1981	15.96187
1981	15.13705
1981	14.79421
1981	14.79227
1981	14.43271
1981	12.40532
1981	12.09824
1981	11.86428
1981	8.11854
1981	7.33791
1981	7.17888
1981	6.69285
1981	6.55207
1981	6.39175
1981	6.16414
1981	5.95877
1981	5.61368
1981	5.54885
1981	5.23251
1981	5.22474
1981	5.18323
1981	5.00254
1981	4.87875
1981	4.70184
1981	4.25006
1981	4.202
1981	3.73844
1981	3.61021
1981	3.55766
1981	3.25303
1981	3.24075
1981	3.06252
1981	2.88961
1981	2.8836
1981	2.5645
1981	2.43902
1981	2.40879
1981	2.32568
1981	2.2886
1981	2.25984
1981	2.21008
1981	2.16992
1981	2.05225
1981	2.01654
1981	1.94485
1981	1.90905
1981	1.80411
1981	1.73545
1981	1.72541
1981	1.7225
1981	1.71524
1981	1.70632
1981	1.70227
1981	1.63947
1981	1.58676
1981	1.50756
1981	1.4599
1981	1.42391
1981	1.37385
1981	1.29339
1981	1.27438
1981	1.23297
1981	1.17312
1981	1.11823
1981	1.00807
1981	0.9815
1981	0.84702
1981	0.8385
1981	0.79988
1981	0.76178
1981	0.7102
1981	0.68799
1981	0.68333
1981	0.63173
1981	0.59653
1981	0.56813
1981	0.56629
1981	0.55944
1981	0.55806
1981	0.54815
1981	0.53935
1981	0.49606
1981	0.46106
1981	0.45967
1981	0.4453
1981	0.43773
1981	0.41825
1981	0.41697
1981	0.41632
1981	0.3631
1981	0.35137
1981	0.31112
1981	0.30226
1981	0.29851
1981	0.27824
1981	0.27671
1981	0.26304
1981	0.20645
1981	0.18141
1981	0.1695
1981	0.16475
1981	0.15726
1981	0.15203
1981	0.14746
1981	0.14706
1981	0.14025
1981	0.13931
1981	0.13646
1981	0.12746
1981	0.11161
1981	0.10546
1981	0.10217
1981	0.09943
1981	0.08778
1981	0.08304
1981	0.05604
1981	0.05537
1981	0.05339
1981	0.05254
1981	0.04286
1981	0.04134
1981	0.04094
1981	0.03498
1981	0.03498
1981	0.03498
1981	0.03206
1981	0.02651
1981	0.0232
1981	0.01937
1981	0.01388
1981	0.01151
1981	0.00281
1981	0.00277
1982	2010.85744
1982	1289.96392
1982	645.54333
1982	335.1193
1982	265.64918
1982	256.02299
1982	240.15145
1982	224.58182
1982	221.98793
1982	206.10709
1982	149.01682
1982	143.54254
1982	104.74611
1982	102.76127
1982	93.26594
1982	91.11287
1982	86.11491
1982	77.61593
1982	67.11856
1982	65.59549
1982	63.74229
1982	59.55281
1982	57.58877
1982	53.41431
1982	49.63241
1982	48.96873
1982	47.50015
1982	47.46942
1982	46.63168
1982	45.79558
1982	45.12198
1982	42.81517
1982	40.70123
1982	34.16491
1982	33.111
1982	32.67902
1982	32.66774
1982	32.52336
1982	31.76419
1982	31.69272
1982	29.90337
1982	29.89367
1982	29.83594
1982	29.06612
1982	28.05285
1982	26.32862
1982	25.70756
1982	23.35651
1982	23.23332
1982	23.01385
1982	22.6923
1982	21.33076
1982	19.54381
1982	19.29085
1982	18.98994
1982	18.07932
1982	17.64394
1982	17.21363
1982	16.67801
1982	14.16683
1982	14.14963
1982	13.54402
1982	12.99657
1982	12.46459
1982	11.42931
1982	11.00023
1982	7.70043
1982	7.34944
1982	7.31077
1982	7.04057
1982	6.7551
1982	6.22727
1982	5.87654
1982	5.65662
1982	5.58116
1982	5.57904
1982	4.99036
1982	4.91455
1982	4.90919
1982	4.72594
1982	4.22065
1982	3.93187
1982	3.84191
1982	3.69989
1982	3.58463
1982	3.54237
1982	3.52118
1982	3.43778
1982	3.39567
1982	3.06323
1982	3.03153
1982	3.01465
1982	2.93853
1982	2.7625
1982	2.66659
1982	2.60235
1982	2.45888
1982	2.22194
1982	2.17045
1982	2.1425
1982	2.11715
1982	1.99502
1982	1.95362
1982	1.91126
1982	1.8908
1982	1.8613
1982	1.73958
1982	1.71524
1982	1.66091
1982	1.64808
1982	1.60383
1982	1.55423
1982	1.53508
1982	1.43784
1982	1.41976
1982	1.3226
1982	1.26882
1982	1.24988
1982	1.23316
1982	1.17717
1982	1.09713
1982	1.017
1982	1.00207
1982	0.97359
1982	0.87326
1982	0.84905
1982	0.81305
1982	0.77839
1982	0.7358
1982	0.70478
1982	0.69503
1982	0.64333
1982	0.63732
1982	0.62826
1982	0.56813
1982	0.56076
1982	0.54991
1982	0.52984
1982	0.52161
1982	0.48832
1982	0.48793
1982	0.48629
1982	0.46628
1982	0.42078
1982	0.41933
1982	0.4185
1982	0.41742
1982	0.40113
1982	0.38439
1982	0.33703
1982	0.27793
1982	0.27671
1982	0.27671
1982	0.26311
1982	0.19449
1982	0.19291
1982	0.17523
1982	0.15495
1982	0.15203
1982	0.15111
1982	0.14693
1982	0.14693
1982	0.14626
1982	0.13447
1982	0.13298
1982	0.12746
1982	0.12583
1982	0.10769
1982	0.10585
1982	0.1055
1982	0.10263
1982	0.09812
1982	0.08409
1982	0.0694
1982	0.0616
1982	0.05828
1982	0.05513
1982	0.04134
1982	0.04094
1982	0.04005
1982	0.03796
1982	0.03502
1982	0.03468
1982	0.03208
1982	0.0295
1982	0.02656
1982	0.01937
1982	0.01384
1982	0.01151
1982	0.00281
1982	0.00277
1983	1994.58524
1983	1269.30557
1983	618.13026
1983	327.62448
1983	258.17495
1983	251.10813
1983	249.32928
1983	215.13975
1983	203.24461
1983	187.74729
1983	144.39785
1983	137.2525
1983	113.40581
1983	112.22508
1983	109.50266
1983	86.54305
1983	82.93365
1983	81.27635
1983	66.69247
1983	65.99938
1983	58.06564
1983	55.51833
1983	53.816
1983	52.07971
1983	48.68058
1983	48.5408
1983	48.38189
1983	47.75029
1983	46.22905
1983	45.92116
1983	45.85883
1983	42.7169
1983	38.22802
1983	36.16593
1983	35.60478
1983	33.00674
1983	32.47206
1983	31.7648
1983	31.01282
1983	30.10171
1983	29.74843
1983	29.73939
1983	29.48627
1983	28.16161
1983	28.12166
1983	27.31161
1983	26.466
1983	23.69502
1983	22.71654
1983	21.72078
1983	21.66442
1983	21.45295
1983	19.86531
1983	19.36769
1983	18.518
1983	17.72622
1983	17.54758
1983	17.52719
1983	17.15679
1983	13.29855
1983	13.13497
1983	12.58969
1983	11.93822
1983	11.69428
1983	11.37272
1983	8.39984
1983	8.0247
1983	7.74079
1983	7.55649
1983	7.02996
1983	6.72346
1983	6.4471
1983	6.30559
1983	6.17139
1983	6.01202
1983	5.2583
1983	5.10858
1983	5.00899
1983	4.26369
1983	4.24535
1983	3.97614
1983	3.88741
1983	3.78669
1983	3.6691
1983	3.65564
1983	3.5916
1983	3.39839
1983	3.347
1983	3.16293
1983	3.00403
1983	2.99946
1983	2.95186
1983	2.91144
1983	2.8764
1983	2.71191
1983	2.66087
1983	2.34991
1983	2.25081
1983	2.16597
1983	2.12609
1983	2.09699
1983	2.01025
1983	1.99212
1983	1.9881
1983	1.95097
1983	1.90956
1983	1.86281
1983	1.82891
1983	1.8196
1983	1.74248
1983	1.71524
1983	1.63712
1983	1.50347
1983	1.42391
1983	1.31962
1983	1.24
1983	1.23305
1983	1.17089
1983	1.16249
1983	1.11795
1983	1.0561
1983	0.98086
1983	0.97841
1983	0.91835
1983	0.87288
1983	0.86205
1983	0.82029
1983	0.80811
1983	0.74879
1983	0.71461
1983	0.67853
1983	0.65822
1983	0.62036
1983	0.56708
1983	0.56626
1983	0.5638
1983	0.56269
1983	0.55477
1983	0.51581
1983	0.51577
1983	0.42186
1983	0.42118
1983	0.42029
1983	0.42027
1983	0.41573
1983	0.40022
1983	0.39059
1983	0.38862
1983	0.38556
1983	0.35767
1983	0.33214
1983	0.28797
1983	0.27671
1983	0.27671
1983	0.27069
1983	0.26304
1983	0.20911
1983	0.19482
1983	0.16945
1983	0.16307
1983	0.15203
1983	0.14806
1983	0.14692
1983	0.14623
1983	0.14025
1983	0.13951
1983	0.13078
1983	0.12746
1983	0.11215
1983	0.10769
1983	0.10254
1983	0.09951
1983	0.09704
1983	0.08402
1983	0.06999
1983	0.05632
1983	0.05551
1983	0.05047
1983	0.04286
1983	0.04134
1983	0.03791
1983	0.03498
1983	0.03498
1983	0.03206
1983	0.02676
1983	0.02673
1983	0.01937
1983	0.01392
1983	0.01151
1983	0.00281
1983	0.00277
1984	2052.66057
1984	1268.92783
1984	643.24112
1984	327.38591
1984	262.83721
1984	252.15703
1984	246.41808
1984	235.79269
1984	208.59463
1984	206.17079
1984	145.16153
1984	129.79291
1984	122.50817
1984	117.08775
1984	109.05487
1984	85.62566
1984	85.56736
1984	84.77833
1984	66.4233
1984	65.49623
1984	58.50369
1984	56.00165
1984	55.20407
1984	53.46551
1984	50.90096
1984	48.76983
1984	48.55714
1984	48.42312
1984	47.00793
1984	46.51187
1984	45.05428
1984	44.08943
1984	42.72296
1984	35.18531
1984	34.41701
1984	34.31829
1984	33.46304
1984	32.8001
1984	31.88296
1984	30.81385
1984	30.74475
1984	29.79123
1984	29.20534
1984	28.82452
1984	27.57978
1984	25.52246
1984	24.13074
1984	24.11437
1984	23.90358
1984	23.44736
1984	22.00752
1984	21.86452
1984	20.97897
1984	20.63798
1984	19.89322
1984	18.08024
1984	17.30761
1984	17.19563
1984	16.48713
1984	13.30344
1984	12.44417
1984	12.07854
1984	11.66492
1984	11.57018
1984	11.00255
1984	9.00394
1984	8.88103
1984	8.47839
1984	8.08884
1984	7.83853
1984	7.65868
1984	6.22043
1984	5.89202
1984	5.872
1984	5.59712
1984	5.07677
1984	5.0075
1984	4.87629
1984	4.43566
1984	4.18506
1984	4.13548
1984	3.85842
1984	3.72153
1984	3.68843
1984	3.46713
1984	3.45364
1984	3.26317
1984	3.21584
1984	3.12029
1984	2.91611
1984	2.88721
1984	2.79618
1984	2.75238
1984	2.7468
1984	2.6613
1984	2.45503
1984	2.26945
1984	2.18577
1984	2.14236
1984	2.11382
1984	2.09401
1984	2.04726
1984	1.97089
1984	1.95084
1984	1.84834
1984	1.79837
1984	1.73757
1984	1.72691
1984	1.70608
1984	1.66445
1984	1.57103
1984	1.51885
1984	1.44077
1984	1.42161
1984	1.35463
1984	1.3369
1984	1.2862
1984	1.26899
1984	1.24368
1984	1.11846
1984	1.01734
1984	1.01532
1984	1.01304
1984	0.97482
1984	0.85574
1984	0.83887
1984	0.83099
1984	0.82813
1984	0.80994
1984	0.76252
1984	0.72554
1984	0.72452
1984	0.71249
1984	0.70958
1984	0.66808
1984	0.63398
1984	0.5751
1984	0.5668
1984	0.55208
1984	0.53077
1984	0.50344
1984	0.46088
1984	0.42331
1984	0.42102
1984	0.42093
1984	0.41694
1984	0.41568
1984	0.39884
1984	0.35719
1984	0.32287
1984	0.31984
1984	0.31189
1984	0.28648
1984	0.28355
1984	0.27735
1984	0.21137
1984	0.1983
1984	0.18242
1984	0.17583
1984	0.16782
1984	0.15847
1984	0.15104
1984	0.14593
1984	0.14387
1984	0.1407
1984	0.14058
1984	0.14027
1984	0.13915
1984	0.13214
1984	0.12383
1984	0.11447
1984	0.10581
1984	0.10275
1984	0.09722
1984	0.06975
1984	0.05836
1984	0.05624
1984	0.05542
1984	0.05054
1984	0.04298
1984	0.04204
1984	0.03501
1984	0.03501
1984	0.0321
1984	0.0321
1984	0.02414
1984	0.0195
1984	0.0194
1984	0.01154
1984	0.00281
1984	0.00278
1985	2035.46934
1985	1275.3281
1985	616.57197
1985	328.94231
1985	273.9792
1985	249.62748
1985	245.29711
1985	230.74204
1985	210.42459
1985	206.49941
1985	152.027
1985	133.7724
1985	126.68557
1985	120.36179
1985	112.01195
1985	87.65499
1985	87.35344
1985	82.04097
1985	65.80431
1985	61.7985
1985	58.30823
1985	57.27343
1985	54.53222
1985	53.62322
1985	51.97311
1985	51.14799
1985	51.08756
1985	49.61737
1985	47.52294
1985	47.26888
1985	46.2907
1985	43.75785
1985	42.20268
1985	36.61663
1985	36.46165
1985	34.9658
1985	33.38519
1985	32.78445
1985	31.72447
1985	31.68765
1985	31.48799
1985	30.93902
1985	29.86358
1985	28.63151
1985	27.77575
1985	26.81797
1985	26.14946
1985	25.92874
1985	23.87272
1985	23.23818
1985	22.81006
1985	22.48641
1985	21.73681
1985	20.82608
1985	18.63559
1985	18.28998
1985	17.73902
1985	17.38059
1985	15.79613
1985	13.30603
1985	12.73833
1985	12.10068
1985	11.39688
1985	10.68063
1985	10.41308
1985	10.12116
1985	9.90965
1985	9.08966
1985	8.10476
1985	7.77298
1985	7.37628
1985	6.86421
1985	6.06849
1985	6.03471
1985	5.24783
1985	4.72868
1985	4.58653
1985	4.49533
1985	4.27728
1985	4.1617
1985	4.15358
1985	3.97241
1985	3.62142
1985	3.56522
1985	3.50139
1985	3.47215
1985	3.44719
1985	3.35831
1985	3.21663
1985	3.07676
1985	3.03996
1985	3.00427
1985	2.7545
1985	2.72064
1985	2.66121
1985	2.53316
1985	2.35027
1985	2.25283
1985	2.22598
1985	2.13829
1985	2.11659
1985	2.08275
1985	2.05235
1985	1.97241
1985	1.93666
1985	1.90319
1985	1.89414
1985	1.83635
1985	1.68583
1985	1.58018
1985	1.57046
1985	1.56142
1985	1.52192
1985	1.45881
1985	1.35217
1985	1.26685
1985	1.24483
1985	1.22701
1985	1.22093
1985	1.12419
1985	0.9263
1985	0.9124
1985	0.86809
1985	0.85686
1985	0.846
1985	0.82333
1985	0.82151
1985	0.8052
1985	0.80269
1985	0.79932
1985	0.74317
1985	0.73601
1985	0.72763
1985	0.71858
1985	0.67268
1985	0.672
1985	0.66768
1985	0.63093
1985	0.6269
1985	0.58663
1985	0.57029
1985	0.52252
1985	0.49576
1985	0.4955
1985	0.45851
1985	0.43178
1985	0.42233
1985	0.41298
1985	0.40284
1985	0.3733
1985	0.34383
1985	0.31441
1985	0.31388
1985	0.30874
1985	0.28928
1985	0.21131
1985	0.20066
1985	0.1999
1985	0.17993
1985	0.16927
1985	0.16475
1985	0.15688
1985	0.1533
1985	0.14914
1985	0.14558
1985	0.13081
1985	0.12674
1985	0.12584
1985	0.12428
1985	0.1223
1985	0.12107
1985	0.11115
1985	0.11087
1985	0.10871
1985	0.07977
1985	0.06245
1985	0.05954
1985	0.05539
1985	0.05041
1985	0.04468
1985	0.03991
1985	0.0398
1985	0.03554
1985	0.03313
1985	0.03275
1985	0.03115
1985	0.02098
1985	0.01952
1985	0.01442
1985	0.00287
1985	0.00287
1986	2124.55137
1986	1317.03083
1986	586.94661
1986	350.60342
1986	294.2564
1986	253.45143
1986	232.5261
1986	224.66928
1986	204.67058
1986	200.54759
1986	171.71064
1986	135.59403
1986	130.27562
1986	122.64284
1986	116.01721
1986	90.91747
1986	89.31264
1986	82.27938
1986	68.55733
1986	66.82431
1986	66.15508
1986	65.93402
1986	55.93149
1986	55.55683
1986	54.46862
1986	53.65817
1986	51.08615
1986	49.21753
1986	47.80485
1986	46.16393
1986	43.09379
1986	41.9345
1986	41.31182
1986	39.31528
1986	38.69428
1986	37.61668
1986	37.39598
1986	34.4223
1986	34.12145
1986	33.33495
1986	33.10352
1986	32.53334
1986	30.23099
1986	29.84604
1986	28.75822
1986	27.30915
1986	26.24541
1986	26.02088
1986	25.27385
1986	24.45158
1986	23.71676
1986	23.5545
1986	22.4016
1986	20.56081
1986	20.14699
1986	19.85978
1986	19.48635
1986	17.82297
1986	17.64063
1986	14.82902
1986	13.54232
1986	13.43674
1986	13.16425
1986	11.59078
1986	11.18317
1986	10.31313
1986	10.09542
1986	9.99164
1986	9.0966
1986	9.0477
1986	6.94561
1986	6.7965
1986	6.65437
1986	5.98708
1986	5.91084
1986	5.16128
1986	4.93797
1986	4.86304
1986	4.80268
1986	4.54342
1986	4.47279
1986	4.40184
1986	4.31726
1986	3.81689
1986	3.55968
1986	3.49925
1986	3.46931
1986	3.44757
1986	3.22797
1986	3.15412
1986	3.0446
1986	2.90318
1986	2.87666
1986	2.79813
1986	2.67629
1986	2.58886
1986	2.57668
1986	2.55982
1986	2.41417
1986	2.35717
1986	2.28536
1986	2.28203
1986	2.24851
1986	2.18682
1986	2.09757
1986	2.04008
1986	1.99088
1986	1.78836
1986	1.72801
1986	1.6465
1986	1.52199
1986	1.47189
1986	1.44135
1986	1.43557
1986	1.3968
1986	1.31957
1986	1.28125
1986	1.28026
1986	1.27305
1986	1.262
1986	1.0999
1986	1.09777
1986	1.05885
1986	1.01056
1986	0.99257
1986	0.97232
1986	0.95866
1986	0.93736
1986	0.90774
1986	0.90356
1986	0.88393
1986	0.79275
1986	0.7926
1986	0.76668
1986	0.75959
1986	0.73752
1986	0.71827
1986	0.67142
1986	0.64149
1986	0.55934
1986	0.54184
1986	0.51353
1986	0.50418
1986	0.50283
1986	0.50243
1986	0.49316
1986	0.48232
1986	0.44841
1986	0.40745
1986	0.38459
1986	0.37016
1986	0.364
1986	0.32274
1986	0.31645
1986	0.28363
1986	0.27781
1986	0.263
1986	0.2067
1986	0.20175
1986	0.19826
1986	0.19689
1986	0.17244
1986	0.16057
1986	0.1562
1986	0.15058
1986	0.14873
1986	0.13229
1986	0.13219
1986	0.12459
1986	0.12372
1986	0.11644
1986	0.11004
1986	0.10793
1986	0.10062
1986	0.08493
1986	0.08191
1986	0.06935
1986	0.05374
1986	0.05351
1986	0.05311
1986	0.04728
1986	0.04022
1986	0.03975
1986	0.03777
1986	0.03775
1986	0.03463
1986	0.02909
1986	0.02204
1986	0.01891
1986	0.01598
1986	0.00315
1986	0.00315
1987	2152.39536
1987	1315.55588
1987	591.04863
1987	337.53595
1987	312.61492
1987	263.57988
1987	233.51521
1987	217.51552
1987	211.33671
1987	208.29602
1987	174.75716
1987	136.70103
1987	134.92581
1987	130.03067
1987	118.98139
1987	91.86909
1987	90.88096
1987	85.75906
1987	72.57109
1987	69.11075
1987	67.39298
1987	65.84046
1987	59.92973
1987	56.96233
1987	55.79833
1987	52.91193
1987	50.45187
1987	49.78276
1987	49.69477
1987	45.97308
1987	45.77408
1987	44.47662
1987	43.45373
1987	41.22126
1987	40.78616
1987	38.75821
1987	37.84047
1987	36.66008
1987	34.81956
1987	33.95476
1987	33.38589
1987	31.84565
1987	31.65005
1987	30.14784
1987	29.2563
1987	28.69762
1987	27.68865
1987	26.94421
1987	26.69025
1987	26.55516
1987	25.68905
1987	25.40252
1987	23.37542
1987	21.50289
1987	20.90715
1987	20.54429
1987	20.36317
1987	18.00529
1987	16.79285
1987	14.26854
1987	13.18616
1987	13.05782
1987	12.75827
1987	12.40424
1987	11.63811
1987	10.40564
1987	10.38926
1987	9.97863
1987	9.89907
1987	7.93927
1987	7.62366
1987	7.49956
1987	7.22116
1987	5.64386
1987	5.33713
1987	5.26367
1987	5.24732
1987	5.22076
1987	5.12985
1987	5.10551
1987	4.17691
1987	3.98589
1987	3.97553
1987	3.93259
1987	3.76925
1987	3.74757
1987	3.51346
1987	3.23943
1987	2.93718
1987	2.88884
1987	2.81138
1987	2.7711
1987	2.7174
1987	2.71051
1987	2.70802
1987	2.67455
1987	2.60149
1987	2.59976
1987	2.53417
1987	2.52255
1987	2.44722
1987	2.39395
1987	2.31506
1987	2.15943
1987	2.08776
1987	2.0655
1987	1.92753
1987	1.8838
1987	1.78137
1987	1.70728
1987	1.53123
1987	1.45472
1987	1.36372
1987	1.28001
1987	1.23965
1987	1.23865
1987	1.20281
1987	1.16889
1987	1.16458
1987	1.1216
1987	1.09392
1987	1.06887
1987	1.06234
1987	1.02054
1987	1.00144
1987	0.9893
1987	0.98596
1987	0.97529
1987	0.92794
1987	0.9033
1987	0.88331
1987	0.85701
1987	0.84056
1987	0.76654
1987	0.76542
1987	0.73088
1987	0.70882
1987	0.69988
1987	0.65359
1987	0.61731
1987	0.60652
1987	0.56313
1987	0.51828
1987	0.49441
1987	0.49173
1987	0.45159
1987	0.4336
1987	0.42697
1987	0.39148
1987	0.3752
1987	0.36988
1987	0.35475
1987	0.33654
1987	0.3229
1987	0.23728
1987	0.22408
1987	0.22284
1987	0.20872
1987	0.20455
1987	0.20332
1987	0.20317
1987	0.18869
1987	0.18586
1987	0.15684
1987	0.15618
1987	0.15093
1987	0.14872
1987	0.13339
1987	0.13229
1987	0.11919
1987	0.11644
1987	0.10918
1987	0.10793
1987	0.08191
1987	0.08022
1987	0.07109
1987	0.06937
1987	0.05748
1987	0.05665
1987	0.05373
1987	0.05033
1987	0.04407
1987	0.04337
1987	0.04279
1987	0.03463
1987	0.03043
1987	0.02518
1987	0.02206
1987	0.01598
1987	0.00632
1987	0.00315
1988	2245.55434
1988	1277.68665
1988	630.7297
1988	335.09545
1988	328.27218
1988	266.02281
1988	234.17541
1988	230.61562
1988	221.63544
1988	208.88813
1988	177.05884
1988	150.24166
1988	137.13349
1988	130.26683
1988	129.98819
1988	103.31493
1988	98.19268
1988	95.38605
1988	76.49828
1988	68.30356
1988	68.05844
1988	66.5497
1988	65.99163
1988	58.30451
1988	54.24588
1988	50.49183
1988	50.14373
1988	48.94144
1988	48.8571
1988	48.09812
1988	46.27537
1988	45.85545
1988	44.46926
1988	42.66384
1988	41.01623
1988	40.1768
1988	39.12168
1988	39.07428
1988	38.00581
1988	34.60536
1988	33.89413
1988	33.07646
1988	30.45421
1988	29.89139
1988	29.72447
1988	29.2033
1988	29.04469
1988	27.58945
1988	27.5169
1988	25.8332
1988	25.8095
1988	24.29164
1988	23.89045
1988	21.42752
1988	21.28519
1988	20.80265
1988	20.73575
1988	18.94369
1988	17.27896
1988	15.13429
1988	13.86218
1988	13.06127
1988	13.04313
1988	11.59238
1988	11.26713
1988	10.22811
1988	9.91727
1988	9.48166
1988	9.28156
1988	8.91055
1988	8.29496
1988	6.53587
1988	6.10535
1988	5.94735
1988	5.70931
1988	5.64772
1988	5.33688
1988	5.25864
1988	5.22562
1988	4.93629
1988	4.71388
1988	4.51931
1988	4.09858
1988	3.85724
1988	3.85456
1988	3.82198
1988	3.50631
1988	3.4706
1988	3.30935
1988	3.12878
1988	2.94994
1988	2.75104
1988	2.71425
1988	2.70599
1988	2.63964
1988	2.54325
1988	2.52888
1988	2.51864
1988	2.44508
1988	2.42742
1988	2.41524
1988	2.37267
1988	2.31694
1988	2.24079
1988	2.11591
1988	2.04807
1988	1.95591
1988	1.93649
1988	1.88087
1988	1.86681
1988	1.72482
1988	1.70478
1988	1.51603
1988	1.45971
1988	1.3639
1988	1.33522
1988	1.32825
1988	1.26948
1988	1.20193
1988	1.14468
1988	1.12146
1988	1.11417
1988	1.10871
1988	1.08573
1988	1.07331
1988	1.06843
1988	1.05352
1988	1.03203
1988	1.02718
1988	0.99416
1988	0.98322
1988	0.87229
1988	0.85552
1988	0.85369
1988	0.79804
1988	0.79699
1988	0.79309
1988	0.77465
1988	0.71491
1988	0.66676
1988	0.62214
1988	0.62131
1988	0.59319
1988	0.52136
1988	0.51416
1988	0.51364
1988	0.48545
1988	0.46995
1988	0.46875
1988	0.46304
1988	0.42118
1988	0.39549
1988	0.37029
1988	0.33147
1988	0.26593
1988	0.24382
1988	0.23986
1988	0.23302
1988	0.21122
1988	0.21084
1988	0.21064
1988	0.20658
1988	0.20039
1988	0.1922
1988	0.17952
1988	0.16775
1988	0.16222
1988	0.16067
1988	0.1509
1988	0.14873
1988	0.14032
1988	0.11647
1988	0.10313
1988	0.08823
1988	0.08275
1988	0.08109
1988	0.07866
1988	0.07745
1988	0.0661
1988	0.05548
1988	0.05373
1988	0.05347
1988	0.05135
1988	0.04723
1988	0.03464
1988	0.03171
1988	0.02948
1988	0.02834
1988	0.02206
1988	0.00632
1988	0.00315
1989	2245.6575
1989	1248.14599
1989	653.24571
1989	346.89889
1989	309.94444
1989	275.33624
1989	240.26455
1989	235.28502
1989	232.38563
1989	223.41531
1989	181.94576
1989	155.88424
1989	144.80845
1989	133.30401
1989	130.30894
1989	119.64846
1989	99.07757
1989	97.04203
1989	83.33951
1989	75.14986
1989	67.31701
1989	66.59279
1989	60.38888
1989	60.05553
1989	53.29336
1989	53.19119
1989	50.99104
1989	50.12932
1989	49.96237
1989	49.54608
1989	49.4872
1989	47.46157
1989	45.55026
1989	45.33539
1989	43.09005
1989	40.0194
1989	38.99213
1989	37.45253
1989	36.98744
1989	35.63467
1989	35.44899
1989	35.28475
1989	33.15089
1989	32.55453
1989	31.84962
1989	31.47164
1989	29.19359
1989	29.17136
1989	29.06652
1989	28.87657
1989	25.13464
1989	24.77102
1989	24.14716
1989	22.13603
1989	22.06786
1989	19.72705
1989	18.9757
1989	18.16226
1989	17.99741
1989	17.58259
1989	15.42738
1989	13.64153
1989	12.45369
1989	11.87656
1989	11.10405
1989	10.84793
1989	9.8284
1989	9.74844
1989	9.25786
1989	9.05611
1989	8.12433
1989	7.76805
1989	6.99715
1989	6.9459
1989	6.22489
1989	5.71146
1989	5.62304
1989	5.00048
1989	4.8815
1989	4.79552
1989	4.69837
1989	4.62805
1989	4.50836
1989	4.28728
1989	4.26482
1989	3.89101
1989	3.59648
1989	3.5813
1989	3.40992
1989	3.25757
1989	3.23391
1989	3.21544
1989	2.98107
1989	2.88021
1989	2.80694
1989	2.73409
1989	2.7193
1989	2.61076
1989	2.51323
1989	2.48359
1989	2.42761
1989	2.41382
1989	2.40794
1989	2.39301
1989	2.36974
1989	2.30977
1989	2.22631
1989	2.1046
1989	2.01168
1989	1.99569
1989	1.98054
1989	1.71621
1989	1.60987
1989	1.52191
1989	1.52051
1989	1.45639
1989	1.33446
1989	1.26947
1989	1.2327
1989	1.19517
1989	1.19285
1989	1.19232
1989	1.16808
1989	1.1652
1989	1.10994
1989	1.10171
1989	1.06228
1989	1.05596
1989	1.05091
1989	0.9859
1989	0.97503
1989	0.9533
1989	0.94282
1989	0.93566
1989	0.93045
1989	0.90354
1989	0.80446
1989	0.79082
1989	0.74157
1989	0.69718
1989	0.67854
1989	0.63089
1989	0.61156
1989	0.59179
1989	0.57669
1989	0.55699
1989	0.55557
1989	0.50276
1989	0.49148
1989	0.47407
1989	0.47046
1989	0.46911
1989	0.46759
1989	0.40406
1989	0.35333
1989	0.27963
1989	0.26988
1989	0.26705
1989	0.26553
1989	0.22726
1989	0.22314
1989	0.22077
1989	0.2187
1989	0.2077
1989	0.20661
1989	0.18913
1989	0.17085
1989	0.16773
1989	0.16584
1989	0.15623
1989	0.14875
1989	0.12401
1989	0.12283
1989	0.11801
1989	0.09044
1989	0.08822
1989	0.08744
1989	0.08059
1989	0.07599
1989	0.06612
1989	0.05862
1989	0.05349
1989	0.05039
1989	0.04739
1989	0.03466
1989	0.03024
1989	0.02835
1989	0.02833
1989	0.02206
1989	0.00632
1989	0.00315
1990	2186.57249
1990	1222.23445
1990	684.86651
1990	334.55804
1990	325.03675
1990	269.645
1990	240.56858
1990	239.41345
1990	232.5612
1990	226.61942
1990	196.85971
1990	160.22132
1990	149.29362
1990	143.6813
1990	138.71119
1990	134.07847
1990	99.49996
1990	98.37186
1990	94.50663
1990	76.82419
1990	70.77691
1990	66.88123
1990	63.46914
1990	58.6843
1990	57.62886
1990	57.54552
1990	56.90884
1990	56.65809
1990	53.95076
1990	53.87945
1990	47.72803
1990	46.92207
1990	46.37591
1990	42.02497
1990	40.08528
1990	39.05853
1990	39.01097
1990	38.66902
1990	38.26529
1990	36.68968
1990	35.94267
1990	34.714
1990	33.74519
1990	32.65947
1990	32.30772
1990	30.8873
1990	30.81556
1990	30.15818
1990	28.56271
1990	27.19689
1990	25.62883
1990	24.79084
1990	23.9442
1990	23.64816
1990	23.55016
1990	19.70636
1990	19.16415
1990	18.74441
1990	18.08315
1990	16.34725
1990	14.55196
1990	13.53151
1990	13.32562
1990	12.2302
1990	11.72071
1990	11.4417
1990	11.14368
1990	9.9221
1990	9.74432
1990	9.18057
1990	9.01561
1990	7.84238
1990	7.40461
1990	7.2581
1990	6.26372
1990	5.66741
1990	5.38564
1990	5.25741
1990	4.91838
1990	4.91581
1990	4.70651
1990	4.64676
1990	4.49637
1990	3.89406
1990	3.79343
1990	3.78412
1990	3.44518
1990	3.428
1990	3.27917
1990	3.18054
1990	3.0359
1990	3.0231
1990	3.0112
1990	2.98911
1990	2.95836
1990	2.90154
1990	2.7966
1990	2.7333
1990	2.72412
1990	2.56006
1990	2.46248
1990	2.39073
1990	2.37572
1990	2.35281
1990	2.35178
1990	2.29662
1990	2.29033
1990	2.19678
1990	2.09994
1990	2.02123
1990	2.0117
1990	1.98545
1990	1.83566
1990	1.73114
1990	1.72664
1990	1.67143
1990	1.64087
1990	1.56909
1990	1.5069
1990	1.4842
1990	1.44216
1990	1.24605
1990	1.23719
1990	1.22641
1990	1.22097
1990	1.08377
1990	1.06574
1990	1.0423
1990	1.01091
1990	1.00807
1990	0.987
1990	0.94132
1990	0.93943
1990	0.92662
1990	0.92082
1990	0.886
1990	0.844
1990	0.71133
1990	0.70279
1990	0.68492
1990	0.67349
1990	0.65741
1990	0.65293
1990	0.59775
1990	0.5941
1990	0.58746
1990	0.58396
1990	0.57794
1990	0.5775
1990	0.49889
1990	0.4908
1990	0.46804
1990	0.46759
1990	0.45298
1990	0.42269
1990	0.36276
1990	0.33963
1990	0.31315
1990	0.29166
1990	0.28905
1990	0.28217
1990	0.27439
1990	0.26089
1990	0.24628
1990	0.22226
1990	0.21616
1990	0.21084
1990	0.19286
1990	0.17389
1990	0.16753
1990	0.15621
1990	0.15527
1990	0.13054
1990	0.12911
1990	0.12319
1990	0.12115
1990	0.09766
1990	0.09635
1990	0.08743
1990	0.07812
1990	0.07744
1990	0.07
1990	0.06927
1990	0.06612
1990	0.05852
1990	0.05039
1990	0.04738
1990	0.03779
1990	0.02519
1990	0.02206
1990	0.00631
1990	0.00315
1991	2133.96118
1991	1205.89714
1991	692.56032
1991	384.94661
1991	363.82478
1991	268.0084
1991	252.89943
1991	241.34121
1991	239.06893
1991	214.87827
1991	198.78264
1991	170.66565
1991	162.48455
1991	157.4231
1991	141.25905
1991	139.84966
1991	101.99727
1991	100.20189
1991	96.99965
1991	77.75577
1991	71.77808
1991	69.10084
1991	63.71597
1991	61.17741
1991	61.17343
1991	58.43783
1991	57.94126
1991	54.19503
1991	49.78306
1991	47.91541
1991	46.4544
1991	41.7923
1991	40.59654
1991	40.00513
1991	39.76685
1991	39.00059
1991	37.88292
1991	36.25746
1991	35.6902
1991	33.87368
1991	33.31587
1991	33.18373
1991	33.16816
1991	32.15571
1991	32.15
1991	28.85553
1991	28.10437
1991	26.15032
1991	25.9624
1991	25.26898
1991	25.17348
1991	24.01938
1991	23.55297
1991	22.2814
1991	20.14356
1991	20.00832
1991	19.07179
1991	16.69396
1991	16.33621
1991	14.43776
1991	14.39356
1991	14.20675
1991	13.28322
1991	11.76185
1991	11.71952
1991	11.65198
1991	9.93474
1991	9.36299
1991	9.2084
1991	8.70517
1991	8.39797
1991	8.21401
1991	7.67945
1991	7.63727
1991	5.80091
1991	5.70925
1991	5.70484
1991	5.61305
1991	5.47967
1991	5.27469
1991	4.95957
1991	4.24013
1991	3.94864
1991	3.79943
1991	3.57455
1991	3.46773
1991	3.41474
1991	3.35085
1991	3.21567
1991	3.16389
1991	2.98631
1991	2.97455
1991	2.8931
1991	2.75094
1991	2.70923
1991	2.66391
1991	2.58066
1991	2.47726
1991	2.45871
1991	2.43996
1991	2.37384
1991	2.35655
1991	2.32409
1991	2.31906
1991	2.12942
1991	2.07664
1991	2.02319
1991	1.94896
1991	1.92524
1991	1.88319
1991	1.79758
1991	1.7497
1991	1.73505
1991	1.72386
1991	1.67645
1991	1.51019
1991	1.48952
1991	1.4325
1991	1.3636
1991	1.33465
1991	1.29992
1991	1.26713
1991	1.23719
1991	1.23461
1991	1.15815
1991	1.11448
1991	1.07807
1991	1.03624
1991	1.0266
1991	0.99363
1991	0.98942
1991	0.95218
1991	0.93523
1991	0.91178
1991	0.86288
1991	0.81998
1991	0.79366
1991	0.77451
1991	0.76106
1991	0.71223
1991	0.70845
1991	0.67372
1991	0.66094
1991	0.63341
1991	0.62617
1991	0.59862
1991	0.57743
1991	0.57519
1991	0.54808
1991	0.48784
1991	0.48386
1991	0.4803
1991	0.41483
1991	0.40209
1991	0.34972
1991	0.34049
1991	0.33137
1991	0.32211
1991	0.29461
1991	0.28905
1991	0.28863
1991	0.25887
1991	0.24788
1991	0.24211
1991	0.22028
1991	0.21616
1991	0.20173
1991	0.17382
1991	0.16739
1991	0.15619
1991	0.15527
1991	0.12911
1991	0.12745
1991	0.12305
1991	0.09921
1991	0.09766
1991	0.09762
1991	0.09619
1991	0.07715
1991	0.07565
1991	0.07555
1991	0.07304
1991	0.06686
1991	0.05845
1991	0.05039
1991	0.03862
1991	0.03466
1991	0.02612
1991	0.02519
1991	0.00315
1991	0.00315
1992	2179.89686
1992	708.84279
1992	631.65343
1992	390.25862
1992	374.66396
1992	277.65402
1992	254.01163
1992	244.54913
1992	241.53247
1992	217.61416
1992	203.35207
1992	192.31441
1992	174.27986
1992	160.67752
1992	149.88626
1992	147.46479
1992	117.35979
1992	105.75411
1992	101.67154
1992	95.79778
1992	78.46388
1992	73.81965
1992	70.45907
1992	67.63693
1992	65.87115
1992	65.48392
1992	62.5461
1992	60.48603
1992	59.31216
1992	56.23294
1992	52.4436
1992	51.89294
1992	50.55569
1992	50.41358
1992	49.49248
1992	42.72782
1992	41.50456
1992	40.85984
1992	40.21718
1992	38.90683
1992	38.48837
1992	37.26989
1992	34.81242
1992	33.53416
1992	32.73238
1992	32.41649
1992	32.04108
1992	30.53452
1992	29.23429
1992	28.84438
1992	28.77719
1992	28.61959
1992	27.27187
1992	25.68284
1992	24.46099
1992	23.11641
1992	23.10398
1992	22.96766
1992	22.94517
1992	21.12599
1992	20.39261
1992	18.26829
1992	17.89499
1992	17.45847
1992	16.79832
1992	15.17401
1992	14.97101
1992	13.25473
1992	12.23382
1992	12.13262
1992	11.35493
1992	11.2851
1992	10.90358
1992	10.40902
1992	9.84984
1992	9.74201
1992	9.54981
1992	9.35948
1992	9.24646
1992	8.41136
1992	8.16408
1992	8.01724
1992	7.79726
1992	7.58177
1992	7.11419
1992	6.14758
1992	6.01649
1992	5.99111
1992	5.90635
1992	5.78793
1992	5.62905
1992	5.32576
1992	5.17325
1992	4.97942
1992	4.79191
1992	4.52231
1992	4.35516
1992	4.30743
1992	4.05688
1992	3.96921
1992	3.8605
1992	3.70408
1992	3.64487
1992	3.64003
1992	3.58557
1992	3.47501
1992	3.40233
1992	3.32033
1992	3.29884
1992	3.2204
1992	3.18644
1992	3.13772
1992	3.09453
1992	3.08517
1992	3.0423
1992	2.9166
1992	2.91642
1992	2.89503
1992	2.73426
1992	2.567
1992	2.52007
1992	2.51385
1992	2.45479
1992	2.41899
1992	2.34501
1992	2.3256
1992	2.22062
1992	2.13815
1992	1.99407
1992	1.97383
1992	1.96876
1992	1.95335
1992	1.77666
1992	1.46846
1992	1.43623
1992	1.41411
1992	1.40149
1992	1.38962
1992	1.30726
1992	1.26676
1992	1.18233
1992	1.16581
1992	1.12506
1992	1.12155
1992	1.06235
1992	1.04007
1992	1.03996
1992	0.99705
1992	0.966
1992	0.88141
1992	0.87443
1992	0.86277
1992	0.85365
1992	0.85302
1992	0.81375
1992	0.81047
1992	0.76501
1992	0.7374
1992	0.72358
1992	0.68837
1992	0.68587
1992	0.63251
1992	0.63251
1992	0.61305
1992	0.59897
1992	0.58439
1992	0.56541
1992	0.50524
1992	0.50022
1992	0.49939
1992	0.49754
1992	0.44851
1992	0.41885
1992	0.39927
1992	0.3478
1992	0.32815
1992	0.31577
1992	0.304
1992	0.3025
1992	0.2951
1992	0.29424
1992	0.26784
1992	0.26536
1992	0.23208
1992	0.22251
1992	0.22157
1992	0.20381
1992	0.17552
1992	0.17238
1992	0.16172
1992	0.16014
1992	0.13362
1992	0.12746
1992	0.12236
1992	0.10672
1992	0.10183
1992	0.10033
1992	0.08287
1992	0.08126
1992	0.07692
1992	0.07632
1992	0.06749
1992	0.06518
1992	0.05909
1992	0.0541
1992	0.04785
1992	0.04137
1992	0.02544
1992	0.02228
1992	0.00318
1992	0.00318
1993	2184.15965
1993	697.67184
1993	546.30464
1993	426.37063
1993	397.09758
1993	275.16319
1993	249.15257
1993	244.319
1993	238.68221
1993	222.73523
1993	222.26065
1993	213.49352
1993	179.28425
1993	165.92979
1993	144.47758
1993	142.96902
1993	112.56807
1993	105.41719
1993	102.15529
1993	87.19431
1993	87.15206
1993	79.97833
1993	74.62058
1993	72.87051
1993	72.81199
1993	67.60341
1993	66.93366
1993	61.34915
1993	58.96464
1993	55.08548
1993	51.59548
1993	50.81288
1993	50.56216
1993	50.11379
1993	47.0865
1993	44.61858
1993	43.32868
1993	43.15882
1993	40.10605
1993	39.73012
1993	38.38178
1993	37.22369
1993	34.55521
1993	33.79817
1993	33.35915
1993	31.26615
1993	30.35245
1993	29.97165
1993	29.88689
1993	28.85186
1993	28.31901
1993	26.792
1993	24.89714
1993	24.88502
1993	24.37682
1993	24.11172
1993	24.00515
1993	23.44258
1993	22.39752
1993	21.46011
1993	19.16674
1993	18.8802
1993	18.76786
1993	18.40804
1993	15.41679
1993	15.19884
1993	15.06551
1993	12.1686
1993	11.88058
1993	11.86032
1993	10.96919
1993	10.71959
1993	10.67888
1993	10.09167
1993	9.98303
1993	9.86178
1993	9.55921
1993	9.24977
1993	9.2335
1993	8.61205
1993	8.52885
1993	7.71131
1993	6.67781
1993	6.33939
1993	6.30168
1993	6.26585
1993	6.11487
1993	6.05057
1993	6.01284
1993	5.88636
1993	5.84858
1993	4.94177
1993	4.91927
1993	4.79358
1993	4.4723
1993	4.37784
1993	4.26245
1993	3.99579
1993	3.97534
1993	3.91617
1993	3.87936
1993	3.4873
1993	3.43883
1993	3.41588
1993	3.40731
1993	3.39977
1993	3.35148
1993	3.32699
1993	3.25703
1993	3.23079
1993	3.21345
1993	3.21113
1993	3.04007
1993	2.89672
1993	2.87961
1993	2.81884
1993	2.81332
1993	2.71893
1993	2.66377
1993	2.52662
1993	2.52637
1993	2.47913
1993	2.4693
1993	2.44494
1993	2.32305
1993	2.30935
1993	2.3025
1993	2.28102
1993	2.24405
1993	2.11518
1993	2.10768
1993	2.01132
1993	1.88209
1993	1.85178
1993	1.79876
1993	1.61957
1993	1.61098
1993	1.49598
1993	1.41385
1993	1.33685
1993	1.29615
1993	1.26629
1993	1.24414
1993	1.2115
1993	1.193
1993	1.15461
1993	1.14295
1993	1.0621
1993	1.03046
1993	1.02426
1993	1.00155
1993	0.89534
1993	0.89276
1993	0.86881
1993	0.85464
1993	0.83841
1993	0.82166
1993	0.77662
1993	0.70362
1993	0.70136
1993	0.68329
1993	0.63436
1993	0.6214
1993	0.61308
1993	0.59792
1993	0.59574
1993	0.58329
1993	0.5436
1993	0.52483
1993	0.5179
1993	0.51692
1993	0.51364
1993	0.49809
1993	0.45706
1993	0.44124
1993	0.38297
1993	0.35068
1993	0.31387
1993	0.30071
1993	0.28876
1993	0.28641
1993	0.2742
1993	0.26492
1993	0.22251
1993	0.21657
1993	0.21526
1993	0.17228
1993	0.16918
1993	0.16354
1993	0.1617
1993	0.16014
1993	0.14013
1993	0.13364
1993	0.13191
1993	0.12718
1993	0.12404
1993	0.10654
1993	0.10348
1993	0.08587
1993	0.08108
1993	0.07694
1993	0.07644
1993	0.0675
1993	0.06519
1993	0.06224
1993	0.05411
1993	0.04783
1993	0.04138
1993	0.02544
1993	0.02228
1993	0.00637
1993	0.00318
1994	2221.02945
1994	727.72302
1994	457.6012
1994	444.1705
1994	387.3644
1994	270.87678
1994	255.95297
1994	244.76328
1994	241.60222
1994	233.96729
1994	225.73032
1994	224.61545
1994	194.25143
1994	166.88223
1994	150.40826
1994	147.40556
1994	113.61385
1994	105.95122
1994	105.76854
1994	94.17734
1994	89.03241
1994	79.65344
1994	78.91179
1994	74.9572
1994	71.65753
1994	70.6148
1994	69.72597
1994	60.82899
1994	60.20064
1994	57.4364
1994	53.85463
1994	53.24601
1994	51.9457
1994	51.18811
1994	45.72486
1994	45.05321
1994	44.80404
1994	43.48219
1994	37.76119
1994	37.34792
1994	36.51114
1994	34.60539
1994	33.87281
1994	33.64097
1994	33.34364
1994	33.27429
1994	31.90204
1994	31.27755
1994	30.32682
1994	28.75901
1994	27.67839
1994	27.65584
1994	25.97247
1994	25.55541
1994	25.27225
1994	25.17629
1994	24.83035
1994	24.77338
1994	24.63918
1994	22.76169
1994	21.96302
1994	20.63412
1994	19.93422
1994	19.82144
1994	17.02662
1994	16.63002
1994	16.58074
1994	13.3891
1994	13.02825
1994	12.59883
1994	12.14564
1994	11.68838
1994	11.47664
1994	10.8015
1994	10.61222
1994	9.90061
1994	9.72102
1994	9.64825
1994	9.33313
1994	8.81369
1994	8.72619
1994	7.63302
1994	6.95546
1994	6.81135
1994	6.72306
1994	6.66788
1994	6.2398
1994	6.10624
1994	6.00612
1994	5.9835
1994	5.44291
1994	4.76173
1994	4.6449
1994	4.55698
1994	4.32964
1994	4.3264
1994	4.03476
1994	4.02419
1994	3.94821
1994	3.85859
1994	3.85836
1994	3.62127
1994	3.57057
1994	3.527
1994	3.50826
1994	3.37966
1994	3.3361
1994	3.22938
1994	3.17715
1994	3.10529
1994	3.06424
1994	3.0564
1994	2.9997
1994	2.9009
1994	2.88923
1994	2.86675
1994	2.84935
1994	2.76538
1994	2.68113
1994	2.52185
1994	2.41631
1994	2.3903
1994	2.35535
1994	2.29198
1994	2.28497
1994	2.19316
1994	2.12486
1994	1.97916
1994	1.9721
1994	1.92282
1994	1.88543
1994	1.82126
1994	1.78994
1994	1.66579
1994	1.59081
1994	1.48753
1994	1.39061
1994	1.37517
1994	1.323
1994	1.32214
1994	1.28647
1994	1.27318
1994	1.24447
1994	1.22885
1994	1.20365
1994	1.15425
1994	1.14599
1994	1.14345
1994	1.02737
1994	1.01844
1994	0.98717
1994	0.97928
1994	0.97908
1994	0.9452
1994	0.88165
1994	0.86885
1994	0.75608
1994	0.75001
1994	0.72074
1994	0.69629
1994	0.69197
1994	0.6856
1994	0.68036
1994	0.65754
1994	0.62698
1994	0.62103
1994	0.58334
1994	0.57979
1994	0.54018
1994	0.52412
1994	0.52333
1994	0.52169
1994	0.51374
1994	0.51105
1994	0.49035
1994	0.46346
1994	0.38304
1994	0.37064
1994	0.32037
1994	0.31201
1994	0.29006
1994	0.28877
1994	0.28556
1994	0.28482
1994	0.24252
1994	0.23909
1994	0.22251
1994	0.21526
1994	0.19308
1994	0.17947
1994	0.16987
1994	0.16602
1994	0.16393
1994	0.16014
1994	0.13193
1994	0.13038
1994	0.12733
1994	0.12186
1994	0.11612
1994	0.1161
1994	0.10177
1994	0.09223
1994	0.08013
1994	0.07183
1994	0.07069
1994	0.06521
1994	0.05413
1994	0.0478
1994	0.0414
1994	0.02545
1994	0.02228
1994	0.00637
1994	0.00318
1995	2207.11161
1995	712.87466
1995	475.67198
1995	428.13502
1995	386.51655
1995	282.06059
1995	258.66369
1995	251.90827
1995	242.83046
1995	241.9807
1995	236.26809
1995	229.67334
1995	216.76447
1995	167.14304
1995	158.62613
1995	137.54339
1995	117.27346
1995	108.33353
1995	107.28981
1995	104.00636
1995	101.4061
1995	80.30579
1995	80.02456
1995	79.30815
1995	72.83226
1995	70.77995
1995	70.74008
1995	61.1165
1995	60.74364
1995	59.35694
1995	56.23123
1995	53.92325
1995	53.32443
1995	51.64783
1995	50.08915
1995	47.24184
1995	43.72795
1995	42.18761
1995	40.35366
1995	38.36392
1995	37.05176
1995	36.04285
1995	35.51176
1995	34.70463
1995	33.82484
1995	33.45465
1995	32.42177
1995	30.89565
1995	30.50653
1995	29.03376
1995	28.45736
1995	28.00551
1995	27.59444
1995	27.50955
1995	27.36694
1995	27.00913
1995	26.81146
1995	24.53574
1995	23.78448
1995	23.04763
1995	21.40052
1995	20.81699
1995	19.24943
1995	18.75363
1995	17.72548
1995	17.09633
1995	16.80244
1995	14.47066
1995	14.30291
1995	13.53876
1995	12.64794
1995	12.14885
1995	11.72142
1995	11.40864
1995	10.81589
1995	10.67227
1995	9.91305
1995	9.81848
1995	9.62233
1995	9.21334
1995	8.53907
1995	7.91157
1995	7.86327
1995	7.12451
1995	6.92674
1995	6.70705
1995	6.65594
1995	6.60807
1995	6.51997
1995	6.07474
1995	5.43847
1995	4.71514
1995	4.65392
1995	4.64788
1995	4.45866
1995	4.36722
1995	4.24089
1995	4.03475
1995	4.00098
1995	3.97802
1995	3.94815
1995	3.82808
1995	3.79792
1995	3.77137
1995	3.61668
1995	3.60727
1995	3.46695
1995	3.41489
1995	3.33952
1995	3.23555
1995	3.17928
1995	3.15272
1995	3.12824
1995	3.11688
1995	3.04637
1995	3.0223
1995	2.96411
1995	2.86505
1995	2.77647
1995	2.76566
1995	2.43382
1995	2.41828
1995	2.37558
1995	2.35152
1995	2.28184
1995	2.27213
1995	2.21229
1995	2.0488
1995	2.01818
1995	1.9589
1995	1.86455
1995	1.81238
1995	1.7088
1995	1.70141
1995	1.68977
1995	1.61997
1995	1.51083
1995	1.42655
1995	1.40743
1995	1.37449
1995	1.28555
1995	1.28507
1995	1.28452
1995	1.28052
1995	1.25293
1995	1.23419
1995	1.22017
1995	1.14152
1995	1.08112
1995	1.08046
1995	1.06934
1995	1.02614
1995	1.02184
1995	0.9699
1995	0.96838
1995	0.96226
1995	0.93791
1995	0.93325
1995	0.87273
1995	0.84445
1995	0.73751
1995	0.71696
1995	0.71374
1995	0.70562
1995	0.6889
1995	0.68481
1995	0.65124
1995	0.62423
1995	0.58282
1995	0.56739
1995	0.52715
1995	0.52257
1995	0.52156
1995	0.51203
1995	0.48955
1995	0.47592
1995	0.38272
1995	0.36076
1995	0.3439
1995	0.3378
1995	0.32932
1995	0.31687
1995	0.29988
1995	0.29737
1995	0.28904
1995	0.23119
1995	0.22887
1995	0.22271
1995	0.19599
1995	0.17927
1995	0.17163
1995	0.16937
1995	0.16336
1995	0.15434
1995	0.1367
1995	0.13151
1995	0.12554
1995	0.11599
1995	0.11256
1995	0.10649
1995	0.09229
1995	0.08584
1995	0.08324
1995	0.08101
1995	0.07942
1995	0.06516
1995	0.05406
1995	0.0477
1995	0.04763
1995	0.02861
1995	0.02227
1995	0.00636
1995	0.00318
1996	2290.18966
1996	721.0228
1996	481.5547
1996	398.43981
1996	379.99685
1996	276.92254
1996	266.63601
1996	258.67643
1996	256.65716
1996	248.91497
1996	237.07824
1996	234.84803
1996	228.84382
1996	164.1093
1996	157.49413
1996	146.31593
1996	127.10888
1996	114.33847
1996	111.71082
1996	109.32193
1996	102.45668
1996	95.5482
1996	84.20654
1996	82.40068
1996	76.90242
1996	70.51845
1996	64.3179
1996	62.41595
1996	61.97016
1996	58.94661
1996	57.01581
1996	56.99688
1996	55.81429
1996	52.27952
1996	50.92139
1996	49.73433
1996	48.99124
1996	41.25505
1996	39.01948
1996	38.03167
1996	37.59139
1996	36.53264
1996	36.42393
1996	36.29338
1996	35.18704
1996	34.22367
1996	31.51175
1996	31.17152
1996	30.24244
1996	30.16288
1996	30.06627
1996	29.39289
1996	29.01755
1996	28.21591
1996	27.98269
1996	23.99515
1996	23.79259
1996	23.51622
1996	22.26079
1996	21.60405
1996	20.659
1996	19.23786
1996	18.57682
1996	18.21124
1996	17.74925
1996	17.54263
1996	17.35264
1996	17.17478
1996	13.71104
1996	12.69724
1996	12.15082
1996	11.64463
1996	11.41041
1996	11.35764
1996	10.91076
1996	10.2956
1996	10.23932
1996	10.13629
1996	9.86593
1996	8.60468
1996	8.08285
1996	8.01896
1996	7.90639
1996	7.72717
1996	7.50687
1996	7.2868
1996	7.26621
1996	7.10089
1996	6.68937
1996	6.68247
1996	6.31484
1996	5.59373
1996	4.94461
1996	4.65038
1996	4.46974
1996	4.43116
1996	4.38757
1996	4.35938
1996	4.14358
1996	4.13427
1996	4.09007
1996	3.96702
1996	3.95317
1996	3.88995
1996	3.86459
1996	3.83511
1996	3.57796
1996	3.54066
1996	3.46106
1996	3.24857
1996	3.21466
1996	3.1712
1996	3.01747
1996	3.01094
1996	2.98757
1996	2.97508
1996	2.92613
1996	2.86436
1996	2.69952
1996	2.61209
1996	2.53903
1996	2.41797
1996	2.36399
1996	2.32065
1996	2.2653
1996	2.11893
1996	2.10953
1996	2.03986
1996	2.0249
1996	1.87069
1996	1.81824
1996	1.81725
1996	1.80627
1996	1.78863
1996	1.76301
1996	1.7139
1996	1.69541
1996	1.65266
1996	1.54692
1996	1.49554
1996	1.47001
1996	1.40646
1996	1.36024
1996	1.35028
1996	1.29113
1996	1.25944
1996	1.24661
1996	1.14409
1996	1.11444
1996	1.11355
1996	1.07144
1996	1.05911
1996	1.03512
1996	1.0351
1996	1.02021
1996	0.99398
1996	0.96818
1996	0.88197
1996	0.8443
1996	0.72104
1996	0.71701
1996	0.71356
1996	0.70708
1996	0.70546
1996	0.70133
1996	0.66927
1996	0.63104
1996	0.58426
1996	0.57689
1996	0.57391
1996	0.53518
1996	0.52932
1996	0.52709
1996	0.52149
1996	0.48939
1996	0.47577
1996	0.39875
1996	0.36709
1996	0.35618
1996	0.34018
1996	0.32041
1996	0.32022
1996	0.30364
1996	0.29294
1996	0.27119
1996	0.23115
1996	0.22887
1996	0.22262
1996	0.1959
1996	0.1797
1996	0.17291
1996	0.1716
1996	0.16752
1996	0.16333
1996	0.13665
1996	0.13503
1996	0.12864
1996	0.12548
1996	0.11762
1996	0.11445
1996	0.10485
1996	0.08584
1996	0.08346
1996	0.08119
1996	0.08006
1996	0.06515
1996	0.0604
1996	0.04775
1996	0.0445
1996	0.03178
1996	0.02226
1996	0.00636
1996	0.00318
1997	2312.87731
1997	712.62802
1997	539.13102
1997	399.9674
1997	371.42944
1997	278.26037
1997	273.87428
1997	273.01793
1997	258.17059
1997	249.57817
1997	244.59257
1997	244.53419
1997	240.94369
1997	176.00927
1997	172.91662
1997	164.36655
1997	140.54989
1997	114.20951
1997	113.20078
1997	110.5461
1997	108.14346
1997	97.30738
1997	85.38019
1997	81.0674
1997	80.94058
1997	67.3141
1997	62.93537
1997	62.93452
1997	60.69201
1997	58.57007
1997	56.73126
1997	55.47262
1997	54.83437
1997	53.14633
1997	52.79628
1997	52.41591
1997	52.1734
1997	40.5804
1997	39.36396
1997	39.02463
1997	38.32573
1997	38.28975
1997	35.46514
1997	35.34554
1997	33.83395
1997	33.70782
1997	33.38542
1997	33.34351
1997	31.81421
1997	31.68527
1997	29.54398
1997	29.17839
1997	28.62301
1997	27.66257
1997	26.66787
1997	24.56165
1997	23.36469
1997	23.31917
1997	22.71587
1997	20.71864
1997	20.57035
1997	20.4721
1997	20.12171
1997	19.35331
1997	19.27473
1997	18.10362
1997	17.6389
1997	14.83531
1997	14.72604
1997	13.21251
1997	12.64082
1997	12.05161
1997	11.99039
1997	11.98739
1997	10.80055
1997	10.77984
1997	10.39174
1997	10.30559
1997	10.24313
1997	9.28313
1997	8.93531
1997	8.82945
1997	8.52292
1997	8.15623
1997	7.69476
1997	7.38198
1997	6.95524
1997	6.73308
1997	6.70052
1997	6.21302
1997	5.85453
1997	5.54097
1997	5.22298
1997	4.87881
1997	4.6814
1997	4.57707
1997	4.47538
1997	4.46768
1997	4.41971
1997	4.24136
1997	4.12633
1997	4.10287
1997	4.05345
1997	3.82209
1997	3.82151
1997	3.81079
1997	3.66089
1997	3.54117
1997	3.5109
1997	3.23729
1997	3.18869
1997	3.16104
1997	3.1316
1997	3.1164
1997	3.0572
1997	3.01875
1997	2.95781
1997	2.83532
1997	2.78787
1997	2.74568
1997	2.59536
1997	2.4598
1997	2.44725
1997	2.38686
1997	2.34769
1997	2.19525
1997	2.17569
1997	2.04246
1997	2.02184
1997	1.87973
1997	1.86091
1997	1.84687
1997	1.83501
1997	1.76377
1997	1.71627
1997	1.71383
1997	1.65916
1997	1.61386
1997	1.54493
1997	1.5219
1997	1.49929
1997	1.44478
1997	1.4212
1997	1.40636
1997	1.38722
1997	1.30307
1997	1.29733
1997	1.26903
1997	1.24648
1997	1.17222
1997	1.13865
1997	1.12667
1997	1.12665
1997	1.10635
1997	1.07722
1997	1.0562
1997	1.05092
1997	0.96812
1997	0.91418
1997	0.86428
1997	0.82453
1997	0.71965
1997	0.71953
1997	0.71344
1997	0.70127
1997	0.70113
1997	0.67059
1997	0.6558
1997	0.5826
1997	0.57684
1997	0.56523
1997	0.54462
1997	0.54054
1997	0.52145
1997	0.49494
1997	0.48929
1997	0.43918
1997	0.4019
1997	0.38457
1997	0.37034
1997	0.34016
1997	0.33482
1997	0.31763
1997	0.31473
1997	0.29928
1997	0.2979
1997	0.23114
1997	0.22887
1997	0.22257
1997	0.21036
1997	0.2054
1997	0.17918
1997	0.17608
1997	0.17159
1997	0.16332
1997	0.14455
1997	0.13662
1997	0.13354
1997	0.13178
1997	0.1239
1997	0.11761
1997	0.10483
1997	0.08346
1997	0.08116
1997	0.07939
1997	0.06514
1997	0.0604
1997	0.06039
1997	0.04775
1997	0.04767
1997	0.03496
1997	0.02226
1997	0.00636
1997	0.00318
1998	2357.93094
1998	680.14017
1998	536.1239
1998	385.09771
1998	365.4119
1998	280.0481
1998	271.89159
1998	271.01394
1998	259.42235
1998	257.49002
1998	251.66007
1998	241.58529
1998	215.96038
1998	189.06092
1998	169.36894
1998	163.72636
1998	136.34894
1998	118.66357
1998	114.62783
1998	110.80789
1998	104.96328
1998	101.59637
1998	88.22311
1998	83.67463
1998	78.66249
1998	70.51352
1998	64.93807
1998	64.62835
1998	62.06797
1998	59.2997
1998	59.27231
1998	57.74304
1998	56.12788
1998	55.78227
1998	54.49104
1998	53.66154
1998	52.48165
1998	42.85777
1998	40.03464
1998	39.69419
1998	39.08118
1998	38.96946
1998	38.22117
1998	37.20351
1998	36.66187
1998	33.22638
1998	33.22501
1998	31.52992
1998	30.83087
1998	30.19607
1998	30.05722
1998	29.51535
1998	29.35854
1998	27.84789
1998	27.09697
1998	25.31875
1998	24.86066
1998	23.83399
1998	23.27849
1998	23.23927
1998	22.61796
1998	21.64097
1998	20.39569
1998	20.23841
1998	19.4008
1998	19.09502
1998	17.90905
1998	14.82678
1998	14.32543
1998	14.12616
1998	13.84575
1998	13.62853
1998	12.32392
1998	12.01161
1998	11.3989
1998	11.23899
1998	10.79575
1998	10.75884
1998	8.98228
1998	8.96053
1998	8.7505
1998	8.64729
1998	8.4839
1998	8.14566
1998	8.07622
1998	7.70254
1998	7.68479
1998	7.47415
1998	7.21633
1998	6.39977
1998	6.12109
1998	5.51745
1998	5.50544
1998	5.47808
1998	5.07184
1998	4.99945
1998	4.98611
1998	4.54808
1998	4.5085
1998	4.38914
1998	4.35298
1998	4.28199
1998	4.13334
1998	4.04494
1998	3.84263
1998	3.83971
1998	3.7337
1998	3.71855
1998	3.71796
1998	3.46728
1998	3.3738
1998	3.17666
1998	3.16374
1998	3.11977
1998	3.05061
1998	2.98224
1998	2.9335
1998	2.89917
1998	2.88871
1998	2.86502
1998	2.74488
1998	2.61327
1998	2.41205
1998	2.4068
1998	2.36964
1998	2.36265
1998	2.29649
1998	2.26847
1998	2.25274
1998	2.19102
1998	2.1155
1998	2.10575
1998	2.05653
1998	2.02783
1998	2.02485
1998	1.83494
1998	1.75831
1998	1.71586
1998	1.62499
1998	1.62114
1998	1.53537
1998	1.51593
1998	1.43542
1998	1.41859
1998	1.41583
1998	1.33549
1998	1.29812
1998	1.29733
1998	1.27052
1998	1.25252
1998	1.25008
1998	1.23707
1998	1.2209
1998	1.21636
1998	1.13926
1998	1.06692
1998	1.02128
1998	0.98408
1998	0.92199
1998	0.86747
1998	0.78291
1998	0.75482
1998	0.72776
1998	0.71949
1998	0.71329
1998	0.7074
1998	0.66112
1998	0.65557
1998	0.58246
1998	0.57677
1998	0.5652
1998	0.55077
1998	0.54834
1998	0.52137
1998	0.49931
1998	0.49485
1998	0.48899
1998	0.43891
1998	0.4145
1998	0.37662
1998	0.35545
1998	0.34644
1998	0.34014
1998	0.32014
1998	0.30557
1998	0.29716
1998	0.23518
1998	0.23112
1998	0.22887
1998	0.20532
1998	0.19063
1998	0.18207
1998	0.17603
1998	0.17155
1998	0.16369
1998	0.1633
1998	0.14453
1998	0.13657
1998	0.1334
1998	0.12855
1998	0.1176
1998	0.10481
1998	0.08661
1998	0.0843
1998	0.07937
1998	0.06992
1998	0.06513
1998	0.06036
1998	0.05083
1998	0.04774
1998	0.0286
1998	0.02226
1998	0.00635
1998	0.00318
1999	2416.52514
1999	688.27399
1999	572.05547
1999	366.75787
1999	364.53208
1999	279.86915
1999	268.44668
1999	267.97388
1999	267.67474
1999	254.50727
1999	254.1061
1999	254.029
1999	240.08733
1999	193.08534
1999	175.25826
1999	172.84687
1999	144.76898
1999	118.12548
1999	114.82452
1999	112.70574
1999	108.67432
1999	101.94882
1999	84.81885
1999	82.85696
1999	79.36039
1999	72.70866
1999	68.68789
1999	67.4695
1999	64.70611
1999	61.05946
1999	59.80372
1999	58.0135
1999	56.32218
1999	55.27392
1999	55.01197
1999	54.66325
1999	44.69615
1999	41.03396
1999	40.69244
1999	40.18823
1999	39.29441
1999	38.63305
1999	38.26687
1999	37.83583
1999	36.81597
1999	34.50259
1999	34.14974
1999	32.02679
1999	31.85243
1999	30.23055
1999	29.61536
1999	29.55041
1999	29.00986
1999	26.81266
1999	25.96265
1999	25.4819
1999	24.29292
1999	24.17537
1999	24.06038
1999	23.88881
1999	22.98809
1999	22.71221
1999	22.19589
1999	21.6578
1999	19.70862
1999	18.14899
1999	17.51267
1999	15.4905
1999	14.60057
1999	14.22286
1999	13.80935
1999	13.4857
1999	12.92072
1999	12.3126
1999	11.70843
1999	11.57409
1999	11.04824
1999	10.16709
1999	9.78439
1999	9.28836
1999	8.65266
1999	8.27776
1999	8.10857
1999	8.08774
1999	8.03674
1999	7.92822
1999	7.83801
1999	7.75295
1999	7.2256
1999	7.22373
1999	6.56091
1999	6.32688
1999	5.58034
1999	5.47877
1999	5.22143
1999	5.13456
1999	4.76016
1999	4.72227
1999	4.638
1999	4.55531
1999	4.55126
1999	4.48299
1999	4.47099
1999	4.45968
1999	4.39813
1999	4.11215
1999	3.81179
1999	3.8067
1999	3.75651
1999	3.74068
1999	3.62272
1999	3.42186
1999	3.30577
1999	3.25405
1999	3.24512
1999	3.20325
1999	3.17666
1999	3.16473
1999	3.16039
1999	2.93147
1999	2.79338
1999	2.74313
1999	2.5248
1999	2.5209
1999	2.50101
1999	2.41205
1999	2.36964
1999	2.36555
1999	2.36265
1999	2.21507
1999	2.13373
1999	2.02485
1999	1.96403
1999	1.83494
1999	1.7305
1999	1.72963
1999	1.71586
1999	1.70716
1999	1.67545
1999	1.62958
1999	1.53537
1999	1.531
1999	1.48134
1999	1.46105
1999	1.45527
1999	1.41583
1999	1.32429
1999	1.29812
1999	1.29733
1999	1.27052
1999	1.26183
1999	1.25252
1999	1.2209
1999	1.1801
1999	1.14082
1999	1.06692
1999	1.06343
1999	1.00383
1999	0.98408
1999	0.92199
1999	0.86747
1999	0.78291
1999	0.72776
1999	0.71949
1999	0.71329
1999	0.7074
1999	0.66112
1999	0.6177
1999	0.58246
1999	0.57677
1999	0.5652
1999	0.55077
1999	0.54834
1999	0.52813
1999	0.52137
1999	0.49485
1999	0.48899
1999	0.44527
1999	0.4145
1999	0.37662
1999	0.35545
1999	0.34644
1999	0.34014
1999	0.32014
1999	0.30557
1999	0.29716
1999	0.23518
1999	0.23112
1999	0.22887
1999	0.20532
1999	0.19063
1999	0.18207
1999	0.17603
1999	0.17155
1999	0.16369
1999	0.1633
1999	0.14453
1999	0.13657
1999	0.1334
1999	0.12855
1999	0.1176
1999	0.10481
1999	0.08661
1999	0.0843
1999	0.07937
1999	0.06992
1999	0.06513
1999	0.06036
1999	0.05083
1999	0.04774
1999	0.0286
1999	0.02226
1999	0.00635
1999	0.00318
2000	2460.59163
2000	677.9698
2000	643.11257
2000	371.69388
2000	362.29663
2000	281.5817
2000	281.07845
2000	267.03509
2000	264.53412
2000	264.03662
2000	257.51615
2000	254.68023
2000	235.30223
2000	200.0077
2000	191.78644
2000	172.55563
2000	154.02548
2000	123.62068
2000	118.45069
2000	117.72618
2000	104.70168
2000	94.24207
2000	84.16598
2000	82.35764
2000	79.67565
2000	69.76551
2000	66.28888
2000	65.67294
2000	63.92528
2000	62.82086
2000	60.74012
2000	58.92466
2000	53.65276
2000	51.7158
2000	51.48224
2000	50.20573
2000	43.9155
2000	39.75545
2000	39.30091
2000	39.01586
2000	38.24979
2000	37.7949
2000	36.47996
2000	36.21488
2000	36.1249
2000	36.12307
2000	32.26278
2000	32.19103
2000	31.38099
2000	29.77793
2000	29.41834
2000	28.58498
2000	28.22414
2000	27.43855
2000	26.65142
2000	26.22989
2000	25.72456
2000	25.2887
2000	23.60129
2000	22.20986
2000	21.24163
2000	20.83521
2000	20.3828
2000	20.09657
2000	18.68989
2000	18.53543
2000	17.93146
2000	15.94749
2000	15.57904
2000	15.0657
2000	13.80784
2000	13.17836
2000	12.7959
2000	12.54323
2000	11.99658
2000	11.61736
2000	11.32295
2000	10.70374
2000	10.30022
2000	9.42665
2000	9.22971
2000	8.83657
2000	8.55168
2000	8.54373
2000	8.06191
2000	7.85343
2000	7.41355
2000	7.29595
2000	7.10544
2000	6.99252
2000	6.85026
2000	6.51119
2000	6.43887
2000	6.31686
2000	5.62398
2000	5.59916
2000	5.50736
2000	5.31871
2000	5.15424
2000	5.00394
2000	4.71426
2000	4.34485
2000	4.26857
2000	4.26455
2000	4.15122
2000	4.09538
2000	3.75285
2000	3.70306
2000	3.56069
2000	3.54726
2000	3.50107
2000	3.45795
2000	3.45262
2000	3.44634
2000	3.36219
2000	3.28065
2000	3.24359
2000	3.13428
2000	2.98466
2000	2.9649
2000	2.95107
2000	2.91414
2000	2.87128
2000	2.77398
2000	2.53846
2000	2.51009
2000	2.3838
2000	2.21123
2000	2.15153
2000	2.10826
2000	2.08104
2000	2.05658
2000	1.92014
2000	1.85101
2000	1.80679
2000	1.80277
2000	1.78719
2000	1.78511
2000	1.68536
2000	1.65022
2000	1.64858
2000	1.63633
2000	1.60936
2000	1.60678
2000	1.57462
2000	1.56551
2000	1.51811
2000	1.40118
2000	1.39979
2000	1.39371
2000	1.33104
2000	1.30693
2000	1.30423
2000	1.2643
2000	1.24526
2000	1.16174
2000	1.06094
2000	0.9969
2000	0.95775
2000	0.91835
2000	0.76623
2000	0.7516
2000	0.73623
2000	0.72425
2000	0.69362
2000	0.67652
2000	0.67384
2000	0.65973
2000	0.64779
2000	0.64128
2000	0.62097
2000	0.58764
2000	0.56677
2000	0.56412
2000	0.56108
2000	0.52154
2000	0.51092
2000	0.49769
2000	0.48319
2000	0.44141
2000	0.37227
2000	0.35551
2000	0.35548
2000	0.34331
2000	0.33248
2000	0.32459
2000	0.29719
2000	0.26633
2000	0.26383
2000	0.22888
2000	0.22887
2000	0.21183
2000	0.19042
2000	0.17792
2000	0.17464
2000	0.16682
2000	0.1632
2000	0.14295
2000	0.13666
2000	0.13175
2000	0.11806
2000	0.10482
2000	0.09636
2000	0.09211
2000	0.08424
2000	0.07958
2000	0.07628
2000	0.06038
2000	0.05729
2000	0.05402
2000	0.0286
2000	0.02544
2000	0.02224
2000	0.00318
2001	2473.32026
2001	662.6274
2001	657.89539
2001	370.41207
2001	361.21495
2001	281.22911
2001	281.09834
2001	273.39149
2001	263.22115
2001	262.01779
2001	260.11232
2001	243.98806
2001	234.43528
2001	208.54046
2001	195.59456
2001	177.74613
2001	157.34924
2001	124.31154
2001	117.8171
2001	110.38427
2001	109.64385
2001	93.38924
2001	84.41246
2001	77.25211
2001	77.19944
2001	70.86833
2001	70.53834
2001	66.18666
2001	64.1366
2001	62.93315
2001	61.51917
2001	57.27903
2001	52.61364
2001	50.87958
2001	50.35953
2001	49.72644
2001	44.44236
2001	44.3714
2001	43.5086
2001	39.96574
2001	39.67129
2001	39.48093
2001	38.75207
2001	38.51385
2001	36.97628
2001	35.95262
2001	33.27881
2001	32.93954
2001	32.41845
2001	32.10025
2001	30.39587
2001	30.23827
2001	29.15517
2001	28.54575
2001	27.54337
2001	27.26743
2001	26.49282
2001	26.20386
2001	23.28132
2001	22.92121
2001	21.39862
2001	20.7257
2001	19.32213
2001	18.65083
2001	18.22702
2001	18.04143
2001	18.00575
2001	16.10867
2001	15.46866
2001	14.72722
2001	13.96662
2001	13.6362
2001	13.48531
2001	13.30679
2001	12.94415
2001	12.32493
2001	12.28486
2001	11.7091
2001	11.07709
2001	10.92641
2001	10.7768
2001	10.51524
2001	9.53552
2001	8.96929
2001	8.05489
2001	7.99973
2001	7.8173
2001	7.56346
2001	7.46601
2001	7.43926
2001	7.22758
2001	6.29773
2001	6.10591
2001	5.79256
2001	5.69904
2001	5.53236
2001	5.22078
2001	5.17609
2001	5.11455
2001	5.02287
2001	4.86549
2001	4.32574
2001	4.23972
2001	4.00441
2001	3.96678
2001	3.94495
2001	3.66439
2001	3.56986
2001	3.55034
2001	3.49093
2001	3.46356
2001	3.45352
2001	3.4313
2001	3.42356
2001	3.33554
2001	3.24624
2001	3.23257
2001	3.21659
2001	3.17648
2001	3.05507
2001	2.95107
2001	2.8975
2001	2.65987
2001	2.60828
2001	2.53814
2001	2.5155
2001	2.4707
2001	2.38381
2001	2.16493
2001	2.11532
2001	2.05595
2001	1.95848
2001	1.87055
2001	1.83416
2001	1.79098
2001	1.75588
2001	1.73097
2001	1.70944
2001	1.69661
2001	1.65698
2001	1.65113
2001	1.65022
2001	1.60964
2001	1.5921
2001	1.57355
2001	1.49012
2001	1.43017
2001	1.42509
2001	1.39979
2001	1.39438
2001	1.38846
2001	1.38129
2001	1.31588
2001	1.31375
2001	1.3068
2001	1.24125
2001	1.07391
2001	1.00469
2001	0.99689
2001	0.95768
2001	0.93792
2001	0.86332
2001	0.83461
2001	0.77279
2001	0.76455
2001	0.75431
2001	0.74584
2001	0.72227
2001	0.68733
2001	0.67654
2001	0.67386
2001	0.60351
2001	0.57697
2001	0.56675
2001	0.5641
2001	0.51983
2001	0.51815
2001	0.51252
2001	0.49633
2001	0.46771
2001	0.39592
2001	0.35866
2001	0.35548
2001	0.34839
2001	0.34648
2001	0.33107
2001	0.29719
2001	0.2829
2001	0.26951
2001	0.23204
2001	0.21125
2001	0.20108
2001	0.19354
2001	0.17792
2001	0.17153
2001	0.17
2001	0.1632
2001	0.14612
2001	0.14295
2001	0.13678
2001	0.12545
2001	0.10482
2001	0.10183
2001	0.09954
2001	0.09209
2001	0.08421
2001	0.06993
2001	0.06038
2001	0.05729
2001	0.05402
2001	0.0286
2001	0.02544
2001	0.01661
2001	0.0127
2001	0.00318
2002	2471.5804
2002	692.68781
2002	642.62884
2002	358.13412
2002	354.69657
2002	300.5128
2002	276.55359
2002	266.25662
2002	264.88929
2002	263.23106
2002	253.49135
2002	245.62131
2002	232.66027
2002	211.25071
2002	199.9743
2002	188.87477
2002	165.76429
2002	124.93107
2002	124.64869
2002	119.32821
2002	107.93164
2002	102.73772
2002	86.89735
2002	83.42003
2002	80.19673
2002	74.24318
2002	73.2371
2002	68.94416
2002	64.39614
2002	62.03345
2002	57.91243
2002	56.57262
2002	51.47536
2002	51.46457
2002	49.09442
2002	46.43686
2002	46.25453
2002	43.94973
2002	40.49379
2002	40.3652
2002	39.89246
2002	39.26101
2002	38.62933
2002	38.09569
2002	35.73544
2002	34.97144
2002	34.93084
2002	33.28437
2002	33.09406
2002	32.9505
2002	30.65528
2002	30.5679
2002	29.94534
2002	29.71236
2002	27.70121
2002	27.2526
2002	27.07553
2002	26.78
2002	23.0349
2002	22.12132
2002	21.69036
2002	20.69899
2002	20.07275
2002	19.6735
2002	17.90533
2002	17.14337
2002	16.71951
2002	16.58867
2002	15.51517
2002	15.39772
2002	15.38886
2002	13.79315
2002	13.66599
2002	13.05693
2002	12.57499
2002	12.52351
2002	12.15381
2002	11.62448
2002	11.27599
2002	10.94556
2002	10.78855
2002	10.76771
2002	10.14742
2002	9.34784
2002	8.65922
2002	8.51813
2002	7.94782
2002	7.70212
2002	7.63816
2002	7.3332
2002	7.10124
2002	7.0778
2002	6.91723
2002	6.56812
2002	6.05369
2002	5.76319
2002	5.56381
2002	5.45678
2002	5.32461
2002	5.30157
2002	5.25674
2002	4.37378
2002	4.02884
2002	4.02844
2002	3.98217
2002	3.97882
2002	3.94038
2002	3.88786
2002	3.64427
2002	3.61242
2002	3.59775
2002	3.47324
2002	3.47204
2002	3.42089
2002	3.31686
2002	3.29718
2002	3.29071
2002	3.2905
2002	3.23507
2002	3.0852
2002	3.05756
2002	2.93537
2002	2.90014
2002	2.86499
2002	2.77316
2002	2.74804
2002	2.58938
2002	2.27581
2002	2.21985
2002	2.13115
2002	2.09615
2002	2.07955
2002	1.87387
2002	1.86624
2002	1.83436
2002	1.82171
2002	1.78739
2002	1.75743
2002	1.74761
2002	1.72474
2002	1.7093
2002	1.69207
2002	1.64149
2002	1.62422
2002	1.61605
2002	1.59251
2002	1.58088
2002	1.55938
2002	1.54845
2002	1.51257
2002	1.46217
2002	1.40881
2002	1.32903
2002	1.32468
2002	1.29214
2002	1.16707
2002	1.10354
2002	1.03522
2002	1.02068
2002	0.9577
2002	0.95384
2002	0.95001
2002	0.88326
2002	0.80791
2002	0.7996
2002	0.77635
2002	0.75575
2002	0.72381
2002	0.71518
2002	0.70955
2002	0.70018
2002	0.69475
2002	0.67388
2002	0.6209
2002	0.58335
2002	0.57366
2002	0.52142
2002	0.51417
2002	0.50293
2002	0.49646
2002	0.39961
2002	0.37304
2002	0.3699
2002	0.35487
2002	0.34654
2002	0.34383
2002	0.29723
2002	0.28931
2002	0.26952
2002	0.2335
2002	0.23204
2002	0.21128
2002	0.19992
2002	0.18429
2002	0.17798
2002	0.17154
2002	0.1697
2002	0.15248
2002	0.14933
2002	0.14473
2002	0.11443
2002	0.11139
2002	0.10483
2002	0.10306
2002	0.09527
2002	0.09057
2002	0.06993
2002	0.06039
2002	0.05729
2002	0.05403
2002	0.03178
2002	0.03171
2002	0.01284
2002	0.01271
2002	0.00318
2003	2518.36104
2003	716.91348
2003	679.24782
2003	368.23756
2003	354.96235
2003	295.09887
2003	281.29801
2003	274.15422
2003	268.43384
2003	267.79053
2003	252.05265
2003	249.63063
2003	234.23211
2003	229.21544
2003	220.99263
2003	197.42579
2003	166.50135
2003	133.26644
2003	126.73923
2003	119.7111
2003	114.6648
2003	102.18434
2003	95.15239
2003	83.14938
2003	80.84849
2003	72.60925
2003	71.51991
2003	67.60532
2003	66.73293
2003	65.1752
2003	62.68162
2003	54.71793
2003	51.67891
2003	51.06403
2003	49.40371
2003	48.39377
2003	44.74198
2003	43.58198
2003	43.14044
2003	42.51419
2003	42.34238
2003	41.03914
2003	38.88739
2003	38.62895
2003	36.41821
2003	35.70823
2003	35.06116
2003	32.73847
2003	32.23619
2003	31.74566
2003	31.72385
2003	31.61662
2003	31.47737
2003	28.97915
2003	28.37633
2003	28.15284
2003	27.90813
2003	26.23667
2003	24.45889
2003	22.28395
2003	22.03444
2003	21.96141
2003	21.07029
2003	20.18842
2003	19.99518
2003	17.11936
2003	16.65359
2003	16.4616
2003	16.06092
2003	15.78355
2003	15.63929
2003	14.57921
2003	13.93464
2003	13.21417
2003	13.07961
2003	12.62055
2003	12.61201
2003	12.1299
2003	12.01178
2003	11.46539
2003	11.3796
2003	10.77317
2003	9.80423
2003	9.56292
2003	9.3763
2003	8.47317
2003	8.25521
2003	8.14191
2003	7.98869
2003	7.97955
2003	7.49466
2003	7.19435
2003	6.98176
2003	6.75025
2003	6.24667
2003	6.07615
2003	5.94511
2003	5.71907
2003	5.60281
2003	5.43748
2003	5.40835
2003	4.65797
2003	4.41318
2003	4.18662
2003	4.18647
2003	4.18523
2003	4.14161
2003	4.07369
2003	4.02556
2003	3.99946
2003	3.99385
2003	3.92412
2003	3.73401
2003	3.57458
2003	3.54272
2003	3.49361
2003	3.37248
2003	3.33528
2003	3.27672
2003	3.15102
2003	3.02905
2003	3.01322
2003	3.01006
2003	2.92473
2003	2.81049
2003	2.71351
2003	2.58572
2003	2.43267
2003	2.4192
2003	2.35612
2003	2.24878
2003	2.17065
2003	2.15172
2003	2.12564
2003	2.05564
2003	1.93692
2003	1.909
2003	1.90413
2003	1.89824
2003	1.83301
2003	1.80298
2003	1.78661
2003	1.75467
2003	1.70908
2003	1.70261
2003	1.65886
2003	1.6413
2003	1.63937
2003	1.62367
2003	1.59229
2003	1.50542
2003	1.49104
2003	1.38067
2003	1.33072
2003	1.32903
2003	1.17794
2003	1.1728
2003	1.14136
2003	1.06798
2003	1.06565
2003	1.01689
2003	0.97499
2003	0.88556
2003	0.86951
2003	0.86066
2003	0.84879
2003	0.81536
2003	0.80711
2003	0.78574
2003	0.75867
2003	0.72359
2003	0.68019
2003	0.62721
2003	0.58648
2003	0.5736
2003	0.56133
2003	0.5568
2003	0.54611
2003	0.51923
2003	0.49623
2003	0.41538
2003	0.38809
2003	0.38254
2003	0.38244
2003	0.35924
2003	0.34376
2003	0.29718
2003	0.29237
2003	0.28758
2003	0.2695
2003	0.2384
2003	0.23815
2003	0.21121
2003	0.19989
2003	0.18587
2003	0.18429
2003	0.17786
2003	0.16968
2003	0.1588
2003	0.14927
2003	0.14471
2003	0.12085
2003	0.11751
2003	0.11438
2003	0.10302
2003	0.09525
2003	0.09055
2003	0.07628
2003	0.0699
2003	0.06036
2003	0.05728
2003	0.03177
2003	0.0317
2003	0.01284
2003	0.0127
2003	0.00318
2004	2608.57682
2004	850.1701
2004	644.3992
2004	381.28109
2004	348.4077
2004	305.97704
2004	293.29528
2004	276.10465
2004	268.60023
2004	259.51411
2004	255.46946
2004	252.48729
2004	240.15524
2004	240.02687
2004	228.5881
2004	211.31231
2004	175.13108
2004	130.79347
2004	128.47027
2004	122.6959
2004	113.39898
2004	111.75362
2004	97.44174
2004	86.76843
2004	83.04713
2004	74.48086
2004	73.43224
2004	72.96545
2004	69.47295
2004	63.74323
2004	62.80168
2004	57.57907
2004	52.96562
2004	50.15252
2004	49.29301
2004	49.23884
2004	47.88869
2004	47.02407
2004	46.02376
2004	43.34036
2004	43.23929
2004	40.29516
2004	39.08187
2004	38.60297
2004	38.3439
2004	36.97173
2004	35.78551
2004	33.89456
2004	33.79852
2004	33.04215
2004	32.13652
2004	31.5999
2004	31.35356
2004	31.2778
2004	30.04089
2004	27.47529
2004	27.11906
2004	27.04135
2004	26.54929
2004	24.07496
2004	22.25592
2004	22.09406
2004	21.70405
2004	21.31611
2004	21.23862
2004	17.66348
2004	16.7766
2004	16.65126
2004	16.55822
2004	16.02646
2004	15.46436
2004	15.23905
2004	14.50783
2004	14.14732
2004	13.56055
2004	13.50679
2004	12.84338
2004	12.37566
2004	11.77557
2004	11.50448
2004	11.39773
2004	10.88977
2004	10.75862
2004	9.77644
2004	9.76182
2004	9.14805
2004	8.9538
2004	8.83408
2004	8.60989
2004	8.50476
2004	7.43729
2004	7.27278
2004	7.21408
2004	7.06758
2004	6.60078
2004	6.49114
2004	6.40475
2004	6.10747
2004	6.02033
2004	5.79775
2004	5.53572
2004	4.91898
2004	4.85513
2004	4.36306
2004	4.34533
2004	4.28478
2004	4.25074
2004	4.20878
2004	4.20804
2004	4.20696
2004	4.10522
2004	4.03718
2004	4.01411
2004	3.95539
2004	3.90853
2004	3.83139
2004	3.79327
2004	3.75238
2004	3.37466
2004	3.35192
2004	3.16557
2004	2.98241
2004	2.894
2004	2.67905
2004	2.6386
2004	2.6371
2004	2.63305
2004	2.60444
2004	2.56566
2004	2.40003
2004	2.31972
2004	2.26541
2004	2.24273
2004	2.1986
2004	2.09551
2004	1.99515
2004	1.9915
2004	1.97488
2004	1.96544
2004	1.96239
2004	1.94281
2004	1.93923
2004	1.9113
2004	1.88374
2004	1.87254
2004	1.86015
2004	1.81791
2004	1.79006
2004	1.75521
2004	1.74775
2004	1.72787
2004	1.66909
2004	1.6085
2004	1.5364
2004	1.35067
2004	1.32907
2004	1.16062
2004	1.15819
2004	1.10034
2004	1.0394
2004	1.02815
2004	0.98012
2004	0.90596
2004	0.89833
2004	0.89517
2004	0.85777
2004	0.81857
2004	0.76347
2004	0.76279
2004	0.75014
2004	0.72577
2004	0.68859
2004	0.64956
2004	0.60643
2004	0.60285
2004	0.59469
2004	0.59272
2004	0.57365
2004	0.52886
2004	0.49759
2004	0.38617
2004	0.38366
2004	0.38157
2004	0.3746
2004	0.36954
2004	0.32462
2004	0.3027
2004	0.29752
2004	0.29721
2004	0.29636
2004	0.26956
2004	0.24205
2004	0.2384
2004	0.21179
2004	0.19721
2004	0.19066
2004	0.18734
2004	0.17298
2004	0.15736
2004	0.15563
2004	0.15258
2004	0.13021
2004	0.12391
2004	0.10804
2004	0.10593
2004	0.09531
2004	0.09395
2004	0.08895
2004	0.08263
2004	0.06671
2004	0.06365
2004	0.03505
2004	0.03176
2004	0.01284
2004	0.00953
2004	0.00318
2005	2627.64045
2005	888.57831
2005	645.95404
2005	383.03287
2005	346.37098
2005	314.15478
2005	300.81788
2005	288.06656
2005	267.16908
2005	265.42035
2005	265.19415
2005	245.48396
2005	245.19326
2005	238.59888
2005	232.38771
2005	215.25736
2005	183.60807
2005	141.62666
2005	136.85041
2005	124.52823
2005	120.87537
2005	115.66188
2005	97.75809
2005	89.48116
2005	81.71439
2005	78.7649
2005	78.08508
2005	76.70338
2005	71.92946
2005	69.4893
2005	64.4114
2005	58.21069
2005	57.28808
2005	51.79302
2005	50.77316
2005	49.17118
2005	49.05523
2005	48.57787
2005	46.98935
2005	45.38736
2005	44.92418
2005	43.02077
2005	40.71064
2005	38.88988
2005	38.57397
2005	37.36072
2005	36.74294
2005	36.45946
2005	36.37459
2005	33.33941
2005	32.95621
2005	31.11726
2005	30.97794
2005	30.78875
2005	28.35343
2005	27.53631
2005	27.37801
2005	27.19939
2005	27.08476
2005	24.34142
2005	23.17524
2005	22.25807
2005	22.02759
2005	21.99713
2005	20.8553
2005	17.98059
2005	17.37638
2005	16.96575
2005	16.22039
2005	15.82632
2005	15.621
2005	15.13034
2005	14.52953
2005	14.23535
2005	13.78761
2005	13.51045
2005	13.09298
2005	12.6335
2005	12.36544
2005	11.57798
2005	11.41242
2005	11.09701
2005	10.89153
2005	10.81542
2005	10.12527
2005	9.92928
2005	9.53569
2005	9.53394
2005	9.23097
2005	8.68385
2005	8.48946
2005	7.82332
2005	7.23262
2005	7.08423
2005	6.88964
2005	6.8412
2005	6.53389
2005	6.48169
2005	6.20753
2005	6.10335
2005	5.56238
2005	5.26443
2005	5.06635
2005	4.91423
2005	4.67704
2005	4.57928
2005	4.50537
2005	4.49106
2005	4.40112
2005	4.37765
2005	4.25209
2005	4.12885
2005	4.07649
2005	4.03986
2005	3.97395
2005	3.92918
2005	3.68942
2005	3.56517
2005	3.41366
2005	3.20133
2005	3.162
2005	3.08428
2005	3.0302
2005	2.91751
2005	2.71849
2005	2.65387
2005	2.59908
2005	2.58003
2005	2.52662
2005	2.52598
2005	2.48362
2005	2.3617
2005	2.34109
2005	2.27167
2005	2.27052
2005	2.12462
2005	2.07825
2005	2.06358
2005	1.99885
2005	1.98353
2005	1.9785
2005	1.97366
2005	1.97127
2005	1.96631
2005	1.92162
2005	1.91707
2005	1.91627
2005	1.87035
2005	1.84442
2005	1.83477
2005	1.75899
2005	1.70416
2005	1.69089
2005	1.68655
2005	1.47129
2005	1.38058
2005	1.31956
2005	1.15811
2005	1.10357
2005	1.06083
2005	1.05018
2005	1.04849
2005	0.96631
2005	0.95388
2005	0.92131
2005	0.88168
2005	0.81851
2005	0.81206
2005	0.73378
2005	0.71954
2005	0.71844
2005	0.6929
2005	0.6525
2005	0.64892
2005	0.64686
2005	0.60847
2005	0.60237
2005	0.602
2005	0.53687
2005	0.49623
2005	0.40687
2005	0.39708
2005	0.39579
2005	0.37576
2005	0.37063
2005	0.30883
2005	0.30512
2005	0.30507
2005	0.30484
2005	0.29715
2005	0.25455
2005	0.2543
2005	0.2478
2005	0.22677
2005	0.20968
2005	0.20761
2005	0.19864
2005	0.17615
2005	0.16515
2005	0.16196
2005	0.1588
2005	0.14617
2005	0.13657
2005	0.11231
2005	0.10009
2005	0.09843
2005	0.09531
2005	0.0924
2005	0.08264
2005	0.07001
2005	0.06989
2005	0.03813
2005	0.03807
2005	0.01284
2005	0.0127
2005	0.00413
2006	2602.50764
2006	927.9166
2006	622.28106
2006	367.81976
2006	349.20805
2006	344.89237
2006	301.3597
2006	281.3954
2006	274.6988
2006	263.05172
2006	261.90423
2006	244.08065
2006	244.00798
2006	231.44595
2006	227.18409
2006	221.03467
2006	175.27989
2006	142.62794
2006	127.16551
2006	127.11385
2006	126.92727
2006	117.27457
2006	93.05931
2006	89.41325
2006	85.46452
2006	84.53407
2006	78.69981
2006	74.3584
2006	71.94724
2006	71.47119
2006	69.06457
2006	67.20643
2006	60.05713
2006	55.18943
2006	51.32774
2006	50.77719
2006	48.1525
2006	47.45763
2006	46.61662
2006	41.24265
2006	41.11301
2006	39.40619
2006	39.37007
2006	39.08574
2006	38.69686
2006	38.50709
2006	37.84839
2006	36.16939
2006	36.08282
2006	33.38905
2006	32.91445
2006	31.49121
2006	31.4868
2006	30.16472
2006	29.78082
2006	29.34133
2006	28.41181
2006	27.23049
2006	26.04775
2006	25.20922
2006	24.15464
2006	24.12864
2006	23.08539
2006	22.32279
2006	20.96307
2006	18.97605
2006	18.93683
2006	17.87241
2006	16.58445
2006	15.95587
2006	15.64445
2006	14.98933
2006	14.83821
2006	14.45146
2006	14.17685
2006	13.86875
2006	13.36805
2006	12.88834
2006	12.5526
2006	12.50588
2006	12.39016
2006	12.32418
2006	11.98858
2006	11.84639
2006	11.65204
2006	11.55621
2006	11.03984
2006	10.12163
2006	10.11537
2006	9.20925
2006	9.17589
2006	8.10085
2006	7.89949
2006	7.83424
2006	7.14405
2006	7.1266
2006	6.90002
2006	6.68283
2006	6.45023
2006	6.23168
2006	6.04118
2006	5.58954
2006	5.42127
2006	5.35784
2006	5.21591
2006	5.15636
2006	4.9047
2006	4.78486
2006	4.4832
2006	4.47567
2006	4.45767
2006	4.4192
2006	4.28126
2006	4.02542
2006	3.85899
2006	3.83448
2006	3.78331
2006	3.68433
2006	3.66012
2006	3.27886
2006	3.0496
2006	3.00678
2006	2.94229
2006	2.89808
2006	2.89097
2006	2.83296
2006	2.7852
2006	2.73934
2006	2.46378
2006	2.3803
2006	2.33147
2006	2.31904
2006	2.29932
2006	2.29511
2006	2.26991
2006	2.25959
2006	2.19728
2006	2.19169
2006	2.17861
2006	2.09414
2006	2.0928
2006	2.08481
2006	2.05737
2006	2.02972
2006	2.02891
2006	2.02165
2006	2.00928
2006	1.98884
2006	1.91606
2006	1.90862
2006	1.80374
2006	1.68
2006	1.65646
2006	1.59766
2006	1.43095
2006	1.37264
2006	1.27036
2006	1.24786
2006	1.19843
2006	1.19824
2006	1.14527
2006	1.13017
2006	1.11547
2006	1.02381
2006	1.0091
2006	0.96806
2006	0.83188
2006	0.8265
2006	0.81798
2006	0.78669
2006	0.76306
2006	0.74435
2006	0.65485
2006	0.6528
2006	0.64431
2006	0.64298
2006	0.61509
2006	0.61051
2006	0.60258
2006	0.55525
2006	0.46243
2006	0.44562
2006	0.40392
2006	0.39057
2006	0.37762
2006	0.36025
2006	0.32473
2006	0.32429
2006	0.3083
2006	0.30074
2006	0.29244
2006	0.2695
2006	0.26042
2006	0.2543
2006	0.23462
2006	0.22546
2006	0.19378
2006	0.19231
2006	0.18113
2006	0.18106
2006	0.17298
2006	0.16514
2006	0.16197
2006	0.16041
2006	0.11758
2006	0.11452
2006	0.10789
2006	0.10166
2006	0.09691
2006	0.08581
2006	0.07625
2006	0.07469
2006	0.04129
2006	0.03805
2006	0.01238
2006	0.01176
2006	0.00477
2007	2603.15138
2007	959.17748
2007	598.60841
2007	353.56208
2007	328.36931
2007	315.00581
2007	308.86763
2007	291.54601
2007	287.61007
2007	282.45146
2007	250.10953
2007	238.84292
2007	235.06212
2007	233.70283
2007	230.34848
2007	215.8669
2007	172.75114
2007	131.8385
2007	129.44157
2007	127.25876
2007	127.22868
2007	104.85174
2007	95.26195
2007	90.77959
2007	88.54025
2007	86.17735
2007	83.87088
2007	80.98106
2007	77.34449
2007	74.93112
2007	73.50196
2007	68.16584
2007	63.23617
2007	59.12057
2007	51.02943
2007	50.04942
2007	47.32103
2007	45.76498
2007	45.16252
2007	41.02164
2007	40.36695
2007	39.58976
2007	39.55033
2007	39.35511
2007	39.30205
2007	38.33425
2007	37.21848
2007	37.06776
2007	34.53017
2007	33.39287
2007	32.68429
2007	32.11731
2007	29.65686
2007	29.18844
2007	28.97674
2007	28.88109
2007	28.44691
2007	27.56054
2007	25.41646
2007	24.90653
2007	24.10169
2007	23.32756
2007	23.03221
2007	22.47566
2007	21.66304
2007	18.54596
2007	18.516
2007	16.17629
2007	15.73821
2007	15.07649
2007	14.76079
2007	14.74716
2007	14.61517
2007	14.48091
2007	13.94805
2007	13.86461
2007	13.75926
2007	13.14751
2007	12.87076
2007	12.41426
2007	12.36422
2007	12.03289
2007	11.97678
2007	11.30536
2007	10.94157
2007	10.82505
2007	10.67679
2007	10.42654
2007	10.12132
2007	9.24499
2007	9.16842
2007	9.13269
2007	7.9574
2007	7.79488
2007	7.78295
2007	7.2388
2007	6.85507
2007	6.84595
2007	6.77291
2007	6.32433
2007	6.07909
2007	6.01372
2007	5.70997
2007	5.64124
2007	5.44648
2007	5.13505
2007	5.08554
2007	4.66166
2007	4.62768
2007	4.622
2007	4.50998
2007	4.31846
2007	4.29497
2007	4.25668
2007	4.20535
2007	4.05411
2007	3.7319
2007	3.70564
2007	3.39792
2007	3.39221
2007	3.36548
2007	3.29473
2007	3.10463
2007	3.02446
2007	2.94511
2007	2.89378
2007	2.7864
2007	2.72114
2007	2.71455
2007	2.55256
2007	2.49023
2007	2.48112
2007	2.47748
2007	2.46868
2007	2.35085
2007	2.30844
2007	2.29791
2007	2.27022
2007	2.26329
2007	2.2177
2007	2.16351
2007	2.16124
2007	2.1178
2007	2.10983
2007	2.10671
2007	2.0496
2007	2.03914
2007	2.02271
2007	1.99605
2007	1.98819
2007	1.98027
2007	1.89778
2007	1.64784
2007	1.59297
2007	1.38072
2007	1.37166
2007	1.35532
2007	1.31837
2007	1.31769
2007	1.24547
2007	1.07343
2007	1.04743
2007	1.0286
2007	1.01446
2007	1.00913
2007	0.9805
2007	0.93243
2007	0.86172
2007	0.82917
2007	0.7509
2007	0.74268
2007	0.71094
2007	0.70135
2007	0.68008
2007	0.67137
2007	0.66956
2007	0.66175
2007	0.65556
2007	0.631
2007	0.59981
2007	0.5318
2007	0.52843
2007	0.40961
2007	0.40943
2007	0.40445
2007	0.40246
2007	0.35731
2007	0.34454
2007	0.3374
2007	0.33461
2007	0.30918
2007	0.28345
2007	0.26712
2007	0.26138
2007	0.25779
2007	0.24837
2007	0.24476
2007	0.23841
2007	0.21811
2007	0.2133
2007	0.19613
2007	0.18639
2007	0.17647
2007	0.16587
2007	0.1446
2007	0.13358
2007	0.12125
2007	0.11152
2007	0.11116
2007	0.08914
2007	0.08302
2007	0.07311
2007	0.07011
2007	0.04768
2007	0.04138
2007	0.01275
2007	0.00509
2008	2443.54065
2008	995.19634
2008	574.34596
2008	372.40259
2008	339.64365
2008	332.38303
2008	321.79244
2008	283.47567
2008	283.26971
2008	277.63048
2008	267.90177
2008	239.01637
2008	237.62605
2008	227.40118
2008	224.36707
2008	206.40482
2008	176.84233
2008	138.42047
2008	131.13235
2008	126.10094
2008	121.49411
2008	105.0171
2008	99.08136
2008	96.42497
2008	92.60482
2008	89.92338
2008	84.66324
2008	78.98331
2008	78.27138
2008	77.41374
2008	73.70226
2008	64.97668
2008	64.73138
2008	59.69908
2008	53.47209
2008	46.83296
2008	45.69032
2008	45.12424
2008	42.68132
2008	42.39221
2008	41.79489
2008	40.55864
2008	40.49529
2008	39.33017
2008	39.28237
2008	38.95867
2008	38.30472
2008	37.14757
2008	35.96839
2008	33.79652
2008	33.41014
2008	31.00311
2008	29.25375
2008	29.24877
2008	28.5882
2008	28.552
2008	27.58007
2008	27.02032
2008	26.55667
2008	25.32042
2008	24.83231
2008	24.74248
2008	23.90461
2008	22.83519
2008	22.25143
2008	21.87188
2008	18.26731
2008	16.35108
2008	16.16067
2008	15.42945
2008	15.10483
2008	14.88648
2008	14.7368
2008	14.49988
2008	14.2072
2008	14.14534
2008	13.66102
2008	13.54732
2008	12.93401
2008	12.43827
2008	12.24569
2008	12.10186
2008	11.88383
2008	10.78335
2008	10.74989
2008	10.68674
2008	10.59241
2008	10.45888
2008	9.86084
2008	9.70697
2008	9.51201
2008	9.0939
2008	8.37053
2008	8.09608
2008	7.85818
2008	7.49951
2008	7.38905
2008	7.28788
2008	6.76625
2008	6.42447
2008	6.18893
2008	5.93183
2008	5.69512
2008	5.5945
2008	5.49224
2008	5.26059
2008	5.14325
2008	5.07692
2008	4.89406
2008	4.55158
2008	4.31755
2008	4.29366
2008	4.24971
2008	4.22085
2008	4.17976
2008	4.06097
2008	3.91118
2008	3.82674
2008	3.43334
2008	3.38651
2008	3.35844
2008	3.34001
2008	3.17696
2008	3.14593
2008	3.07491
2008	3.01014
2008	2.82325
2008	2.78262
2008	2.75747
2008	2.74497
2008	2.67502
2008	2.58447
2008	2.45345
2008	2.39395
2008	2.3552
2008	2.35198
2008	2.34417
2008	2.31872
2008	2.25942
2008	2.24754
2008	2.23882
2008	2.17874
2008	2.15661
2008	2.1371
2008	2.12075
2008	2.01095
2008	2.00563
2008	1.96576
2008	1.95248
2008	1.90993
2008	1.81444
2008	1.77352
2008	1.70509
2008	1.52034
2008	1.42913
2008	1.38475
2008	1.3519
2008	1.34601
2008	1.34309
2008	1.26054
2008	1.07264
2008	1.07222
2008	1.05598
2008	1.03903
2008	1.0274
2008	0.99214
2008	0.88832
2008	0.86831
2008	0.86754
2008	0.75025
2008	0.7289
2008	0.72452
2008	0.70006
2008	0.6997
2008	0.69074
2008	0.67464
2008	0.66442
2008	0.65897
2008	0.64293
2008	0.6417
2008	0.59107
2008	0.48557
2008	0.46167
2008	0.43136
2008	0.43082
2008	0.37834
2008	0.35525
2008	0.352
2008	0.33991
2008	0.32451
2008	0.3146
2008	0.30174
2008	0.29446
2008	0.28688
2008	0.27314
2008	0.26439
2008	0.26181
2008	0.23982
2008	0.22975
2008	0.22615
2008	0.20155
2008	0.18592
2008	0.18306
2008	0.1769
2008	0.13523
2008	0.12709
2008	0.11966
2008	0.11827
2008	0.11722
2008	0.09267
2008	0.09159
2008	0.09059
2008	0.07776
2008	0.04578
2008	0.04369
2008	0.01355
2008	0.00544
2009	2320
2009	1059.74342
2009	511.37503
2009	392.6007
2009	337.33199
2009	333.55685
2009	305.32621
2009	284.34676
2009	275.098
2009	271.73724
2009	260.82157
2009	235.26
2009	229.06566
2009	212.76937
2009	212.71395
2009	210.49738
2009	178.53191
2009	137.38306
2009	130.10693
2009	127.04703
2009	120.87937
2009	106.88848
2009	98.34798
2009	94.9692
2009	93.44978
2009	84.05637
2009	76.81741
2009	76.4266
2009	76.17733
2009	75.7208
2009	72.39398
2009	64.89577
2009	62.05265
2009	61.40035
2009	59.02557
2009	51.64993
2009	45.39395
2009	44.97885
2009	43.92296
2009	43.86259
2009	41.84394
2009	39.74898
2009	39.29424
2009	39.28384
2009	39.22981
2009	38.98202
2009	37.31694
2009	37.30412
2009	34.80075
2009	33.55292
2009	33.38099
2009	29.30283
2009	28.23756
2009	27.94626
2009	27.53294
2009	27.18747
2009	26.87135
2009	25.97841
2009	25.75448
2009	25.54063
2009	25.15544
2009	24.90725
2009	24.85005
2009	24.67427
2009	22.23193
2009	22.17778
2009	17.9059
2009	17.39595
2009	17.21791
2009	16.6236
2009	15.04829
2009	15.01044
2009	14.90584
2009	14.6655
2009	14.38556
2009	14.09607
2009	13.68992
2009	13.37642
2009	12.94618
2009	12.54077
2009	12.48685
2009	12.02364
2009	11.95988
2009	11.08289
2009	10.62633
2009	10.26489
2009	10.16299
2009	10.00585
2009	9.93792
2009	9.67155
2009	9.38871
2009	8.79615
2009	8.09954
2009	7.83492
2009	7.70185
2009	7.65575
2009	7.598
2009	7.10258
2009	6.88336
2009	6.48433
2009	6.32958
2009	5.93183
2009	5.63677
2009	5.55285
2009	5.55274
2009	5.44329
2009	5.27513
2009	5.23557
2009	5.19994
2009	4.60035
2009	4.55326
2009	4.37652
2009	4.357
2009	4.16335
2009	3.98229
2009	3.96847
2009	3.92644
2009	3.91593
2009	3.52197
2009	3.50445
2009	3.38913
2009	3.22134
2009	3.15865
2009	3.14101
2009	3.10069
2009	3.0955
2009	2.99612
2009	2.9026
2009	2.89747
2009	2.82325
2009	2.60978
2009	2.6068
2009	2.5024
2009	2.43245
2009	2.42425
2009	2.38192
2009	2.31872
2009	2.30352
2009	2.30039
2009	2.29249
2009	2.23289
2009	2.19766
2009	2.12075
2009	2.08435
2009	2.0816
2009	2.06462
2009	2.03058
2009	1.90708
2009	1.88568
2009	1.83532
2009	1.76389
2009	1.75591
2009	1.71221
2009	1.52034
2009	1.45365
2009	1.42913
2009	1.4139
2009	1.33469
2009	1.33017
2009	1.28593
2009	1.1291
2009	1.11997
2009	1.1169
2009	1.08967
2009	1.06846
2009	0.98287
2009	0.91895
2009	0.91401
2009	0.89746
2009	0.78151
2009	0.77543
2009	0.74474
2009	0.74437
2009	0.72452
2009	0.70576
2009	0.68931
2009	0.68826
2009	0.67919
2009	0.67551
2009	0.62864
2009	0.61114
2009	0.46167
2009	0.44443
2009	0.43655
2009	0.43082
2009	0.42844
2009	0.38261
2009	0.36946
2009	0.33926
2009	0.3146
2009	0.31105
2009	0.30349
2009	0.30054
2009	0.29557
2009	0.29446
2009	0.2909
2009	0.28737
2009	0.28719
2009	0.26605
2009	0.25393
2009	0.20282
2009	0.15504
2009	0.15099
2009	0.15025
2009	0.14957
2009	0.14784
2009	0.14742
2009	0.1471
2009	0.14652
2009	0.14121
2009	0.14082
2009	0.10685
2009	0.07776
2009	0.04578
2009	0.04369
2009	0.01506
2009	0.0056
2010	2351
2010	1165.71776
2010	514.76044
2010	406.72726
2010	356.68878
2010	346.20626
2010	309.90601
2010	306.3085
2010	284.36959
2010	281.77347
2010	252.95294
2010	239.24746
2010	226.3141
2010	216.29827
2010	208.78199
2010	207.19409
2010	182.15624
2010	155.69119
2010	133.54886
2010	131.22226
2010	123.40038
2010	111.524
2010	103.12968
2010	101.97193
2010	96.59811
2010	80.01585
2010	79.84968
2010	79.09264
2010	78.83844
2010	75.98289
2010	67.62808
2010	63.41094
2010	60.87971
2010	57.56242
2010	56.16949
2010	51.52701
2010	50.31197
2010	44.93309
2010	44.54774
2010	43.92398
2010	42.67365
2010	40.83671
2010	40.77193
2010	39.1687
2010	38.72222
2010	38.10396
2010	38.07931
2010	37.7464
2010	34.87159
2010	34.48907
2010	34.41282
2010	31.93858
2010	30.20656
2010	26.98773
2010	26.61514
2010	26.26728
2010	25.80774
2010	25.71272
2010	25.63849
2010	25.59744
2010	25.12858
2010	24.99275
2010	24.06124
2010	22.83101
2010	22.51608
2010	22.09796
2010	22.03152
2010	18.48607
2010	16.81526
2010	16.54009
2010	15.82567
2010	15.78985
2010	15.27171
2010	14.97103
2010	14.49489
2010	13.7905
2010	13.68992
2010	13.57354
2010	13.51432
2010	12.00646
2010	11.9499
2010	11.66129
2010	11.40387
2010	10.97811
2010	10.33984
2010	10.29587
2010	9.97599
2010	9.93792
2010	9.4212
2010	9.23728
2010	9.18869
2010	8.93802
2010	8.81609
2010	8.06318
2010	7.96823
2010	7.72785
2010	7.71056
2010	7.10258
2010	6.73996
2010	6.61089
2010	6.48363
2010	6.09527
2010	5.99123
2010	5.8909
2010	5.8559
2010	5.8117
2010	5.60471
2010	5.57299
2010	5.40701
2010	5.08985
2010	4.7927
2010	4.75001
2010	4.62594
2010	4.39366
2010	4.0534
2010	3.90761
2010	3.78961
2010	3.65047
2010	3.58989
2010	3.51419
2010	3.38913
2010	3.38195
2010	3.3604
2010	3.16644
2010	3.11385
2010	3.05341
2010	2.96441
2010	2.93498
2010	2.88967
2010	2.88718
2010	2.84631
2010	2.76973
2010	2.6034
2010	2.58822
2010	2.53736
2010	2.5024
2010	2.49535
2010	2.47207
2010	2.44416
2010	2.43245
2010	2.4141
2010	2.35185
2010	2.34298
2010	2.31872
2010	2.22811
2010	2.10154
2010	2.09283
2010	2.01431
2010	1.90224
2010	1.68719
2010	1.64134
2010	1.59902
2010	1.52034
2010	1.5132
2010	1.45738
2010	1.45107
2010	1.44107
2010	1.39204
2010	1.37102
2010	1.33469
2010	1.28593
2010	1.24534
2010	1.241
2010	1.2211
2010	1.20437
2010	1.11997
2010	0.98051
2010	0.91895
2010	0.89746
2010	0.89369
2010	0.86942
2010	0.81281
2010	0.79824
2010	0.74437
2010	0.73859
2010	0.71877
2010	0.68882
2010	0.67551
2010	0.64876
2010	0.57149
2010	0.55558
2010	0.5278
2010	0.46167
2010	0.43082
2010	0.42934
2010	0.39531
2010	0.39214
2010	0.35899
2010	0.33256
2010	0.3146
2010	0.31105
2010	0.30349
2010	0.30198
2010	0.29446
2010	0.29103
2010	0.2909
2010	0.28214
2010	0.27347
2010	0.27141
2010	0.26684
2010	0.22736
2010	0.21972
2010	0.15504
2010	0.15264
2010	0.15025
2010	0.14957
2010	0.14784
2010	0.14742
2010	0.1471
2010	0.14652
2010	0.14121
2010	0.08284
2010	0.04578
2010	0.04369
2010	0.03888
2010	0.01506
2010	0.00622
