1975	25110.635
1975	21707.212
1975	18975.026
1975	16782.218
1975	13214.705
1975	11903.031
1975	11107.603
1975	11086.553
1975	10004.179
1975	9150.465
1975	5758.07
1975	5306.646
1975	5079.338
1975	4979.151
1975	4724.271
1975	4497.264
1975	4430.047
1975	4210.246
1975	3845.266
1975	3842.75
1975	3503.516
1975	3002.597
1975	2857.5
1975	2823.461
1975	2581.551
1975	2320.59
1975	2190.74
1975	2172.164
1975	1984.541
1975	1857.854
1975	1803.015
1975	1721.84
1975	1462.003
1975	1435.452
1975	1428.598
1975	1372.46
1975	1110.705
1975	1092.441
1975	1065.843
1975	1035.909
1975	1026.978
1975	960.084
1975	958.088
1975	873.233
1975	821.454
1975	807.908
1975	721.185
1975	691.77
1975	683.201
1975	680.182
1975	632.11
1975	609.896
1975	609.779
1975	596.548
1975	586.749
1975	584.391
1975	579.683
1975	578.212
1975	548.251
1975	544.107
1975	520.378
1975	492.905
1975	464.253
1975	419.171
1975	396.913
1975	385.376
1975	353.624
1975	323.271
1975	319.61
1975	315.469
1975	309.274
1975	302.084
1975	294.354
1975	278.078
1975	268.855
1975	268.71
1975	263.208
1975	252.834
1975	232.855
1975	228.56
1975	220.655
1975	213.606
1975	213.208
1975	203.64
1975	193.59
1975	171.231
1975	156.528
1975	152.306
1975	148.245
1975	146.644
1975	144.408
1975	141.277
1975	131.084
1975	120.588
1975	111.163
1975	110.922
1975	104.717
1975	97.652
1975	97.174
1975	91.944
1975	89.159
1975	87.777
1975	80.873
1975	78.813
1975	78.191
1975	71.601
1975	71.446
1975	69.155
1975	62.134
1975	60.916
1975	59.749
1975	56.546
1975	54.825
1975	54.08
1975	51.688
1975	49.365
1975	48.534
1975	45.243
1975	44.764
1975	43.945
1975	37.4
1975	36.585
1975	33.036
1975	32.468
1975	29.879
1975	26.767
1975	23.155
1975	22.581
1975	22.262
1975	22.251
1975	20.761
1975	18.468
1975	17.329
1975	15.707
1975	15.707
1975	15.38
1975	12.986
1975	10.349
1975	10.044
1975	9.137
1975	8.975
1975	8.102
1975	7.94
1975	7.789
1975	7.605
1975	7.159
1975	6.731
1975	6.731
1975	6.056
1975	5.534
1975	4.81
1975	4.476
1975	4.262
1975	4.018
1975	3.955
1975	3.606
1975	3.502
1975	3.266
1975	3.201
1975	2.504
1975	2.076
1975	2.041
1975	1.855
1975	1.855
1975	1.855
1975	1.537
1975	1.206
1975	1.077
1976	25110.635
1976	18975.026
1976	18880.497
1976	16748.734
1976	13214.705
1976	12442.898
1976	11720.07
1976	11227.362
1976	10285.888
1976	9168.87
1976	5758.07
1976	5327.872
1976	5032.336
1976	4979.151
1976	4873.513
1976	4647.173
1976	4539.554
1976	4204.699
1976	3905.411
1976	3796.063
1976	3568.396
1976	2987.986
1976	2890.535
1976	2865.603
1976	2585.171
1976	2357.077
1976	2306.043
1976	2148.489
1976	2032.323
1976	1819.395
1976	1803.015
1976	1721.84
1976	1468.095
1976	1456.877
1976	1428.598
1976	1378.326
1976	1124.571
1976	1113.583
1976	1098.873
1976	1077.062
1976	1032.366
1976	980.197
1976	965.389
1976	940.405
1976	880.878
1976	807.908
1976	721.185
1976	702.345
1976	691.886
1976	691.77
1976	684.368
1976	624.417
1976	613.18
1976	606.372
1976	596.548
1976	594.722
1976	584.391
1976	578.212
1976	558.209
1976	548.251
1976	517.968
1976	507.449
1976	473.632
1976	452.35
1976	423.163
1976	402.61
1976	353.624
1976	319.61
1976	316.87
1976	309.274
1976	302.084
1976	300.623
1976	294.354
1976	284.987
1976	278.078
1976	271.835
1976	263.208
1976	255.809
1976	234.916
1976	228.56
1976	220.655
1976	213.606
1976	213.208
1976	193.59
1976	173.412
1976	171.231
1976	157.984
1976	156.528
1976	152.306
1976	149.404
1976	146.644
1976	144.408
1976	127.541
1976	120.588
1976	114.535
1976	114.061
1976	111.163
1976	97.652
1976	97.174
1976	91.944
1976	87.777
1976	87.262
1976	80.984
1976	80.873
1976	78.813
1976	71.601
1976	71.446
1976	71.131
1976	62.894
1976	62.134
1976	60.916
1976	60.916
1976	54.642
1976	54.08
1976	49.893
1976	49.365
1976	48.534
1976	47.561
1976	45.243
1976	43.945
1976	36.585
1976	33.821
1976	33.036
1976	32.725
1976	29.879
1976	26.767
1976	25.959
1976	23.155
1976	22.581
1976	22.262
1976	20.761
1976	18.468
1976	17.951
1976	17.329
1976	16.234
1976	15.707
1976	12.986
1976	10.349
1976	10.044
1976	9.137
1976	8.975
1976	8.949
1976	8.102
1976	7.94
1976	7.789
1976	7.605
1976	6.731
1976	6.731
1976	6.056
1976	5.534
1976	5.358
1976	5.335
1976	5.274
1976	5.253
1976	4.81
1976	4.476
1976	4.262
1976	3.606
1976	3.266
1976	2.504
1976	2.076
1976	2.041
1976	1.855
1976	1.855
1976	1.855
1976	1.537
1976	1.206
1976	1.077
1977	25110.635
1977	18975.026
1977	18565.056
1977	16654.979
1977	13214.705
1977	12893.714
1977	12670.346
1977	11287.241
1977	10567.596
1977	9128.992
1977	5741.581
1977	5349.099
1977	4979.151
1977	4922.665
1977	4916.398
1977	4797.082
1977	4176.964
1977	4011.93
1977	3965.556
1977	3749.375
1977	3633.276
1977	2973.375
1977	2923.569
1977	2907.744
1977	2603.275
1977	2536.647
1977	2386.267
1977	2089.661
1977	2077.464
1977	1803.015
1977	1786.853
1977	1721.84
1977	1517.885
1977	1496.666
1977	1387.123
1977	1352.353
1977	1135.602
1977	1124.571
1977	1088.282
1977	1081.931
1977	1038.832
1977	1010.677
1977	980.197
1977	975.997
1977	954.285
1977	807.908
1977	739.478
1977	721.185
1977	715.115
1977	694.781
1977	667.625
1977	650.555
1977	639.61
1977	615.23
1977	604.853
1977	596.548
1977	584.391
1977	578.212
1977	571.136
1977	558.68
1977	548.251
1977	497.753
1977	480.666
1977	467.721
1977	425.825
1977	406.408
1977	353.624
1977	319.61
1977	310.468
1977	309.274
1977	302.084
1977	295.741
1977	294.354
1977	293.2
1977	278.078
1977	274.959
1977	263.208
1977	255.809
1977	236.976
1977	235.365
1977	228.56
1977	213.606
1977	213.208
1977	193.59
1977	171.821
1977	171.231
1977	166.641
1977	156.28
1977	153.232
1977	152.306
1977	148.833
1977	146.5
1977	123.998
1977	120.588
1977	116.154
1977	111.163
1977	104.717
1977	97.652
1977	97.174
1977	91.944
1977	89.818
1977	87.262
1977	80.984
1977	80.873
1977	78.813
1977	74.095
1977	71.601
1977	71.446
1977	67.008
1977	62.894
1977	62.134
1977	60.916
1977	54.642
1977	54.08
1977	49.365
1977	48.534
1977	47.561
1977	46.567
1977	45.243
1977	43.945
1977	36.585
1977	36.34
1977	35.174
1977	29.879
1977	26.767
1977	25.959
1977	23.375
1977	23.155
1977	22.581
1977	20.761
1977	20.007
1977	18.552
1977	17.951
1977	17.329
1977	17.089
1977	15.707
1977	14.841
1977	10.349
1977	10.044
1977	9.137
1977	8.975
1977	8.949
1977	8.102
1977	7.94
1977	7.789
1977	7.605
1977	6.731
1977	6.731
1977	6.056
1977	5.534
1977	5.358
1977	5.335
1977	5.274
1977	5.253
1977	4.81
1977	4.476
1977	4.262
1977	3.606
1977	3.266
1977	2.504
1977	2.076
1977	2.041
1977	1.855
1977	1.855
1977	1.855
1977	1.537
1977	1.206
1977	1.077
1978	25110.635
1978	18975.026
1978	18249.616
1978	16534.436
1978	13429.87
1978	13214.705
1978	12670.346
1978	11287.241
1978	10863.391
1978	9113.655
1978	6163.708
1978	5349.099
1978	5082.472
1978	5012.462
1978	4979.151
1978	4797.082
1978	4151.302
1978	4099.304
1978	3997.633
1978	3699.096
1978	3665.716
1978	2973.375
1978	2956.604
1978	2949.885
1978	2651.949
1978	2617.758
1978	2415.457
1978	2182.039
1978	2024.196
1978	1803.015
1978	1763.186
1978	1721.84
1978	1517.885
1978	1499.726
1978	1392.989
1978	1364.536
1978	1146.846
1978	1124.571
1978	1099.501
1978	1066.481
1978	1044.22
1978	1041.646
1978	987.567
1978	986.606
1978	933.312
1978	807.908
1978	763.333
1978	727.884
1978	721.185
1978	694.781
1978	680.182
1978	668.683
1978	653.46
1978	628.902
1978	601.137
1978	587.588
1978	584.391
1978	578.212
1978	563.917
1978	548.251
1978	491.288
1978	487.7
1978	487.142
1978	481.994
1978	429.817
1978	412.105
1978	353.624
1978	319.172
1978	309.274
1978	304.067
1978	302.084
1978	295.741
1978	294.354
1978	289.489
1978	278.078
1978	274.959
1978	263.208
1978	258.783
1978	239.037
1978	235.365
1978	228.56
1978	213.606
1978	213.208
1978	197.776
1978	178.185
1978	175.297
1978	172.733
1978	158.682
1978	156.28
1978	152.306
1978	146.5
1978	120.588
1978	120.455
1978	117.2
1978	115.336
1978	111.163
1978	107.99
1978	99.606
1978	97.652
1978	97.174
1978	89.818
1978	87.262
1978	80.984
1978	80.873
1978	78.813
1978	77.059
1978	76.146
1978	71.601
1978	71.446
1978	70.054
1978	62.894
1978	62.134
1978	54.642
1978	54.08
1978	49.365
1978	48.534
1978	47.905
1978	47.561
1978	46.567
1978	43.945
1978	37.88
1978	36.585
1978	33.036
1978	29.879
1978	26.767
1978	25.959
1978	23.375
1978	23.155
1978	23.105
1978	22.581
1978	20.761
1978	20.007
1978	18.552
1978	17.951
1978	17.089
1978	15.707
1978	14.841
1978	10.739
1978	10.349
1978	10.044
1978	9.137
1978	8.975
1978	8.102
1978	8.037
1978	7.94
1978	7.789
1978	7.605
1978	7.469
1978	6.731
1978	6.282
1978	6.056
1978	5.534
1978	5.274
1978	5.253
1978	4.81
1978	4.476
1978	4.262
1978	3.606
1978	3.266
1978	2.504
1978	2.076
1978	2.041
1978	1.855
1978	1.855
1978	1.855
1978	1.537
1978	1.33
1978	1.206
1978	1.077
1979	25110.635
1979	18975.026
1979	17931.113
1979	16574.617
1979	13938.197
1979	13303.863
1979	13214.705
1979	11287.241
1979	11173.27
1979	9110.587
1979	6163.708
1979	5370.326
1979	5170.281
1979	4979.151
1979	4797.082
1979	4765.992
1979	4397.693
1979	3997.633
1979	3892.796
1979	3683.272
1979	3663.183
1979	3006.156
1979	2992.026
1979	2973.375
1979	2651.949
1979	2621.378
1979	2451.944
1979	2233.007
1979	1876.228
1979	1751.353
1979	1740.251
1979	1721.84
1979	1533.394
1979	1517.885
1979	1398.854
1979	1367.582
1979	1146.846
1979	1124.571
1979	1110.72
1979	1050.686
1979	1047.88
1979	1027.259
1979	1007.823
1979	1003.223
1979	994.937
1979	807.908
1979	787.187
1979	727.884
1979	725.427
1979	695.113
1979	694.781
1979	683.589
1979	681.229
1979	674.581
1979	667.981
1979	608.02
1979	596.499
1979	587.588
1979	584.391
1979	548.251
1979	500.985
1979	500.659
1979	494.734
1979	470.109
1979	432.478
1979	417.803
1979	353.624
1979	316.108
1979	312.43
1979	306.495
1979	302.084
1979	297.665
1979	296.912
1979	294.354
1979	278.078
1979	274.959
1979	263.208
1979	261.758
1979	243.158
1979	235.365
1979	228.56
1979	213.606
1979	213.208
1979	197.776
1979	182.957
1979	175.297
1979	172.733
1979	157.53
1979	156.494
1979	152.306
1979	145.454
1979	122.279
1979	120.588
1979	120.455
1979	117.2
1979	115.336
1979	112.899
1979	107.269
1979	102.033
1979	97.652
1979	91.859
1979	87.262
1979	80.984
1979	80.873
1979	79.191
1979	79.034
1979	78.813
1979	76.146
1979	72.49
1979	71.601
1979	71.446
1979	62.894
1979	54.642
1979	54.08
1979	50.566
1979	49.365
1979	48.534
1979	47.561
1979	46.567
1979	46.251
1979	43.945
1979	37.88
1979	36.585
1979	29.879
1979	26.767
1979	25.959
1979	23.375
1979	23.155
1979	23.105
1979	22.581
1979	21.546
1979	20.761
1979	18.552
1979	17.951
1979	17.951
1979	17.089
1979	14.841
1979	12.529
1979	11.719
1979	10.67
1979	10.349
1979	9.925
1979	9.137
1979	8.975
1979	8.102
1979	8.037
1979	7.789
1979	7.605
1979	6.731
1979	6.282
1979	6.056
1979	5.534
1979	5.274
1979	5.253
1979	4.81
1979	4.476
1979	4.262
1979	3.606
1979	3.266
1979	2.504
1979	2.076
1979	2.041
1979	1.855
1979	1.855
1979	1.855
1979	1.537
1979	1.33
1979	1.206
1979	1.077
1980	25110.635
1980	18975.026
1980	17615.672
1980	16544.481
1980	14589.376
1980	14007.587
1980	13937.381
1980	11462.022
1980	11377.06
1980	9058.439
1980	6163.708
1980	5380.939
1980	5360.693
1980	5096.9
1980	4979.151
1980	4437.513
1980	4386.844
1980	4097.875
1980	4087.435
1980	3677.725
1980	3627.269
1980	3039.191
1980	3025.739
1980	2973.375
1980	2651.949
1980	2646.723
1980	2481.134
1980	2271.232
1980	1811.123
1980	1736.561
1980	1723.134
1980	1721.84
1980	1530.333
1980	1517.885
1980	1407.652
1980	1367.582
1980	1199.316
1980	1124.571
1980	1110.72
1980	1069.638
1980	1057.151
1980	1054.08
1980	1039.649
1980	1007.116
1980	987.567
1980	807.908
1980	787.187
1980	747.039
1980	742.396
1980	721.543
1980	702.832
1980	694.781
1980	683.589
1980	674.581
1980	663.439
1980	611.537
1980	610.315
1980	593.667
1980	587.588
1980	548.251
1980	501.768
1980	500.985
1980	498.464
1980	463.296
1980	435.139
1980	423.5
1980	353.624
1980	313.043
1980	312.43
1980	306.495
1980	302.084
1980	294.354
1980	291.264
1980	289.489
1980	278.078
1980	274.959
1980	263.208
1980	261.758
1980	247.28
1980	235.365
1980	228.56
1980	213.606
1980	213.208
1980	197.776
1980	189.321
1980	175.297
1980	174.004
1980	172.733
1980	159.406
1980	152.306
1980	145.454
1980	129.69
1980	120.588
1980	118.247
1980	117.807
1980	113.37
1980	107.269
1980	107.098
1980	102.033
1980	97.983
1980	97.652
1980	88.914
1980	88.329
1980	87.262
1980	80.984
1980	80.873
1980	79.191
1980	78.813
1980	76.076
1980	72.49
1980	71.446
1980	62.894
1980	57.943
1980	54.642
1980	52.267
1980	50.566
1980	50.359
1980	49.365
1980	46.251
1980	43.945
1980	43.241
1980	41.159
1980	37.88
1980	29.668
1980	26.767
1980	25.61
1980	23.375
1980	23.155
1980	23.105
1980	22.581
1980	21.546
1980	20.761
1980	17.951
1980	17.951
1980	17.089
1980	14.841
1980	14.841
1980	13.871
1980	12.529
1980	11.719
1980	10.349
1980	9.925
1980	9.137
1980	8.975
1980	8.102
1980	8.037
1980	7.789
1980	7.605
1980	7.215
1980	7.004
1980	6.731
1980	6.282
1980	6.056
1980	5.534
1980	5.274
1980	4.476
1980	4.262
1980	3.71
1980	3.606
1980	3.266
1980	3.074
1980	2.504
1980	2.076
1980	2.041
1980	1.855
1980	1.855
1980	1.33
1980	1.206
1980	1.077
1981	25110.635
1981	18975.026
1981	17300.231
1981	16470.816
1981	14536.175
1981	13958.605
1981	13937.381
1981	11747.252
1981	11496.819
1981	9073.777
1981	6163.708
1981	5380.939
1981	5197.728
1981	5096.9
1981	4979.151
1981	4544.531
1981	4355.509
1981	4346.955
1981	4113.913
1981	3661.084
1981	3627.269
1981	3111.867
1981	3059.452
1981	2973.375
1981	2767.251
1981	2672.068
1981	2524.919
1981	2344.498
1981	1825.838
1981	1721.84
1981	1718.811
1981	1692.749
1981	1517.885
1981	1511.969
1981	1413.517
1981	1379.766
1981	1229.299
1981	1202.469
1981	1124.571
1981	1110.72
1981	1085.083
1981	1062.539
1981	1060.867
1981	987.567
1981	984.097
1981	807.908
1981	787.187
1981	753.424
1981	750.881
1981	747.974
1981	708.641
1981	694.781
1981	683.589
1981	674.581
1981	654.021
1981	624.081
1981	609.866
1981	605.216
1981	593.667
1981	548.251
1981	531.402
1981	508.802
1981	507.449
1981	466.702
1981	435.139
1981	429.197
1981	353.624
1981	322.626
1981	312.43
1981	310.854
1981	302.084
1981	294.354
1981	290.582
1981	281.662
1981	278.355
1981	278.078
1981	264.732
1981	263.208
1981	251.401
1981	235.365
1981	228.56
1981	213.606
1981	213.208
1981	197.776
1981	189.321
1981	178.16
1981	176.192
1981	175.297
1981	174.235
1981	152.306
1981	149.64
1981	137.101
1981	120.588
1981	119.443
1981	118.247
1981	109.827
1981	108.19
1981	107.269
1981	107.098
1981	102.033
1981	97.652
1981	97.466
1981	88.914
1981	88.329
1981	87.262
1981	83.317
1981	80.984
1981	80.873
1981	76.076
1981	72.49
1981	71.446
1981	62.894
1981	57.943
1981	54.642
1981	52.267
1981	50.359
1981	49.365
1981	49.236
1981	46.251
1981	44.824
1981	41.159
1981	39.915
1981	37.88
1981	33.376
1981	26.767
1981	25.61
1981	23.375
1981	23.155
1981	23.105
1981	23.085
1981	22.581
1981	22.438
1981	20.761
1981	17.951
1981	17.089
1981	16.005
1981	14.841
1981	14.841
1981	14.319
1981	11.719
1981	11.408
1981	10.716
1981	10.349
1981	9.925
1981	9.137
1981	8.975
1981	8.102
1981	7.789
1981	7.215
1981	7.004
1981	6.731
1981	6.282
1981	6.123
1981	6.056
1981	5.534
1981	4.476
1981	4.262
1981	3.955
1981	3.71
1981	3.606
1981	3.266
1981	3.074
1981	2.504
1981	2.076
1981	1.855
1981	1.855
1981	1.33
1981	1.206
1981	1.077
1982	25110.635
1982	18788.996
1982	18081.177
1982	16480.862
1982	14536.175
1982	13937.381
1982	13238.783
1982	12064.174
1982	11930.943
1982	9070.709
1982	6707.855
1982	5380.939
1982	5246.808
1982	4979.151
1982	4960.999
1982	4728.702
1982	4541.595
1982	4299.107
1982	4101.884
1982	3627.801
1982	3591.355
1982	3263.827
1982	3093.165
1982	2973.375
1982	2882.553
1982	2675.689
1982	2459.241
1982	2385.909
1982	1939.952
1982	1721.84
1982	1698.102
1982	1657.236
1982	1517.885
1982	1496.666
1982	1419.382
1982	1401.087
1982	1289.858
1982	1244.29
1982	1140.637
1982	1136.753
1982	1110.72
1982	1092.693
1982	1069.005
1982	994.937
1982	955.322
1982	811.041
1982	807.908
1982	774.404
1982	766.194
1982	759.366
1982	731.875
1982	697.261
1982	694.781
1982	674.581
1982	657.161
1982	628.67
1982	622.844
1982	606.524
1982	593.667
1982	563.242
1982	548.251
1982	515.836
1982	507.449
1982	446.263
1982	435.139
1982	434.895
1982	353.624
1982	322.626
1982	312.43
1982	308.665
1982	302.084
1982	296.831
1982	294.354
1982	288.063
1982	278.078
1982	270.932
1982	267.707
1982	263.208
1982	255.522
1982	235.365
1982	228.56
1982	213.606
1982	213.208
1982	209.286
1982	187.73
1982	179.475
1982	178.16
1982	175.297
1982	169.729
1982	152.306
1982	150.686
1982	127.625
1982	122.593
1982	120.588
1982	120.34
1982	118.574
1982	108.19
1982	107.098
1982	106.892
1982	106.284
1982	103.558
1982	103.396
1982	97.739
1982	97.466
1982	88.914
1982	87.262
1982	83.317
1982	80.873
1982	76.076
1982	72.49
1982	71.446
1982	62.894
1982	61.806
1982	56.118
1982	52.267
1982	50.566
1982	50.359
1982	49.365
1982	46.251
1982	45.703
1982	41.159
1982	39.915
1982	37.88
1982	37.085
1982	26.767
1982	25.61
1982	23.155
1982	23.105
1982	23.085
1982	22.837
1982	22.438
1982	19.206
1982	18.817
1982	18.7
1982	17.951
1982	17.943
1982	16.696
1982	16.109
1982	14.841
1982	12.183
1982	11.719
1982	11.408
1982	10.716
1982	10.349
1982	9.925
1982	8.975
1982	8.165
1982	8.102
1982	7.789
1982	7.571
1982	7.215
1982	7.004
1982	6.731
1982	6.282
1982	5.534
1982	4.476
1982	4.262
1982	3.606
1982	3.266
1982	3.074
1982	2.637
1982	2.504
1982	2.076
1982	1.855
1982	1.855
1982	1.855
1982	1.33
1982	1.206
1982	1.077
1983	25110.635
1983	18975.026
1983	18865.184
1983	16460.771
1983	15329.057
1983	13937.381
1983	12768.446
1983	12365.068
1983	12283.349
1983	9632.069
1983	6707.855
1983	5396.717
1983	5380.939
1983	5012.462
1983	4979.151
1983	4801.115
1983	4741.146
1983	4255.238
1983	4117.923
1983	3611.16
1983	3591.355
1983	3419.09
1983	3126.878
1983	2973.375
1983	2940.204
1983	2675.689
1983	2452.803
1983	2371.672
1983	2084.878
1983	1721.84
1983	1680.352
1983	1609.887
1983	1517.885
1983	1478.302
1983	1422.315
1983	1413.27
1983	1289.858
1983	1274.273
1983	1188.424
1983	1140.637
1983	1113.91
1983	1110.72
1983	1074.997
1983	994.937
1983	946.689
1983	811.041
1983	807.908
1983	800.834
1983	772.579
1983	763.608
1983	751.948
1983	746.396
1983	694.781
1983	676.7
1983	674.581
1983	668.671
1983	630.964
1983	628.72
1983	593.667
1983	576.417
1983	548.251
1983	520.526
1983	510.681
1983	459.889
1983	440.592
1983	439.132
1983	353.624
1983	322.626
1983	305.6
1983	302.084
1983	294.354
1983	288.063
1983	287.458
1983	278.078
1983	270.682
1983	263.509
1983	263.208
1983	259.644
1983	243.001
1983	240.68
1983	235.365
1983	228.56
1983	213.606
1983	213.208
1983	194.094
1983	186.042
1983	178.16
1983	175.297
1983	165.223
1983	152.306
1983	150.686
1983	133.395
1983	122.593
1983	122.432
1983	120.588
1983	114.535
1983	111.702
1983	109.65
1983	108.19
1983	107.098
1983	106.892
1983	106.604
1983	106.284
1983	103.396
1983	98.793
1983	87.262
1983	80.873
1983	76.076
1983	72.49
1983	71.446
1983	67.554
1983	66.038
1983	61.806
1983	57.22
1983	56.162
1983	56.118
1983	50.359
1983	49.365
1983	48.534
1983	46.582
1983	44.502
1983	41.159
1983	39.915
1983	37.88
1983	26.767
1983	25.61
1983	24.624
1983	23.155
1983	23.105
1983	22.837
1983	22.438
1983	21.34
1983	18.817
1983	18.797
1983	18.7
1983	17.951
1983	16.696
1983	16.109
1983	14.841
1983	12.183
1983	11.91
1983	11.719
1983	11.683
1983	11.408
1983	10.716
1983	10.349
1983	8.975
1983	8.165
1983	8.102
1983	7.571
1983	7.215
1983	7.004
1983	6.731
1983	6.282
1983	5.534
1983	4.476
1983	4.262
1983	3.606
1983	3.266
1983	3.074
1983	2.637
1983	2.504
1983	2.076
1983	1.939
1983	1.855
1983	1.855
1983	1.855
1983	1.33
1983	1.206
1983	1.077
1984	24837.557
1984	19646.129
1984	17434.7
1984	16276.609
1984	15329.057
1984	13937.381
1984	13824.853
1984	12784.223
1984	11732.352
1984	9616.731
1984	6707.855
1984	5396.717
1984	5380.939
1984	4995.754
1984	4993.592
1984	4985.88
1984	4803.365
1984	4186.302
1984	4137.971
1984	3591.355
1984	3567.746
1984	3544.595
1984	3160.591
1984	2997.856
1984	2973.375
1984	2679.309
1984	2487.843
1984	2393.564
1984	2133.948
1984	1721.84
1984	1656.685
1984	1550.7
1984	1456.877
1984	1431.545
1984	1428.598
1984	1422.315
1984	1363.264
1984	1274.273
1984	1240.094
1984	1145.736
1984	1140.637
1984	1121.94
1984	1080.859
1984	994.937
1984	943.812
1984	888.666
1984	834.895
1984	827.264
1984	807.908
1984	791.734
1984	776.335
1984	770.949
1984	746.396
1984	743.535
1984	694.781
1984	634.596
1984	630.964
1984	622.628
1984	603.866
1984	593.667
1984	548.251
1984	527.56
1984	513.914
1984	463.296
1984	446.289
1984	445.785
1984	353.624
1984	322.626
1984	302.097
1984	302.084
1984	294.354
1984	288.063
1984	284.333
1984	278.078
1984	273.656
1984	264.492
1984	261.608
1984	259.644
1984	252.375
1984	243.001
1984	235.365
1984	228.56
1984	219.54
1984	213.208
1984	200.268
1984	197.276
1984	180.035
1984	175.297
1984	160.717
1984	153.099
1984	152.306
1984	150.686
1984	144.512
1984	139.628
1984	137.917
1984	123.479
1984	121.833
1984	120.588
1984	119.443
1984	118.787
1984	111.751
1984	107.098
1984	103.396
1984	102.741
1984	98.793
1984	87.262
1984	85.366
1984	76.076
1984	72.49
1984	71.446
1984	67.554
1984	66.038
1984	63.351
1984	62.543
1984	59.072
1984	53.157
1984	51.919
1984	49.555
1984	49.365
1984	48.534
1984	47.461
1984	43.291
1984	43.241
1984	41.159
1984	34.658
1984	32.121
1984	25.61
1984	24.624
1984	24.541
1984	23.155
1984	22.837
1984	22.438
1984	19.652
1984	18.7
1984	17.951
1984	16.696
1984	15.054
1984	14.319
1984	13.395
1984	12.986
1984	12.183
1984	11.91
1984	11.719
1984	11.683
1984	11.408
1984	10.349
1984	8.975
1984	8.165
1984	8.102
1984	7.571
1984	7.215
1984	7.004
1984	6.731
1984	6.282
1984	5.534
1984	5.328
1984	4.476
1984	3.606
1984	3.266
1984	3.074
1984	2.637
1984	2.504
1984	2.076
1984	1.939
1984	1.855
1984	1.855
1984	1.855
1984	1.33
1984	1.206
1984	1.077
1985	26143.31
1985	20430.137
1985	17715.954
1985	17319.362
1985	16246.473
1985	15329.057
1985	13937.381
1985	13218.348
1985	11021.806
1985	9398.936
1985	6707.855
1985	5696.535
1985	5380.939
1985	5360.855
1985	5222.834
1985	5034.763
1985	4995.973
1985	4166.039
1985	4133.033
1985	3732.919
1985	3591.355
1985	3533.5
1985	3228.46
1985	3194.304
1985	2973.375
1985	2657.585
1985	2462.36
1985	2437.349
1985	2131.665
1985	1721.84
1985	1624.143
1985	1521.106
1985	1443.728
1985	1435.452
1985	1428.598
1985	1426.184
1985	1422.315
1985	1291.765
1985	1274.273
1985	1166.953
1985	1166.818
1985	1140.637
1985	1086.247
1985	994.937
1985	932.302
1985	858.749
1985	853.694
1985	847.65
1985	810.37
1985	807.908
1985	791.734
1985	784.819
1985	770.949
1985	746.396
1985	694.781
1985	642.294
1985	640.471
1985	630.964
1985	628.907
1985	593.667
1985	548.251
1985	534.594
1985	517.146
1985	459.889
1985	452.439
1985	451.987
1985	361.945
1985	322.626
1985	304.067
1985	302.097
1985	302.084
1985	294.354
1985	290.582
1985	279.605
1985	278.078
1985	274.125
1985	272.073
1985	267.886
1985	267.06
1985	263.509
1985	243.001
1985	235.365
1985	228.56
1985	219.54
1985	217.958
1985	210.118
1985	206.876
1985	182.535
1985	175.297
1985	159.333
1985	159.223
1985	156.211
1985	153.876
1985	153.591
1985	150.686
1985	130.971
1985	127.925
1985	123.479
1985	122.716
1985	120.588
1985	114.885
1985	113.612
1985	111.751
1985	102.741
1985	90.621
1985	89.859
1985	87.262
1985	80.551
1985	72.49
1985	71.446
1985	67.554
1985	66.535
1985	66.038
1985	64.123
1985	59.336
1985	59.072
1985	53.157
1985	49.365
1985	48.534
1985	48.34
1985	45.732
1985	43.291
1985	43.241
1985	42.947
1985	34.658
1985	32.121
1985	26.675
1985	26.164
1985	23.155
1985	22.837
1985	22.438
1985	22.215
1985	21.342
1985	18.7
1985	17.951
1985	16.741
1985	16.696
1985	16.109
1985	15.21
1985	15.054
1985	13.395
1985	12.986
1985	12.183
1985	11.91
1985	11.683
1985	10.349
1985	9.62
1985	8.975
1985	8.756
1985	8.165
1985	8.102
1985	7.571
1985	6.731
1985	6.282
1985	5.534
1985	5.328
1985	4.476
1985	3.606
1985	3.266
1985	3.074
1985	2.637
1985	2.504
1985	2.076
1985	1.939
1985	1.855
1985	1.855
1985	1.855
1985	1.33
1985	1.206
1985	1.077
1986	27910.471
1986	21607.056
1986	21211.082
1986	16839.405
1986	16256.518
1986	15857.646
1986	13937.381
1986	13637.502
1986	11233.3
1986	9239.424
1986	6707.855
1986	5996.352
1986	5540.047
1986	5385.034
1986	5380.939
1986	5017.608
1986	5012.794
1986	4194.107
1986	4086.031
1986	3881.575
1986	3591.355
1986	3511.312
1986	3343.762
1986	3228.017
1986	2995.291
1986	2643.102
1986	2444.647
1986	2436.876
1986	2072.326
1986	1721.84
1986	1591.601
1986	1506.582
1986	1456.001
1986	1452.866
1986	1428.598
1986	1422.315
1986	1407.906
1986	1343.436
1986	1278.021
1986	1198.78
1986	1189.256
1986	1163.128
1986	1092.713
1986	994.937
1986	906.458
1986	903.527
1986	882.767
1986	877.204
1986	874.994
1986	807.908
1986	793.304
1986	791.734
1986	770.949
1986	746.396
1986	694.781
1986	674.134
1986	646.347
1986	642.436
1986	593.667
1986	592.282
1986	548.251
1986	543.973
1986	523.61
1986	466.702
1986	457.684
1986	452.439
1986	370.265
1986	322.626
1986	320.07
1986	302.084
1986	299.908
1986	294.354
1986	282.537
1986	281.208
1986	279.605
1986	278.19
1986	278.078
1986	274.125
1986	272.496
1986	265.776
1986	252.375
1986	250.075
1986	233.533
1986	228.56
1986	227.504
1986	219.54
1986	206.876
1986	185.036
1986	175.297
1986	173.513
1986	159.333
1986	159.176
1986	153.876
1986	151.705
1986	150.686
1986	137.062
1986	137.062
1986	130.897
1986	122.432
1986	120.588
1986	116.609
1986	114.885
1986	113.612
1986	102.741
1986	90.621
1986	89.859
1986	81.571
1986	80.551
1986	77.18
1986	72.49
1986	71.446
1986	67.554
1986	66.038
1986	64.896
1986	59.336
1986	59.072
1986	53.157
1986	49.365
1986	49.219
1986	48.534
1986	47.35
1986	45.732
1986	43.241
1986	40.434
1986	35.69
1986	33.036
1986	26.675
1986	26.164
1986	23.155
1986	23.07
1986	22.837
1986	22.438
1986	21.342
1986	18.7
1986	18.415
1986	17.951
1986	16.696
1986	16.109
1986	15.21
1986	14.841
1986	13.895
1986	13.395
1986	12.183
1986	11.683
1986	11.29
1986	11.219
1986	10.349
1986	9.62
1986	8.756
1986	8.165
1986	8.102
1986	7.571
1986	6.731
1986	6.282
1986	5.534
1986	5.328
1986	4.476
1986	4.082
1986	3.606
1986	3.074
1986	2.661
1986	2.637
1986	2.504
1986	2.076
1986	1.939
1986	1.855
1986	1.855
1986	1.855
1986	1.206
1986	1.077
1987	29737.27
1987	25163.628
1987	20779.266
1987	17179.116
1987	16898.935
1987	16092.446
1987	14071.627
1987	13937.381
1987	10929.046
1987	9217.951
1987	6707.855
1987	6371.304
1987	5996.352
1987	5579.674
1987	5380.939
1987	5082.794
1987	5026.251
1987	4218.164
1987	4048.43
1987	4030.231
1987	3591.355
1987	3459.064
1987	3361.54
1987	3265.944
1987	3031.819
1987	2632.24
1987	2459.241
1987	2430.505
1987	2145.359
1987	1721.84
1987	1556.101
1987	1480.278
1987	1471.627
1987	1433.026
1987	1426.407
1987	1422.315
1987	1361.996
1987	1339.311
1987	1322.767
1987	1278.021
1987	1219.997
1987	1211.695
1987	1098.101
1987	987.567
1987	944.039
1987	930.312
1987	909.198
1987	880.507
1987	820.307
1987	807.908
1987	801.788
1987	791.734
1987	770.949
1987	746.396
1987	713.66
1987	694.781
1987	658.099
1987	642.436
1987	593.667
1987	580.771
1987	555.697
1987	548.251
1987	533.307
1987	463.296
1987	457.684
1987	452.439
1987	378.586
1987	371.282
1987	322.626
1987	304.584
1987	302.084
1987	297.719
1987	294.354
1987	288.493
1987	283.44
1987	282.537
1987	279.605
1987	278.084
1987	278.078
1987	273.48
1987	257.431
1987	252.375
1987	249.777
1987	233.533
1987	228.56
1987	219.54
1987	206.876
1987	187.536
1987	183.719
1987	175.297
1987	164.761
1987	163.039
1987	161.727
1987	149.246
1987	147.199
1987	143.154
1987	141.268
1987	130.897
1987	121.468
1987	121.386
1987	120.588
1987	118.552
1987	114.885
1987	102.741
1987	94.352
1987	88.973
1987	83.468
1987	82.503
1987	80.551
1987	72.49
1987	71.446
1987	67.554
1987	66.038
1987	65.668
1987	62.026
1987	55.955
1987	51.919
1987	50.305
1987	50.098
1987	50.056
1987	48.534
1987	47.121
1987	43.241
1987	40.434
1987	35.69
1987	33.036
1987	27.703
1987	26.675
1987	25.112
1987	25.084
1987	23.924
1987	22.837
1987	22.438
1987	21.342
1987	18.7
1987	18.552
1987	17.414
1987	16.109
1987	15.707
1987	15.21
1987	14.841
1987	13.895
1987	12.183
1987	11.683
1987	11.29
1987	11.219
1987	10.349
1987	9.62
1987	8.756
1987	8.165
1987	8.102
1987	7.571
1987	6.731
1987	6.282
1987	5.534
1987	5.328
1987	4.476
1987	4.082
1987	3.606
1987	3.074
1987	2.661
1987	2.637
1987	2.504
1987	2.076
1987	1.939
1987	1.855
1987	1.855
1987	1.855
1987	1.206
1987	1.077
1988	32210.668
1988	26272.856
1988	20347.449
1988	17179.116
1988	16891.494
1988	16042.22
1988	14820.118
1988	13937.381
1988	11663.709
1988	9273.167
1988	7068.165
1988	6707.855
1988	5996.352
1988	5968.953
1988	5380.939
1988	5251.659
1988	5106.81
1988	4254.251
1988	4053.356
1988	3879.223
1988	3804.971
1988	3591.355
1988	3328.258
1988	3303.871
1988	3068.347
1988	2617.758
1988	2430.505
1988	2305.995
1988	2156.771
1988	1721.84
1988	1511.725
1988	1492.6
1988	1433.026
1988	1422.315
1988	1402.732
1988	1398.041
1988	1352.814
1988	1339.311
1988	1312.433
1988	1278.021
1988	1234.134
1988	1219.997
1988	1104.567
1988	1078.544
1988	980.197
1988	954.166
1988	935.628
1988	916.009
1988	863.242
1988	807.908
1988	806.03
1988	791.734
1988	770.949
1988	757.577
1988	746.396
1988	720.772
1988	694.781
1988	669.851
1988	651.614
1988	593.667
1988	574.454
1988	566.121
1988	548.251
1988	480.329
1988	461.482
1988	452.439
1988	386.906
1988	377.683
1988	322.626
1988	304.584
1988	303.466
1988	302.084
1988	298.796
1988	296.572
1988	295.53
1988	294.354
1988	279.605
1988	278.084
1988	278.078
1988	270.459
1988	264.786
1988	256.788
1988	252.375
1988	233.533
1988	228.56
1988	219.54
1988	206.876
1988	190.037
1988	183.719
1988	175.297
1988	170.45
1988	170.346
1988	167.521
1988	161.727
1988	161.429
1988	142.693
1988	136.036
1988	130.897
1988	126.327
1988	123.491
1988	120.34
1988	114.885
1988	102.741
1988	94.615
1988	94.352
1988	87.826
1988	87.326
1988	83.468
1988	80.551
1988	72.49
1988	71.446
1988	67.554
1988	66.441
1988	66.038
1988	62.026
1988	55.955
1988	54.114
1988	50.976
1988	50.305
1988	48.534
1988	47.121
1988	44.502
1988	43.241
1988	40.434
1988	35.69
1988	33.036
1988	28.809
1988	28.46
1988	27.703
1988	27.342
1988	25.084
1988	22.837
1988	22.438
1988	21.342
1988	18.7
1988	18.552
1988	17.899
1988	17.414
1988	15.707
1988	15.21
1988	14.841
1988	13.895
1988	12.183
1988	12.025
1988	11.683
1988	11.29
1988	11.219
1988	10.349
1988	9.631
1988	8.165
1988	6.944
1988	6.731
1988	6.282
1988	6.056
1988	5.534
1988	5.328
1988	4.476
1988	4.082
1988	3.71
1988	3.606
1988	3.074
1988	2.661
1988	2.637
1988	2.504
1988	2.076
1988	1.939
1988	1.855
1988	1.855
1988	1.33
1988	1.206
1988	1.077
1989	32273.444
1989	26994.734
1989	19912.57
1989	17179.116
1989	16854.288
1989	16112.537
1989	15269.213
1989	13937.381
1989	12303.757
1989	9122.857
1989	7431.528
1989	6760.621
1989	6358.233
1989	5996.352
1989	5477.066
1989	5380.939
1989	5175.427
1989	4278.309
1989	4195.405
1989	3920.273
1989	3750.751
1989	3591.355
1989	3324.942
1989	3300.522
1989	3104.875
1989	2632.24
1989	2517.621
1989	2436.876
1989	2244.639
1989	1721.84
1989	1572.998
1989	1510.737
1989	1440.724
1989	1433.026
1989	1422.315
1989	1390.895
1989	1352.814
1989	1339.311
1989	1311.752
1989	1291.765
1989	1234.134
1989	1219.997
1989	1099.179
1989	1086.063
1989	978.02
1989	972.827
1989	966.595
1989	962.058
1989	857.488
1989	818.757
1989	807.908
1989	798.119
1989	774.046
1989	770.949
1989	746.396
1989	694.781
1989	687.479
1989	665.381
1989	593.667
1989	583.833
1989	572.093
1989	569.26
1989	548.251
1989	507.581
1989	474.776
1989	452.439
1989	395.227
1989	384.085
1989	309.1
1989	304.584
1989	303.466
1989	302.084
1989	300.95
1989	294.354
1989	293.341
1989	291.503
1989	286.368
1989	278.084
1989	264.836
1989	264.786
1989	256.788
1989	252.375
1989	238.835
1989	233.533
1989	228.56
1989	219.54
1989	206.876
1989	190.662
1989	188.199
1989	175.931
1989	175.297
1989	173.612
1989	167.521
1989	166.744
1989	161.727
1989	147.259
1989	138.187
1989	136.036
1989	126.327
1989	123.491
1989	120.34
1989	114.885
1989	102.741
1989	98.845
1989	92.76
1989	87.826
1989	85.678
1989	85.365
1989	80.551
1989	79.611
1989	72.49
1989	67.554
1989	66.441
1989	66.038
1989	62.026
1989	61.55
1989	56.82
1989	51.855
1989	50.305
1989	49.893
1989	47.121
1989	44.801
1989	44.502
1989	40.434
1989	39.259
1989	33.482
1989	33.036
1989	29.242
1989	28.809
1989	28.196
1989	25.084
1989	22.837
1989	22.438
1989	21.342
1989	18.7
1989	18.552
1989	17.899
1989	16.074
1989	15.707
1989	15.21
1989	14.841
1989	14.43
1989	13.895
1989	12.183
1989	11.683
1989	11.29
1989	11.219
1989	10.349
1989	10.206
1989	9.631
1989	6.944
1989	6.731
1989	6.282
1989	6.056
1989	5.534
1989	5.328
1989	4.476
1989	4.082
1989	3.71
1989	3.606
1989	3.074
1989	2.637
1989	2.504
1989	2.076
1989	1.939
1989	1.855
1989	1.855
1989	1.33
1989	1.33
1989	1.206
1989	1.077
1990	36787.081
1990	27012.341
1990	19480.753
1990	17575.557
1990	16817.082
1990	16196.247
1990	15712.319
1990	13937.381
1990	12480.002
1990	9079.912
1990	7737.65
1990	6925.514
1990	6779.953
1990	5996.352
1990	5702.474
1990	5380.939
1990	5197.728
1990	4363.882
1990	4282.319
1990	4035.575
1990	3731.95
1990	3591.355
1990	3291.229
1990	3278.334
1990	3141.403
1990	2599.654
1990	2517.621
1990	2478.287
1990	2216.11
1990	1721.84
1990	1593.971
1990	1529.012
1990	1445.878
1990	1422.315
1990	1405.224
1990	1386.709
1990	1384.976
1990	1355.875
1990	1339.311
1990	1271.097
1990	1262.432
1990	1234.134
1990	1099.179
1990	1094.417
1990	1006.243
1990	1001.874
1990	965.457
1990	946.2
1990	867.318
1990	863.242
1990	827.242
1990	813.572
1990	807.908
1990	798.119
1990	757.157
1990	755.109
1990	710.982
1990	694.781
1990	593.667
1990	585.021
1990	579.724
1990	579.144
1990	548.251
1990	531.427
1990	474.776
1990	465.746
1990	403.547
1990	398.348
1990	390.486
1990	335.042
1990	319.403
1990	303.466
1990	302.084
1990	297.452
1990	294.354
1990	289.838
1990	274.959
1990	264.836
1990	264.786
1990	249.313
1990	246.595
1990	244.952
1990	238.835
1990	228.56
1990	219.54
1990	206.876
1990	192.591
1990	190.662
1990	188.199
1990	185.796
1990	184.309
1990	176.658
1990	175.297
1990	174.155
1990	161.727
1990	148.895
1990	136.036
1990	133.681
1990	126.455
1990	126.327
1990	120.629
1990	120.34
1990	106.284
1990	98.845
1990	93.149
1990	92.76
1990	85.365
1990	84.03
1990	80.551
1990	79.611
1990	78.813
1990	72.49
1990	72.328
1990	67.146
1990	66.441
1990	62.026
1990	60.878
1990	52.734
1990	50.305
1990	49.893
1990	47.121
1990	44.801
1990	41.853
1990	40.794
1990	40.434
1990	39.259
1990	35.798
1990	33.036
1990	29.242
1990	28.809
1990	28.196
1990	25.084
1990	22.837
1990	22.438
1990	21.342
1990	18.7
1990	18.552
1990	16.074
1990	15.21
1990	14.841
1990	14.43
1990	13.463
1990	12.183
1990	11.91
1990	11.683
1990	11.219
1990	10.349
1990	10.206
1990	9.631
1990	7.527
1990	6.944
1990	6.731
1990	6.393
1990	6.282
1990	6.056
1990	5.534
1990	4.476
1990	4.082
1990	3.71
1990	3.606
1990	3.074
1990	2.637
1990	2.504
1990	2.076
1990	1.939
1990	1.855
1990	1.855
1990	1.33
1990	1.33
1990	1.206
1990	1.077
1991	36774.526
1991	27022.905
1991	19048.936
1991	18500.587
1991	16817.082
1991	16176.156
1991	16158.42
1991	13937.381
1991	12966.067
1991	9049.236
1991	8003.95
1991	6925.514
1991	6857.808
1991	6146.261
1991	5931.246
1991	5380.939
1991	5185.72
1991	4462.986
1991	4318.406
1991	4035.575
1991	3722.55
1991	3591.355
1991	3311.616
1991	3257.516
1991	3177.931
1991	2590.596
1991	2588.792
1991	2446.432
1991	2244.639
1991	1721.84
1991	1607.953
1991	1532.058
1991	1510.139
1991	1466.611
1991	1424.187
1991	1422.315
1991	1372.682
1991	1367.22
1991	1357.168
1991	1273.04
1991	1240.094
1991	1234.134
1991	1099.43
1991	1099.179
1991	1025.728
1991	1008.978
1991	925.056
1991	867.318
1991	857.488
1991	848.453
1991	847.608
1991	807.908
1991	798.119
1991	768.629
1991	763.822
1991	759.045
1991	705.106
1991	694.781
1991	595.557
1991	593.667
1991	571.353
1991	562.396
1991	558.68
1991	548.251
1991	484.271
1991	465.746
1991	411.868
1991	411.481
1991	400.088
1991	335.042
1991	327.198
1991	319.403
1991	303.466
1991	302.084
1991	295.914
1991	294.354
1991	288.087
1991	268.71
1991	264.836
1991	264.786
1991	249.313
1991	244.952
1991	238.835
1991	228.56
1991	219.54
1991	206.876
1991	192.687
1991	192.591
1991	191.912
1991	191.888
1991	188.199
1991	182.75
1991	177.861
1991	175.297
1991	161.727
1991	152.168
1991	128.756
1991	128.431
1991	127.672
1991	126.373
1991	125.572
1991	121.386
1991	106.284
1991	103.337
1991	93.149
1991	92.76
1991	85.365
1991	85.026
1991	80.735
1991	79.611
1991	78.813
1991	75.473
1991	72.49
1991	67.986
1991	67.146
1991	62.026
1991	60.878
1991	53.22
1991	52.734
1991	50.305
1991	47.121
1991	46.211
1991	45.202
1991	44.801
1991	44.748
1991	42.828
1991	40.794
1991	33.036
1991	30.781
1991	30.76
1991	29.876
1991	25.084
1991	24.913
1991	22.438
1991	19.207
1991	19.013
1991	18.7
1991	16.696
1991	16.074
1991	14.43
1991	13.463
1991	12.986
1991	12.183
1991	11.91
1991	11.683
1991	11.382
1991	11.219
1991	10.206
1991	7.762
1991	7.527
1991	6.944
1991	6.731
1991	6.393
1991	6.282
1991	6.056
1991	5.534
1991	4.476
1991	4.082
1991	3.71
1991	3.606
1991	3.074
1991	2.661
1991	2.637
1991	2.504
1991	2.076
1991	1.939
1991	1.855
1991	1.855
1991	1.33
1991	1.206
1991	1.077
1992	35942.736
1992	28086.355
1992	19474.628
1992	19293.469
1992	16601.526
1992	15891.542
1992	13937.381
1992	13351.951
1992	8831.441
1992	8302.605
1992	7727.2
1992	6925.514
1992	6614.764
1992	6296.17
1992	6156.653
1992	5380.939
1992	5166.85
1992	4581.911
1992	4393.99
1992	4322.416
1992	4150.877
1992	3725.683
1992	3591.355
1992	3344.899
1992	3223.803
1992	3214.459
1992	2641.678
1992	2424.134
1992	2251.486
1992	1845.826
1992	1721.84
1992	1607.953
1992	1606.531
1992	1538.149
1992	1532.94
1992	1424.187
1992	1422.315
1992	1385.209
1992	1361.301
1992	1357.168
1992	1334.223
1992	1273.04
1992	1240.094
1992	1236.705
1992	1234.134
1992	1101.101
1992	1099.179
1992	1069.133
1992	1049.583
1992	999.221
1992	963.687
1992	898.626
1992	869.665
1992	865.175
1992	814.325
1992	807.908
1992	798.119
1992	780.101
1992	763.822
1992	761.984
1992	737.62
1992	694.781
1992	693.354
1992	650.26
1992	623.693
1992	593.667
1992	585.933
1992	585.796
1992	575.325
1992	556.703
1992	548.251
1992	493.767
1992	465.746
1992	456.541
1992	440.399
1992	431.621
1992	416.953
1992	416.028
1992	403.289
1992	356.943
1992	350.271
1992	329.706
1992	313.93
1992	302.084
1992	294.354
1992	287.959
1992	286.774
1992	272.141
1992	265.586
1992	264.836
1992	257.749
1992	247.521
1992	238.835
1992	237.529
1992	233.044
1992	228.56
1992	220.91
1992	219.54
1992	209.442
1992	206.876
1992	197.979
1992	192.591
1992	191.912
1992	188.199
1992	186.231
1992	182.75
1992	178.543
1992	177.663
1992	166.744
1992	161.727
1992	157.076
1992	133.615
1992	132.118
1992	128.431
1992	127.672
1992	125.572
1992	123.998
1992	123.273
1992	121.386
1992	103.337
1992	101.534
1992	93.149
1992	87.194
1992	85.365
1992	85.026
1992	79.611
1992	79.087
1992	78.813
1992	75.473
1992	72.49
1992	69.531
1992	67.146
1992	66.456
1992	64.937
1992	56.546
1992	56.492
1992	55.488
1992	52.734
1992	51.898
1992	50.305
1992	47.121
1992	46.211
1992	44.801
1992	42.828
1992	40.794
1992	30.781
1992	30.76
1992	29.876
1992	29.733
1992	25.084
1992	24.913
1992	22.438
1992	19.207
1992	19.013
1992	18.7
1992	16.696
1992	16.074
1992	14.43
1992	13.463
1992	12.986
1992	12.183
1992	11.91
1992	11.683
1992	11.382
1992	11.219
1992	10.206
1992	8.524
1992	7.762
1992	7.527
1992	6.944
1992	6.282
1992	6.056
1992	5.534
1992	4.487
1992	4.476
1992	4.082
1992	3.955
1992	3.757
1992	3.71
1992	3.606
1992	3.074
1992	2.661
1992	2.076
1992	1.939
1992	1.855
1992	1.855
1992	1.33
1992	1.206
1992	1.077
1993	37939.032
1993	31266.142
1993	20350.645
1993	19900.319
1993	17050.621
1993	15653.805
1993	14351.909
1993	13937.381
1993	8681.132
1993	8362.336
1993	8064.575
1993	7255.301
1993	6836.553
1993	6382.061
1993	6296.17
1993	5380.939
1993	5238.898
1993	4641.373
1993	4349.809
1993	4334.445
1993	4150.877
1993	3710.016
1993	3591.355
1993	3328.258
1993	3250.987
1993	3190.09
1993	2648.975
1993	2430.505
1993	2242.357
1993	1887.597
1993	1774.528
1993	1721.84
1993	1638.469
1993	1630.53
1993	1606.531
1993	1547.287
1993	1446.675
1993	1428.598
1993	1389.1
1993	1331.708
1993	1298.723
1993	1273.04
1993	1240.094
1993	1234.134
1993	1233.002
1993	1110.149
1993	1102.771
1993	1099.179
1993	1073.437
1993	999.865
1993	963.687
1993	890.876
1993	877.481
1993	807.908
1993	798.119
1993	780.101
1993	769.63
1993	757.974
1993	719.256
1993	719.149
1993	710.736
1993	694.781
1993	693.354
1993	645.807
1993	640.106
1993	613.186
1993	609.168
1993	601.182
1993	593.667
1993	555.656
1993	512.758
1993	476.58
1993	472.702
1993	465.746
1993	461.954
1993	454.492
1993	436.651
1993	424.349
1993	403.289
1993	402.846
1993	356.943
1993	350.271
1993	329.706
1993	329.627
1993	302.084
1993	294.354
1993	292.542
1993	283.187
1993	272.141
1993	265.586
1993	264.836
1993	257.749
1993	253.146
1993	249.313
1993	238.835
1993	233.044
1993	228.56
1993	226.395
1993	209.442
1993	207.673
1993	206.876
1993	201.025
1993	192.591
1993	188.199
1993	186.231
1993	184.892
1993	182.75
1993	178.543
1993	175.034
1993	171.318
1993	163.039
1993	161.727
1993	137.862
1993	133.615
1993	131.084
1993	128.431
1993	127.672
1993	121.386
1993	119.849
1993	115.107
1993	110.765
1993	103.337
1993	93.149
1993	89.502
1993	87.194
1993	85.365
1993	79.611
1993	78.813
1993	75.792
1993	75.473
1993	72.49
1993	69.531
1993	67.146
1993	66.456
1993	62.647
1993	59.872
1993	58.173
1993	56.921
1993	52.734
1993	51.784
1993	50.305
1993	48.211
1993	47.121
1993	46.211
1993	44.801
1993	42.828
1993	32.32
1993	32.01
1993	30.76
1993	29.733
1993	25.084
1993	24.913
1993	22.438
1993	19.207
1993	19.013
1993	18.7
1993	16.696
1993	16.074
1993	14.43
1993	13.463
1993	12.986
1993	12.258
1993	12.247
1993	12.183
1993	11.683
1993	11.219
1993	9.925
1993	9.59
1993	7.762
1993	7.527
1993	6.944
1993	6.282
1993	6.056
1993	5.534
1993	4.487
1993	4.476
1993	4.082
1993	4.082
1993	3.955
1993	3.757
1993	3.71
1993	3.606
1993	3.074
1993	2.661
1993	2.076
1993	1.939
1993	1.855
1993	1.855
1993	1.33
1993	1.206
1993	1.077
1994	40946.03
1994	33378.957
1994	20614.94
1994	20322.949
1994	17311.095
1994	15704.031
1994	13937.381
1994	13830.595
1994	8745.815
1994	8632.051
1994	8611.215
1994	7712.037
1994	7255.301
1994	6595.988
1994	6560.368
1994	5380.939
1994	5259.483
1994	4674.408
1994	4346.474
1994	4281.529
1994	4266.179
1994	3672.415
1994	3591.355
1994	3287.515
1994	3256.146
1994	3169.019
1994	2568.703
1994	2494.214
1994	2262.898
1994	1922.553
1994	1721.84
1994	1707.191
1994	1650.845
1994	1638.469
1994	1630.53
1994	1606.531
1994	1517.885
1994	1446.675
1994	1385.209
1994	1331.708
1994	1273.04
1994	1251.389
1994	1240.094
1994	1234.134
1994	1229.3
1994	1148.43
1994	1102.771
1994	1102.062
1994	1099.179
1994	994.069
1994	963.687
1994	912.087
1994	898.626
1994	807.908
1994	803.046
1994	798.119
1994	784.152
1994	751.958
1994	741.108
1994	710.074
1994	694.781
1994	681.603
1994	646.432
1994	645.807
1994	642.451
1994	640.438
1994	621.534
1994	609.168
1994	593.667
1994	553.564
1994	550.74
1994	486.509
1994	472.702
1994	471.381
1994	465.746
1994	437.746
1994	428.509
1994	422.783
1994	406.49
1994	374.071
1994	365.5
1994	362.892
1994	345.323
1994	340.01
1994	302.084
1994	294.354
1994	292.542
1994	291.32
1994	279.228
1994	272.141
1994	265.586
1994	264.095
1994	239.845
1994	238.835
1994	236.685
1994	228.56
1994	226.395
1994	225.019
1994	209.442
1994	207.673
1994	207.117
1994	206.876
1994	193.073
1994	192.591
1994	188.199
1994	186.231
1994	182.75
1994	178.543
1994	172.327
1994	170.45
1994	164.973
1994	161.727
1994	150.029
1994	138.456
1994	133.615
1994	128.431
1994	127.672
1994	123.998
1994	121.386
1994	116.425
1994	115.107
1994	103.337
1994	93.149
1994	89.502
1994	85.365
1994	82.845
1994	81.653
1994	81.629
1994	78.813
1994	75.473
1994	71.597
1994	70.849
1994	69.531
1994	67.146
1994	66.456
1994	59.872
1994	58.173
1994	56.921
1994	56.492
1994	52.734
1994	50.305
1994	46.211
1994	44.877
1994	44.801
1994	44.502
1994	42.828
1994	32.32
1994	32.01
1994	31.614
1994	29.733
1994	25.084
1994	24.913
1994	22.438
1994	20.407
1994	19.207
1994	19.013
1994	18.7
1994	16.074
1994	14.43
1994	13.463
1994	13.134
1994	12.986
1994	12.247
1994	12.183
1994	11.683
1994	11.219
1994	10.656
1994	9.925
1994	8.953
1994	7.762
1994	6.282
1994	6.056
1994	5.787
1994	5.534
1994	4.611
1994	4.487
1994	4.082
1994	4.082
1994	3.955
1994	3.763
1994	3.757
1994	3.71
1994	3.606
1994	2.661
1994	2.076
1994	1.939
1994	1.855
1994	1.855
1994	1.33
1994	1.206
1994	1.077
1995	40946.03
1995	37322.879
1995	21143.528
1995	20748.64
1995	17317.083
1995	15764.302
1995	13937.381
1995	13804.622
1995	8887.471
1995	8745.815
1995	8113.637
1995	7585.087
1995	7392.971
1995	6832.876
1995	6595.988
1995	5387.307
1995	4714.05
1995	4381.481
1995	4342.464
1995	4221.653
1995	4189.151
1995	3706.883
1995	3591.355
1995	3324.043
1995	3161.845
1995	3147.949
1995	2663.57
1995	2545.182
1995	2323.378
1995	1978.481
1995	1736.129
1995	1721.84
1995	1638.469
1995	1635.893
1995	1627.597
1995	1606.531
1995	1517.885
1995	1461.666
1995	1377.427
1995	1331.708
1995	1301.45
1995	1240.094
1995	1207.013
1995	1136.732
1995	1132.024
1995	1106.833
1995	1102.771
1995	1099.179
1995	1060.867
1995	996.645
1995	963.687
1995	933.299
1995	925.056
1995	848.934
1995	807.908
1995	798.119
1995	792.865
1995	771.85
1995	741.932
1995	694.781
1995	691.71
1995	688.131
1995	681.603
1995	656.519
1995	656.129
1995	641.353
1995	609.168
1995	593.667
1995	587.005
1995	550.74
1995	533.681
1995	509.974
1995	486.509
1995	468.662
1995	461.954
1995	459.092
1995	436.83
1995	412.891
1995	405.167
1995	365.5
1995	362.892
1995	359.684
1995	355.787
1995	320.964
1995	319.403
1995	303.377
1995	294.354
1995	291.32
1995	272.141
1995	262.504
1995	259.337
1995	257.207
1995	253.453
1995	246.157
1995	241.896
1995	236.685
1995	228.56
1995	219.3
1995	212.708
1995	211.55
1995	209.442
1995	207.673
1995	206.876
1995	206.793
1995	192.591
1995	188.199
1995	186.231
1995	183.954
1995	182.75
1995	170.45
1995	161.727
1995	158.628
1995	150.029
1995	133.841
1995	133.615
1995	128.431
1995	127.672
1995	120.455
1995	120.34
1995	113.001
1995	105.135
1995	104.643
1995	94.479
1995	89.502
1995	85.365
1995	82.845
1995	81.653
1995	81.629
1995	75.473
1995	71.597
1995	69.531
1995	69.201
1995	67.554
1995	67.146
1995	66.456
1995	59.872
1995	58.173
1995	56.921
1995	56.492
1995	52.734
1995	52.075
1995	50.305
1995	48.534
1995	48.521
1995	44.877
1995	44.502
1995	42.828
1995	37.807
1995	33.859
1995	32.469
1995	32.01
1995	29.733
1995	27.014
1995	24.913
1995	22.438
1995	22.262
1995	19.24
1995	19.207
1995	19.013
1995	18.7
1995	16.074
1995	13.463
1995	13.134
1995	12.986
1995	12.787
1995	12.183
1995	11.683
1995	11.219
1995	9.925
1995	8.953
1995	8.165
1995	7.762
1995	6.731
1995	6.282
1995	6.149
1995	6.056
1995	5.787
1995	5.565
1995	5.534
1995	4.487
1995	4.082
1995	4.082
1995	3.955
1995	3.763
1995	3.757
1995	3.606
1995	2.661
1995	2.076
1995	1.939
1995	1.855
1995	1.855
1995	1.33
1995	1.206
1995	1.077
1996	40946.03
1996	38315.902
1996	22464.998
1996	21174.332
1996	17317.083
1996	15717.425
1996	14254.139
1996	13991.999
1996	9407.59
1996	8710.767
1996	8202.596
1996	7585.087
1996	7583.632
1996	6895.805
1996	5594.817
1996	5387.307
1996	4572
1996	4381.481
1996	4366.522
1996	4240.522
1996	4104.806
1996	3675.548
1996	3591.355
1996	3378.835
1996	3076.309
1996	3023.167
1996	2573.851
1996	2517.621
1996	2377.012
1996	2062.375
1996	1812.275
1996	1721.84
1996	1638.469
1996	1610.002
1996	1580.439
1996	1542.27
1996	1517.885
1996	1499.145
1996	1373.536
1996	1331.708
1996	1323.889
1996	1240.094
1996	1192.707
1996	1189.445
1996	1159.68
1996	1111.126
1996	1099.179
1996	1060.867
1996	1060.056
1996	1055.272
1996	971.479
1996	925.056
1996	848.934
1996	846.585
1996	807.908
1996	802.593
1996	798.119
1996	738.584
1996	737.922
1996	728.971
1996	700.892
1996	698.147
1996	694.781
1996	681.603
1996	681.317
1996	623.537
1996	609.168
1996	593.667
1996	572.617
1996	543.099
1996	541.245
1996	509.974
1996	505.023
1996	483.199
1996	461.954
1996	449.777
1996	445.15
1996	432.095
1996	395.959
1996	380.505
1996	365.866
1996	361.02
1996	345.297
1996	320.964
1996	319.403
1996	310.42
1996	294.354
1996	291.32
1996	289.868
1996	272.141
1996	259.337
1996	259.322
1996	247.521
1996	241.259
1996	240.566
1996	239.845
1996	236.685
1996	233.528
1996	231.483
1996	227.434
1996	209.442
1996	207.838
1996	207.673
1996	206.876
1996	192.591
1996	188.842
1996	188.199
1996	186.231
1996	183.954
1996	170.45
1996	169.577
1996	156.28
1996	155.455
1996	133.615
1996	128.431
1996	127.672
1996	120.455
1996	120.34
1996	113.001
1996	109.875
1996	106.456
1996	105.135
1996	89.502
1996	83.468
1996	82.845
1996	81.653
1996	81.629
1996	75.473
1996	73.843
1996	73.387
1996	72.497
1996	71.076
1996	67.554
1996	67.146
1996	66.456
1996	59.872
1996	58.173
1996	56.921
1996	56.492
1996	52.734
1996	52.075
1996	50.832
1996	50.305
1996	48.534
1996	44.877
1996	44.502
1996	42.828
1996	37.807
1996	35.398
1996	34.178
1996	32.01
1996	29.733
1996	27.014
1996	24.913
1996	22.438
1996	22.262
1996	19.24
1996	19.207
1996	19.013
1996	18.7
1996	16.074
1996	13.463
1996	13.134
1996	12.787
1996	12.183
1996	11.683
1996	11.219
1996	11.131
1996	8.953
1996	8.165
1996	7.94
1996	7.762
1996	6.731
1996	6.282
1996	6.149
1996	6.056
1996	5.787
1996	5.565
1996	5.534
1996	4.487
1996	4.082
1996	4.082
1996	3.992
1996	3.955
1996	3.763
1996	3.757
1996	3.606
1996	2.076
1996	1.939
1996	1.855
1996	1.855
1996	1.33
1996	1.206
1996	1.077
1997	40946.03
1997	39372.309
1997	22464.998
1997	20754.765
1997	17320.077
1997	15985.297
1997	14887.657
1997	13914.08
1997	9952.581
1997	8461.888
1997	8346.77
1997	8244.66
1997	7463.01
1997	6895.805
1997	5779.853
1997	5387.307
1997	4608.339
1997	4403.487
1997	4394.59
1997	4381.481
1997	4016.444
1997	3644.214
1997	3591.355
1997	3433.627
1997	3061.997
1997	2983.598
1997	2557.924
1997	2364.46
1997	2298.697
1997	2198.701
1997	1812.275
1997	1807.932
1997	1638.469
1997	1612.934
1997	1580.439
1997	1542.27
1997	1517.885
1997	1499.145
1997	1365.754
1997	1343.545
1997	1323.889
1997	1250.968
1997	1240.094
1997	1216.562
1997	1124.179
1997	1111.126
1997	1093.791
1997	1071.62
1997	1029.353
1997	975.721
1997	954.78
1997	938.271
1997	860.406
1997	839.822
1997	823.453
1997	807.908
1997	778.964
1997	740.165
1997	738.584
1997	731.906
1997	728.971
1997	697.832
1997	694.781
1997	693.354
1997	688.131
1997	623.537
1997	609.168
1997	593.667
1997	572.617
1997	532.635
1997	531.749
1997	509.974
1997	505.023
1997	476.58
1997	461.954
1997	449.777
1997	449.311
1997	438.497
1997	395.959
1997	381.728
1997	373.459
1997	365.866
1997	355.787
1997	330.909
1997	320.964
1997	320.713
1997	315.282
1997	294.354
1997	291.32
1997	275.724
1997	272.05
1997	264.786
1997	259.337
1997	241.896
1997	238.887
1997	236.685
1997	233.528
1997	231.483
1997	230.377
1997	223.405
1997	211.55
1997	207.673
1997	206.876
1997	201.025
1997	192.591
1997	188.199
1997	186.231
1997	184.72
1997	183.954
1997	177.861
1997	177.428
1997	156.28
1997	149.11
1997	133.615
1997	128.431
1997	127.672
1997	120.455
1997	120.34
1997	110.448
1997	109.875
1997	109.576
1997	107.402
1997	105.135
1997	89.496
1997	88.023
1997	81.653
1997	81.629
1997	81.571
1997	75.473
1997	71.849
1997	70.849
1997	69.228
1997	67.933
1997	67.554
1997	67.146
1997	63.198
1997	56.921
1997	56.492
1997	55.467
1997	53.142
1997	52.734
1997	52.075
1997	45.732
1997	44.877
1997	44.801
1997	44.502
1997	42.828
1997	37.807
1997	36.937
1997	34.178
1997	32.01
1997	26.429
1997	25.084
1997	24.913
1997	22.438
1997	22.262
1997	19.24
1997	19.207
1997	19.013
1997	18.7
1997	17.414
1997	13.134
1997	12.986
1997	12.787
1997	12.183
1997	11.683
1997	11.219
1997	11.219
1997	10.206
1997	8.953
1997	7.94
1997	7.762
1997	6.731
1997	6.282
1997	6.149
1997	6.056
1997	5.787
1997	5.565
1997	5.534
1997	4.487
1997	4.082
1997	4.082
1997	3.992
1997	3.955
1997	3.763
1997	3.757
1997	3.606
1997	2.076
1997	1.939
1997	1.855
1997	1.855
1997	1.33
1997	1.206
1997	1.077
1998	40946.03
1998	39389.916
1998	22782.151
1998	20338.261
1998	17320.077
1998	16179.505
1998	15837.933
1998	13914.08
1998	10705.189
1998	8613.646
1998	8262.784
1998	8244.66
1998	7108.926
1998	6895.805
1998	6143.196
1998	5387.307
1998	4631.463
1998	4402.609
1998	4381.481
1998	4340.017
1998	3867.835
1998	3619.146
1998	3591.355
1998	3503.03
1998	3034.168
1998	2873.396
1998	2577.036
1998	2363.319
1998	2349.78
1998	2237.152
1998	1894.024
1998	1812.275
1998	1696.46
1998	1638.469
1998	1612.934
1998	1542.27
1998	1536.623
1998	1528.946
1998	1365.754
1998	1346.328
1998	1337.626
1998	1289.249
1998	1276.197
1998	1240.094
1998	1127.834
1998	1094.595
1998	1093.791
1998	1060.056
1998	999.732
1998	979.963
1998	954.78
1998	938.271
1998	871.878
1998	850.902
1998	807.908
1998	805.693
1998	805.044
1998	791.88
1998	778.964
1998	738.584
1998	726.066
1998	725.89
1998	697.832
1998	694.781
1998	693.354
1998	688.131
1998	623.537
1998	609.168
1998	593.667
1998	536.821
1998	531.749
1998	521.184
1998	509.974
1998	457.631
1998	452.526
1998	445.785
1998	444.898
1998	410.388
1998	402.142
1998	395.959
1998	371.815
1998	362.889
1998	355.787
1998	320.964
1998	316.522
1998	313.221
1998	302.293
1998	294.354
1998	291.32
1998	287.213
1998	281.596
1998	264.786
1998	262.461
1998	242.16
1998	241.896
1998	237.575
1998	237.368
1998	236.685
1998	233.528
1998	231.109
1998	227.222
1998	206.876
1998	201.025
1998	196.704
1998	189.872
1998	188.199
1998	186.231
1998	183.954
1998	182.139
1998	177.861
1998	163.241
1998	156.28
1998	152.282
1998	133.615
1998	129.174
1998	128.431
1998	123.998
1998	120.34
1998	115.107
1998	113.109
1998	110.976
1998	107.402
1998	106.152
1998	105.135
1998	88.023
1998	83.694
1998	81.629
1998	79.674
1998	75.473
1998	72.622
1998	70.849
1998	69.41
1998	67.146
1998	66.525
1998	56.921
1998	56.492
1998	56.295
1998	55.453
1998	55.382
1998	54.114
1998	52.734
1998	52.075
1998	46.994
1998	45.732
1998	44.877
1998	44.801
1998	44.502
1998	42.828
1998	38.476
1998	37.807
1998	32.01
1998	26.429
1998	25.084
1998	24.913
1998	24.117
1998	22.438
1998	19.24
1998	19.207
1998	19.013
1998	18.7
1998	17.414
1998	14.009
1998	12.986
1998	12.787
1998	12.183
1998	11.683
1998	11.219
1998	11.219
1998	10.206
1998	8.953
1998	7.94
1998	7.762
1998	6.731
1998	6.282
1998	6.149
1998	6.056
1998	5.565
1998	5.534
1998	4.629
1998	4.487
1998	4.082
1998	4.082
1998	3.992
1998	3.955
1998	3.763
1998	3.757
1998	3.606
1998	2.076
1998	1.939
1998	1.855
1998	1.855
1998	1.33
1998	1.206
1998	1.077
1999	40949.169
1999	39389.916
1999	24182.91
1999	19918.695
1999	17320.077
1999	16290.002
1999	15837.933
1999	13914.08
1999	11490.236
1999	8904.233
1999	8825.306
1999	8337.448
1999	7178.964
1999	6895.805
1999	6149.925
1999	5518.912
1999	4525.752
1999	4442.706
1999	4381.481
1999	4328.009
1999	3795.539
1999	3612.879
1999	3591.355
1999	3503.03
1999	2996.24
1999	2845.66
1999	2548.367
1999	2402.118
1999	2400.862
1999	2258.126
1999	1980.116
1999	1812.275
1999	1785.748
1999	1638.469
1999	1612.934
1999	1606.531
1999	1536.623
1999	1469.531
1999	1368.767
1999	1335.832
1999	1325.789
1999	1287.933
1999	1240.094
1999	1196.281
1999	1127.834
1999	1077.626
1999	1073.887
1999	1060.056
1999	999.732
1999	984.206
1999	963.655
1999	948.843
1999	879.448
1999	872.684
1999	848.693
1999	808.57
1999	778.964
1999	773.755
1999	762.86
1999	726.066
1999	717.869
1999	705.106
1999	694.781
1999	681.317
1999	661.104
1999	646.327
1999	619.084
1999	609.168
1999	593.667
1999	543.099
1999	535.144
1999	531.749
1999	521.184
1999	465.423
1999	461.791
1999	452.526
1999	445.785
1999	435.296
1999	426.417
1999	410.388
1999	371.815
1999	366.219
1999	359.366
1999	355.787
1999	313.412
1999	312.517
1999	309.659
1999	309.1
1999	302.135
1999	298.701
1999	294.354
1999	291.32
1999	267.277
1999	265.586
1999	264.786
1999	256.916
1999	243.949
1999	243.667
1999	241.896
1999	238.497
1999	236.685
1999	224.066
1999	206.876
1999	204.071
1999	189.99
1999	189.872
1999	189.281
1999	188.199
1999	183.954
1999	183.492
1999	177.861
1999	163.241
1999	156.28
1999	142.765
1999	133.615
1999	130.676
1999	123.998
1999	123.491
1999	120.34
1999	114.44
1999	107.402
1999	106.152
1999	105.135
1999	104.643
1999	88.023
1999	85.735
1999	81.629
1999	77.777
1999	75.473
1999	72.622
1999	72.363
1999	69.201
1999	67.146
1999	66.525
1999	60.269
1999	57.763
1999	56.492
1999	56.295
1999	55.382
1999	54.114
1999	52.734
1999	52.075
1999	46.994
1999	45.732
1999	44.877
1999	44.801
1999	44.613
1999	44.502
1999	40.015
1999	37.807
1999	32.01
1999	26.989
1999	26.429
1999	25.084
1999	24.117
1999	22.438
1999	21.342
1999	19.24
1999	19.013
1999	18.7
1999	17.414
1999	14.009
1999	12.986
1999	12.787
1999	12.183
1999	11.683
1999	11.219
1999	11.219
1999	8.953
1999	8.165
1999	7.94
1999	7.762
1999	7.42
1999	6.731
1999	6.282
1999	6.149
1999	6.056
1999	5.534
1999	5.274
1999	4.629
1999	4.487
1999	4.082
1999	4.082
1999	3.992
1999	3.763
1999	3.606
1999	2.504
1999	2.076
1999	1.939
1999	1.855
1999	1.855
1999	1.33
1999	1.206
1999	1.077
2000	41118.666
2000	39389.916
2000	24315.057
2000	19502.191
2000	17320.077
2000	16420.59
2000	14729.277
2000	13914.08
2000	12573.731
2000	8904.233
2000	8604.443
2000	8412.112
2000	7252.894
2000	6895.805
2000	5810.131
2000	5625.045
2000	4502.628
2000	4462.754
2000	4381.481
2000	4379.471
2000	3743.326
2000	3578.411
2000	3573.399
2000	3503.03
2000	2949.885
2000	2923.32
2000	2548.367
2000	2459.241
2000	2426.082
2000	2300.072
2000	2066.208
2000	1919.679
2000	1794
2000	1671.586
2000	1638.469
2000	1606.531
2000	1574.102
2000	1395.468
2000	1391.206
2000	1326.935
2000	1284.042
2000	1240.094
2000	1209.953
2000	1189.659
2000	1136.189
2000	1077.626
2000	1060.056
2000	1053.178
2000	996.029
2000	992.69
2000	963.655
2000	956.72
2000	948.843
2000	889.33
2000	848.693
2000	844.096
2000	772.579
2000	762.538
2000	726.066
2000	725.124
2000	705.106
2000	701.828
2000	694.781
2000	681.317
2000	661.104
2000	609.168
2000	605.722
2000	593.667
2000	554.61
2000	536.238
2000	531.749
2000	506.249
2000	484.745
2000	470.112
2000	451.3
2000	445.785
2000	443.099
2000	426.417
2000	410.388
2000	371.815
2000	359.366
2000	358.635
2000	334.718
2000	315.79
2000	313.93
2000	313.412
2000	304.446
2000	302.918
2000	294.354
2000	293.219
2000	291.32
2000	287.747
2000	278.773
2000	269.628
2000	268.71
2000	267.277
2000	264.786
2000	248.434
2000	246.713
2000	241.896
2000	236.685
2000	224.066
2000	206.876
2000	204.071
2000	194.7
2000	192.993
2000	189.872
2000	188.199
2000	185.271
2000	183.954
2000	183.492
2000	163.241
2000	156.28
2000	139.592
2000	135.183
2000	133.615
2000	125.572
2000	120.455
2000	118.552
2000	117.101
2000	107.402
2000	106.152
2000	105.135
2000	91.859
2000	88.023
2000	79.674
2000	77.918
2000	75.473
2000	73.84
2000	73.25
2000	72.622
2000	69.201
2000	68.274
2000	67.146
2000	58.595
2000	57.763
2000	56.82
2000	56.492
2000	56.295
2000	55.382
2000	52.734
2000	52.075
2000	49.966
2000	46.994
2000	45.732
2000	44.877
2000	44.502
2000	41.554
2000	41.067
2000	37.807
2000	32.01
2000	29.065
2000	26.429
2000	23.155
2000	22.438
2000	21.645
2000	21.342
2000	19.013
2000	18.7
2000	18.552
2000	17.512
2000	17.414
2000	15.229
2000	12.787
2000	11.219
2000	11.131
2000	8.975
2000	8.953
2000	8.165
2000	7.789
2000	7.762
2000	7.42
2000	6.731
2000	6.282
2000	6.149
2000	6.123
2000	6.056
2000	5.955
2000	5.534
2000	4.902
2000	4.629
2000	4.487
2000	4.219
2000	4.082
2000	3.992
2000	3.879
2000	3.606
2000	2.661
2000	2.504
2000	2.076
2000	1.881
2000	1.855
2000	1.855
2000	1.206
2000	1.077
2001	41118.666
2001	39389.916
2001	25107.939
2001	19082.624
2001	17320.077
2001	16675.069
2001	14729.277
2001	14221.681
2001	13914.08
2001	8904.233
2001	8586.327
2001	8582.971
2001	7229.548
2001	7195.623
2001	5731.178
2001	5722.66
2001	4538.938
2001	4381.481
2001	4374.325
2001	4294.509
2001	3711.194
2001	3573.399
2001	3565.877
2001	3503.03
2001	2907.744
2001	2723.624
2001	2548.367
2001	2481.134
2001	2436.352
2001	2349.01
2001	2066.208
2001	1934.109
2001	1919.679
2001	1730.239
2001	1638.469
2001	1606.531
2001	1574.102
2001	1431.249
2001	1391.206
2001	1353.017
2001	1268.478
2001	1240.094
2001	1208.105
2001	1205.851
2001	1171.903
2001	1137.86
2001	1077.626
2001	1055.431
2001	1034.292
2001	1032.47
2001	992.69
2001	992.326
2001	951.486
2001	937.885
2001	894.819
2001	795.65
2001	772.579
2001	730.98
2001	726.066
2001	705.106
2001	704.981
2001	691.802
2001	681.317
2001	636.618
2001	609.168
2001	606.932
2001	605.722
2001	594.906
2001	556.563
2001	531.749
2001	522.012
2001	506.249
2001	484.745
2001	478.433
2001	457.701
2001	445.785
2001	426.417
2001	407.079
2001	377.596
2001	376.575
2001	352.319
2001	341.877
2001	329.522
2001	313.412
2001	312.517
2001	304.446
2001	302.918
2001	294.354
2001	291.32
2001	282.813
2001	281.491
2001	279.115
2001	278.414
2001	273.401
2001	269.628
2001	266.257
2001	262.461
2001	248.434
2001	246.713
2001	241.896
2001	236.685
2001	224.066
2001	206.876
2001	204.071
2001	203.799
2001	202.551
2001	189.872
2001	189.281
2001	188.199
2001	183.954
2001	180.754
2001	163.241
2001	161.906
2001	142.693
2001	139.592
2001	133.615
2001	122.432
2001	118.552
2001	117.101
2001	116.913
2001	107.402
2001	105.135
2001	102.728
2001	95.942
2001	89.446
2001	88.023
2001	79.674
2001	75.473
2001	74.481
2001	74.208
2001	73.84
2001	73.25
2001	72.622
2001	67.554
2001	67.146
2001	60.074
2001	58.173
2001	56.921
2001	55.382
2001	52.734
2001	52.075
2001	51.792
2001	49.966
2001	44.877
2001	44.502
2001	43.093
2001	42.722
2001	41.067
2001	37.807
2001	36.585
2001	32.01
2001	31.141
2001	26.429
2001	23.375
2001	22.438
2001	21.89
2001	21.645
2001	21.342
2001	19.295
2001	19.013
2001	18.754
2001	18.552
2001	18.275
2001	12.787
2001	11.219
2001	11.131
2001	8.975
2001	8.953
2001	8.165
2001	7.789
2001	7.762
2001	7.42
2001	6.731
2001	6.282
2001	6.149
2001	6.123
2001	6.056
2001	5.955
2001	5.534
2001	5.348
2001	4.629
2001	4.487
2001	4.219
2001	4.082
2001	3.992
2001	3.879
2001	3.606
2001	2.661
2001	2.504
2001	2.076
2001	1.855
2001	1.855
2001	1.206
2001	1.129
2001	1.077
2002	41432.549
2002	40094.188
2002	25372.233
2002	19572.629
2002	17320.077
2002	16665.024
2002	14887.657
2002	14357.929
2002	13914.08
2002	9003.169
2002	8710.767
2002	7997.071
2002	7195.623
2002	7140.054
2002	5943.443
2002	5130.544
2002	4526.909
2002	4434.365
2002	4381.481
2002	4096.301
2002	3667.013
2002	3553.343
2002	3519.528
2002	3503.03
2002	2865.603
2002	2679.247
2002	2548.367
2002	2438.634
2002	2386.267
2002	2321.045
2002	2281.335
2002	2066.208
2002	1919.679
2002	1759.565
2002	1638.469
2002	1606.531
2002	1574.102
2002	1455.103
2002	1346.328
2002	1272.369
2002	1240.094
2002	1204.484
2002	1188.3
2002	1182.138
2002	1078.704
2002	1065.366
2002	1055.431
2002	1050.453
2002	1017.678
2002	992.69
2002	981.218
2002	973.056
2002	951.486
2002	909.093
2002	846.117
2002	795.65
2002	772.579
2002	727.438
2002	711.545
2002	705.106
2002	689.6
2002	687.791
2002	656.064
2002	643.845
2002	630.497
2002	618.065
2002	609.168
2002	605.722
2002	556.563
2002	550.74
2002	534.05
2002	508.291
2002	482.593
2002	468.587
2002	456.876
2002	451.3
2002	445.785
2002	403.769
2002	386.688
2002	378.41
2002	361.885
2002	352.319
2002	341.877
2002	329.522
2002	315.79
2002	313.412
2002	304.446
2002	302.918
2002	291.32
2002	286.368
2002	282.813
2002	281.491
2002	276.237
2002	269.628
2002	268.463
2002	264.919
2002	263.973
2002	262.461
2002	248.434
2002	246.713
2002	241.896
2002	236.685
2002	224.066
2002	214.915
2002	206.876
2002	204.071
2002	198.953
2002	189.872
2002	185.57
2002	183.954
2002	180.754
2002	168.158
2002	154.649
2002	147.199
2002	139.592
2002	138.474
2002	123.479
2002	118.552
2002	117.101
2002	116.913
2002	112.323
2002	107.402
2002	102.728
2002	95.942
2002	93.201
2002	84.738
2002	79.674
2002	78.482
2002	74.481
2002	74.208
2002	73.84
2002	72.622
2002	72.328
2002	67.146
2002	64.258
2002	60.074
2002	58.173
2002	55.382
2002	53.572
2002	52.734
2002	52.075
2002	51.792
2002	49.966
2002	49.365
2002	44.632
2002	44.502
2002	42.722
2002	41.067
2002	37.807
2002	36.585
2002	32.01
2002	31.141
2002	26.268
2002	24.366
2002	23.375
2002	23.125
2002	22.438
2002	21.645
2002	21.342
2002	20.407
2002	19.013
2002	18.754
2002	17.366
2002	12.787
2002	11.219
2002	11.131
2002	8.975
2002	8.953
2002	8.165
2002	7.789
2002	7.762
2002	7.42
2002	6.731
2002	6.282
2002	6.149
2002	6.123
2002	6.056
2002	5.955
2002	5.534
2002	5.348
2002	4.629
2002	4.487
2002	4.219
2002	4.082
2002	3.992
2002	3.992
2002	3.879
2002	3.606
2002	2.504
2002	2.076
2002	1.855
2002	1.855
2002	1.206
2002	1.077
2002	0.376
2003	43001.964
2003	41502.731
2003	26429.41
2003	20065.696
2003	17320.077
2003	16621.495
2003	15109.388
2003	15013.216
2003	13914.08
2003	9003.169
2003	8845.161
2003	7914.247
2003	7495.441
2003	7058.342
2003	6155.709
2003	4995.973
2003	4554.444
2003	4410.227
2003	4381.481
2003	3924.52
2003	3642.915
2003	3525.142
2003	3519.528
2003	3503.03
2003	2823.461
2003	2579.4
2003	2494.544
2003	2442.058
2003	2291.4
2003	2279.099
2003	2229.821
2003	2154.022
2003	2098.253
2003	1835.813
2003	1645.412
2003	1611.581
2003	1606.531
2003	1598.228
2003	1346.328
2003	1272.369
2003	1240.094
2003	1226.415
2003	1219.252
2003	1192.261
2003	1122.453
2003	1082.775
2003	1078.376
2003	1077.626
2003	1002.886
2003	996.503
2003	992.69
2003	977.916
2003	977.515
2003	936.541
2003	828.771
2003	795.65
2003	775.408
2003	772.579
2003	727.116
2003	711.545
2003	705.106
2003	681.775
2003	637.032
2003	630.497
2003	619.513
2003	615.78
2003	609.168
2003	605.722
2003	556.563
2003	550.74
2003	550.465
2003	510.332
2003	490.913
2003	468.587
2003	456.876
2003	451.3
2003	445.785
2003	398.586
2003	397.15
2003	381.55
2003	367.844
2003	345.273
2003	340.088
2003	329.522
2003	323.971
2003	313.412
2003	307.051
2003	306.743
2003	302.918
2003	291.32
2003	286.853
2003	281.491
2003	273.36
2003	269.628
2003	268.71
2003	264.919
2003	264.786
2003	263.973
2003	248.434
2003	246.713
2003	241.896
2003	236.685
2003	224.066
2003	206.876
2003	203.799
2003	198.953
2003	197.979
2003	189.872
2003	183.954
2003	183.492
2003	181.858
2003	168.783
2003	167.537
2003	147.199
2003	144.408
2003	143.332
2003	139.592
2003	124.005
2003	121.386
2003	118.552
2003	114.44
2003	113.37
2003	107.402
2003	99.304
2003	95.942
2003	93.201
2003	79.674
2003	75.323
2003	74.481
2003	74.208
2003	73.84
2003	72.328
2003	67.554
2003	67.146
2003	65.668
2003	60.074
2003	58.173
2003	55.382
2003	53.572
2003	52.734
2003	52.075
2003	51.792
2003	49.966
2003	49.365
2003	44.632
2003	44.502
2003	42.722
2003	41.067
2003	37.807
2003	33.218
2003	32.012
2003	32.01
2003	26.429
2003	26.268
2003	24.366
2003	23.375
2003	22.438
2003	21.342
2003	20.407
2003	19.24
2003	19.013
2003	18.754
2003	17.366
2003	12.787
2003	11.219
2003	9.276
2003	8.975
2003	8.953
2003	8.165
2003	7.789
2003	7.762
2003	7.686
2003	7.42
2003	6.731
2003	6.282
2003	6.123
2003	6.056
2003	5.955
2003	5.534
2003	5.348
2003	4.629
2003	4.487
2003	4.219
2003	4.082
2003	3.992
2003	3.992
2003	3.879
2003	3.606
2003	2.504
2003	2.076
2003	1.855
2003	1.855
2003	1.206
2003	1.077
2003	0.376
2004	44571.378
2004	42946.488
2004	26984.427
2004	20555.701
2004	17414.422
2004	17320.077
2004	16514.346
2004	15362.795
2004	13914.08
2004	9003.169
2004	8847.65
2004	7822.221
2004	7795.258
2004	7042.778
2004	6367.975
2004	4945.508
2004	4669.378
2004	4538.938
2004	4496.784
2004	4116.122
2004	3630.865
2004	3518.875
2004	3483.615
2004	3470.155
2004	2781.32
2004	2616.377
2004	2569.23
2004	2568.703
2004	2500.047
2004	2458.034
2004	2379.704
2004	2229.821
2004	2152.3
2004	2052.826
2004	1652.354
2004	1649.059
2004	1622.082
2004	1606.531
2004	1346.328
2004	1270.693
2004	1260.696
2004	1240.094
2004	1219.252
2004	1180.378
2004	1147.208
2004	1136.125
2004	1089.239
2004	1077.626
2004	1030.776
2004	1019.95
2004	992.69
2004	991.053
2004	953.01
2004	840.287
2004	824.916
2004	813.194
2004	795.65
2004	772.579
2004	717.456
2004	705.106
2004	681.775
2004	628.198
2004	623.405
2004	621.534
2004	618.254
2004	609.168
2004	605.722
2004	561.409
2004	556.563
2004	550.74
2004	510.332
2004	495.074
2004	468.587
2004	456.876
2004	454.5
2004	445.785
2004	404.535
2004	399.266
2004	393.84
2004	370.271
2004	364.278
2004	348.796
2004	341.969
2004	341.877
2004	329.522
2004	313.414
2004	313.412
2004	306.743
2004	302.918
2004	291.32
2004	286.851
2004	282.813
2004	281.491
2004	280.266
2004	276.047
2004	264.919
2004	254.546
2004	248.434
2004	246.713
2004	236.685
2004	233.442
2004	217.155
2004	214.791
2004	208.286
2004	206.876
2004	198.953
2004	197.979
2004	197.186
2004	189.872
2004	184.516
2004	181.858
2004	168.783
2004	162.312
2004	152.282
2004	147.199
2004	143.332
2004	124.005
2004	120.34
2004	118.552
2004	116.352
2004	114.44
2004	110.181
2004	103.557
2004	99.411
2004	99.304
2004	91.859
2004	75.88
2004	75.323
2004	74.481
2004	74.208
2004	73.84
2004	72.328
2004	69.943
2004	69.201
2004	65.668
2004	61.229
2004	58.173
2004	55.382
2004	53.572
2004	52.734
2004	52.075
2004	49.966
2004	49.54
2004	49.365
2004	44.632
2004	44.502
2004	42.722
2004	41.067
2004	37.807
2004	33.218
2004	32.012
2004	32.01
2004	30.646
2004	23.375
2004	23.125
2004	22.438
2004	21.342
2004	21.32
2004	19.24
2004	19.013
2004	18.754
2004	17.366
2004	16.696
2004	12.937
2004	11.721
2004	11.219
2004	11.219
2004	9.276
2004	8.953
2004	8.165
2004	7.789
2004	7.686
2004	7.42
2004	6.731
2004	6.282
2004	6.056
2004	5.955
2004	5.534
2004	5.348
2004	4.629
2004	4.487
2004	4.219
2004	4.082
2004	4.082
2004	3.992
2004	3.992
2004	3.879
2004	3.606
2004	2.504
2004	2.076
2004	1.855
2004	1.855
2004	1.206
2004	1.077
2005	48651.857
2005	44020.503
2005	27037.286
2005	21048.768
2005	19814.98
2005	17320.077
2005	16510.997
2005	15362.795
2005	13914.08
2005	9003.169
2005	8959.646
2005	7834.491
2005	7795.258
2005	7003.868
2005	6367.975
2005	5339.13
2005	4842.69
2005	4762.01
2005	4366.522
2005	4010.411
2005	3618.816
2005	3528.276
2005	3483.615
2005	3470.155
2005	2829.019
2005	2778.963
2005	2758.437
2005	2734.965
2005	2729.073
2005	2500.047
2005	2471.728
2005	2466.323
2005	2229.821
2005	2152.3
2005	1789.645
2005	1669.791
2005	1652.354
2005	1649.059
2005	1606.531
2005	1346.328
2005	1314.971
2005	1240.094
2005	1233.459
2005	1213.334
2005	1185.344
2005	1180.378
2005	1098.935
2005	1077.626
2005	1057.207
2005	1019.95
2005	992.69
2005	982.177
2005	973.871
2005	891.562
2005	819.134
2005	795.65
2005	772.579
2005	748.545
2005	713.269
2005	705.106
2005	681.775
2005	659.268
2005	633.987
2005	616.592
2005	609.168
2005	606.012
2005	605.722
2005	578.372
2005	556.563
2005	531.749
2005	510.332
2005	503.394
2005	475.151
2005	468.587
2005	452.26
2005	445.785
2005	416.06
2005	407.51
2005	407.298
2005	390.531
2005	370.559
2005	355.059
2005	341.75
2005	338.298
2005	329.522
2005	316.596
2005	313.412
2005	310.19
2005	302.918
2005	294.933
2005	291.32
2005	286.851
2005	276.047
2005	273.36
2005	264.919
2005	261.608
2005	248.434
2005	246.713
2005	245.118
2005	236.685
2005	233.442
2005	223.894
2005	217.155
2005	214.791
2005	208.286
2005	206.876
2005	204.33
2005	200.385
2005	197.979
2005	197.186
2005	189.872
2005	174.435
2005	168.783
2005	162.312
2005	147.199
2005	143.332
2005	125.302
2005	123.729
2005	120.13
2005	118.552
2005	114.44
2005	112.661
2005	109.875
2005	103.557
2005	92.455
2005	91.859
2005	77.584
2005	75.88
2005	75.539
2005	75.317
2005	72.328
2005	70.849
2005	68.642
2005	65.668
2005	61.229
2005	59.997
2005	56.492
2005	53.572
2005	52.734
2005	52.075
2005	50.056
2005	49.966
2005	49.54
2005	49.365
2005	44.632
2005	44.502
2005	42.722
2005	41.067
2005	37.807
2005	33.218
2005	32.012
2005	32.01
2005	30.646
2005	23.375
2005	23.287
2005	23.125
2005	22.438
2005	21.342
2005	19.24
2005	19.013
2005	18.754
2005	15.436
2005	15.229
2005	14.841
2005	11.721
2005	11.683
2005	11.219
2005	11.219
2005	9.223
2005	8.953
2005	7.42
2005	7.42
2005	6.731
2005	6.282
2005	6.123
2005	6.056
2005	5.955
2005	5.571
2005	5.534
2005	4.629
2005	4.487
2005	4.219
2005	4.082
2005	4.082
2005	3.992
2005	3.992
2005	3.967
2005	3.879
2005	2.504
2005	2.076
2005	1.855
2005	1.855
2005	1.809
2005	1.077
2006	47082.442
2006	44724.774
2006	28543.763
2006	21538.773
2006	20034.923
2006	17320.077
2006	16266.563
2006	15521.174
2006	13914.08
2006	8959.646
2006	8904.233
2006	7806.883
2006	7795.258
2006	6992.195
2006	6367.975
2006	4966.146
2006	4928.687
2006	4900.341
2006	4562.995
2006	4007.107
2006	3610.783
2006	3493.807
2006	3470.155
2006	3411.788
2006	2905.732
2006	2848.874
2006	2721.95
2006	2718.108
2006	2601.588
2006	2500.047
2006	2492.717
2006	2489.986
2006	2238.392
2006	2229.821
2006	1789.061
2006	1766.701
2006	1659.297
2006	1649.059
2006	1606.531
2006	1359.249
2006	1346.328
2006	1240.094
2006	1205.851
2006	1196.222
2006	1168.089
2006	1165.984
2006	1131.257
2006	1083.637
2006	1077.626
2006	1055.121
2006	1006.809
2006	992.69
2006	970.344
2006	950.162
2006	822.989
2006	795.65
2006	772.579
2006	761.678
2006	711.981
2006	705.106
2006	681.775
2006	679.598
2006	642.672
2006	616.592
2006	609.168
2006	606.012
2006	592.76
2006	560.236
2006	556.563
2006	511.715
2006	510.332
2006	472.105
2006	468.587
2006	457.701
2006	445.856
2006	445.384
2006	429.514
2006	410.484
2006	400.459
2006	399.21
2006	397.252
2006	366.512
2006	357.987
2006	348.796
2006	329.522
2006	329.324
2006	327.423
2006	313.412
2006	307.054
2006	302.918
2006	291.32
2006	286.851
2006	276.237
2006	276.047
2006	261.608
2006	249.758
2006	248.434
2006	236.685
2006	235.69
2006	235.483
2006	233.442
2006	219.087
2006	218.093
2006	214.598
2006	206.876
2006	204.33
2006	200.385
2006	200.267
2006	197.979
2006	196.912
2006	189.872
2006	171.908
2006	167.013
2006	162.312
2006	152.153
2006	148.701
2006	143.332
2006	121.386
2006	120.557
2006	118.979
2006	118.552
2006	115.85
2006	114.44
2006	103.557
2006	95.879
2006	91.859
2006	78.337
2006	77.584
2006	76.794
2006	72.328
2006	68.642
2006	67.554
2006	63.54
2006	61.806
2006	61.478
2006	59.997
2006	58.807
2006	53.572
2006	52.734
2006	52.075
2006	50.056
2006	49.54
2006	49.365
2006	47.077
2006	44.632
2006	44.613
2006	44.502
2006	44.431
2006	41.067
2006	37.807
2006	35.024
2006	33.218
2006	32.012
2006	32.01
2006	23.375
2006	23.287
2006	22.438
2006	21.342
2006	19.822
2006	19.24
2006	19.013
2006	18.754
2006	15.436
2006	14.841
2006	12.183
2006	11.721
2006	11.683
2006	11.219
2006	11.219
2006	10.761
2006	8.953
2006	7.235
2006	6.731
2006	6.282
2006	6.123
2006	6.056
2006	5.955
2006	5.571
2006	5.565
2006	5.534
2006	4.629
2006	4.487
2006	4.327
2006	4.087
2006	4.082
2006	4.082
2006	3.992
2006	3.992
2006	3.879
2006	3.757
2006	2.412
2006	2.076
2006	1.855
2006	1.855
2006	1.077
2007	47082.442
2007	46485.454
2007	29521.651
2007	21590.836
2007	20184.147
2007	17320.077
2007	16105.84
2007	15521.174
2007	13914.08
2007	9084.085
2007	8904.233
2007	8215.003
2007	7763.938
2007	6980.521
2007	6367.975
2007	5288.666
2007	4990.162
2007	4900.341
2007	4514.479
2007	4030.231
2007	3610.783
2007	3470.155
2007	3411.788
2007	3402.937
2007	3353.471
2007	2948.171
2007	2911.794
2007	2750.786
2007	2551.664
2007	2544.69
2007	2512.809
2007	2482.118
2007	2324.484
2007	2229.821
2007	1904.366
2007	1836.77
2007	1659.297
2007	1649.059
2007	1606.531
2007	1403.527
2007	1346.328
2007	1240.094
2007	1223.625
2007	1200.183
2007	1171.903
2007	1164.393
2007	1131.257
2007	1083.637
2007	1077.626
2007	1071.534
2007	1039.747
2007	992.69
2007	963.766
2007	958.511
2007	805.642
2007	801.075
2007	795.65
2007	766.194
2007	723.73
2007	723.574
2007	705.106
2007	688.311
2007	681.775
2007	630.219
2007	609.168
2007	606.012
2007	569.731
2007	562.873
2007	561.107
2007	556.563
2007	520.035
2007	510.332
2007	491.461
2007	472.105
2007	468.587
2007	457.381
2007	445.384
2007	422.109
2007	410.484
2007	400.459
2007	399.21
2007	391.075
2007	374.693
2007	357.987
2007	348.415
2007	333.167
2007	329.522
2007	323.215
2007	313.412
2007	302.918
2007	291.32
2007	286.851
2007	276.047
2007	273.36
2007	261.608
2007	258.896
2007	255.675
2007	248.434
2007	236.685
2007	235.69
2007	235.483
2007	235.278
2007	231.974
2007	214.598
2007	206.876
2007	204.33
2007	201.02
2007	197.979
2007	193.197
2007	189.872
2007	171.908
2007	170.724
2007	168.202
2007	162.312
2007	152.153
2007	150.203
2007	145.762
2007	134.624
2007	121.909
2007	121.386
2007	120.528
2007	120.101
2007	114.212
2007	107.786
2007	91.859
2007	89.031
2007	78.337
2007	77.584
2007	76.794
2007	72.328
2007	68.642
2007	63.54
2007	62.601
2007	61.806
2007	61.283
2007	58.492
2007	53.572
2007	52.761
2007	52.734
2007	52.075
2007	49.54
2007	49.365
2007	46.152
2007	45.286
2007	44.801
2007	44.632
2007	44.613
2007	44.502
2007	42.369
2007	37.807
2007	36.775
2007	33.218
2007	32.012
2007	32.01
2007	23.375
2007	23.287
2007	23.125
2007	22.438
2007	21.342
2007	19.24
2007	18.754
2007	18.253
2007	13.507
2007	12.986
2007	12.298
2007	12.183
2007	11.721
2007	11.683
2007	11.219
2007	11.219
2007	8.953
2007	7.235
2007	6.731
2007	6.731
2007	6.307
2007	6.123
2007	5.955
2007	5.571
2007	5.534
2007	4.79
2007	4.688
2007	4.629
2007	4.542
2007	4.487
2007	4.082
2007	4.082
2007	3.992
2007	3.955
2007	3.879
2007	3.757
2007	2.412
2007	2.076
2007	1.855
2007	1.855
2007	1.077
