1980	751332.1157
1980	702729.735
1980	678511.2227
1980	296752.1388
1980	238281.4657
1980	221122.5564
1980	134052.0844
1980	133560.4536
1980	122928.6605
1980	104765.8762
1980	97571.08999
1980	73439.28971
1980	55984.18933
1980	49335.04721
1980	48673.56118
1980	44974.30347
1980	41321.24362
1980	40742.53016
1980	34073.54643
1980	31469.887
1980	30765.51004
1980	25628.73911
1980	22599.58749
1980	20031.20203
1980	19244.15171
1980	10739.81958
1980	10575.57518
1980	8014.9059
1980	7823.10372
1980	6654.65368
1980	6589.17638
1980	5513.4426
1980	5189.68188
1980	5021.02824
1980	4399.32464
1980	3195.60063
1980	2924.43204
1980	2830.73557
1980	2530.31494
1980	2180.84935
1980	1961.01191
1980	1715.19648
1980	1693.15025
1980	1620.29002
1980	1601.65841
1980	1459.46024
1980	1177.26853
1980	1058.21891
1980	864.21211
1980	777.57043
1980	707.68389
1980	672.40993
1980	657.21126
1980	645.55762
1980	491.63087
1980	408.95751
1980	328.48879
1980	317.46567
1980	281.0894
1980	259.04317
1980	253.03557
1980	198.41604
1980	194.0068
1980	174.16519
1980	132.27736
1980	131.17505
1980	99.20802
1980	94.96412
1980	88.18491
1980	83.77566
1980	71.65024
1980	30.86472
1980	30.49875
1980	24.25085
1980	23.14854
1980	22.04623
1980	19.8416
1980	11.02311
1980	6.61387
1980	6.61387
1980	5.51156
1980	5.51156
1980	5.51156
1980	4.40925
1980	4.40925
1980	2.20462
1980	2.20462
1980	2.20462
1980	2.20462
1980	2.20462
1980	2.20462
1980	1.15743
1980	1.10231
1980	1.10231
1980	1.10231
1980	1.10231
1980	1.10231
1980	1.10231
1980	1.10231
1980	1.10231
1980	1.10231
1980	0.09921
1981	748106.7527
1981	732626.833
1981	679906.7489
1981	303080.5083
1981	240606.9789
1981	199836.9241
1981	144012.5699
1981	133672.8893
1981	130343.909
1981	116367.7033
1981	105749.9784
1981	77464.93079
1981	58541.52964
1981	50900.32934
1981	50830.88372
1981	48465.25741
1981	45245.47206
1981	42807.15934
1981	40439.80239
1981	34183.77757
1981	31378.39516
1981	30168.05729
1981	24571.62252
1981	23822.05079
1981	20888.80026
1981	10928.31482
1981	9236.26688
1981	8287.1768
1981	7654.45008
1981	6947.8685
1981	6058.96462
1981	5060.71145
1981	4981.34503
1981	4782.92899
1981	4563.56903
1981	2988.3661
1981	2540.71084
1981	2451.54046
1981	2360.04862
1981	2238.34403
1981	1912.51021
1981	1864.00851
1981	1855.14001
1981	1527.80354
1981	1490.32496
1981	1453.94868
1981	1431.90246
1981	1367.9684
1981	837.75663
1981	816.81272
1981	795.8688
1981	792.07685
1981	741.85554
1981	697.54263
1981	560.31478
1981	443.12917
1981	399.03671
1981	324.07954
1981	289.90789
1981	281.0894
1981	271.16859
1981	263.64532
1981	200.98223
1981	180.77906
1981	175.26751
1981	140.05307
1981	137.78892
1981	132.27736
1981	114.64038
1981	111.33345
1981	99.20802
1981	90.38953
1981	52.92197
1981	52.91095
1981	50.70632
1981	33.06934
1981	31.96703
1981	23.14854
1981	19.8416
1981	13.22774
1981	9.9208
1981	9.9208
1981	6.61387
1981	6.61387
1981	4.40925
1981	3.30693
1981	2.20462
1981	2.20462
1981	2.20462
1981	2.20462
1981	2.20462
1981	1.20152
1981	1.10231
1981	1.10231
1981	1.10231
1981	1.10231
1981	1.10231
1981	1.10231
1981	1.10231
1981	1.10231
1981	1.10231
1981	1.10231
1981	1.10231
1981	0.11023
1982	770504.6172
1982	725981.1591
1982	706910.644
1982	309555.4852
1982	235831.722
1982	208031.5067
1982	150294.6423
1982	134755.3591
1982	123517.2948
1982	122355.4586
1982	103736.9323
1982	78820.77376
1982	62438.11211
1982	53600.99217
1982	51088.82458
1982	50081.312
1982	48614.68673
1982	46094.25181
1982	43737.01408
1982	34665.48763
1982	32021.04268
1982	30599.06103
1982	26490.74659
1982	24386.43421
1982	22741.78566
1982	11940.23665
1982	10646.12311
1982	7655.55239
1982	6978.15781
1982	6193.88753
1982	5841.14789
1982	5712.67058
1982	5509.35217
1982	4706.86951
1982	4555.85285
1982	2927.73897
1982	2781.78152
1982	2730.42524
1982	2488.34003
1982	2483.73306
1982	2175.96262
1982	2094.39158
1982	1832.10762
1982	1650.16011
1982	1535.51972
1982	1498.04114
1982	1451.74406
1982	1362.45684
1982	1304.03434
1982	1250.02108
1982	1000.89871
1982	946.88546
1982	821.22196
1982	667.55755
1982	666.89837
1982	643.52937
1982	579.26462
1982	478.40313
1982	329.5911
1982	286.9592
1982	273.37322
1982	267.86166
1982	180.77906
1982	175.26751
1982	169.75595
1982	159.83515
1982	151.01666
1982	139.99354
1982	79.36642
1982	71.65024
1982	67.24099
1982	67.24099
1982	54.91495
1982	52.91095
1982	49.60401
1982	40.78552
1982	36.37627
1982	36.37627
1982	26.45547
1982	25.35316
1982	17.63698
1982	13.22774
1982	11.02311
1982	7.71618
1982	4.40925
1982	3.30693
1982	3.30693
1982	3.30693
1982	3.30693
1982	2.20462
1982	2.20462
1982	1.21254
1982	1.10231
1982	1.10231
1982	1.10231
1982	1.10231
1982	1.10231
1982	1.10231
1982	1.10231
1982	1.10231
1982	1.10231
1982	1.10231
1982	0.22046
1983	768223.935
1983	763734.2208
1983	736672.312
1983	312280.3989
1983	235910.0302
1983	212671.1352
1983	157906.1023
1983	137836.3193
1983	127346.7244
1983	123315.5718
1983	99055.81609
1983	83008.45462
1983	68159.10806
1983	57344.33131
1983	55903.7206
1983	52697.09685
1983	49178.51899
1983	46040.23855
1983	43823.79906
1983	37759.67562
1983	36044.47915
1983	30599.06103
1983	29969.64124
1983	20135.9216
1983	19876.87844
1983	12873.89437
1983	9599.872
1983	9595.62038
1983	8596.92629
1983	7842.94532
1983	6517.96707
1983	5926.19526
1983	5544.62614
1983	5202.90962
1983	4735.5296
1983	3936.71653
1983	3473.38309
1983	3452.43918
1983	2713.37358
1983	2473.17681
1983	2353.43475
1983	2267.45447
1983	2002.89974
1983	1868.41775
1983	1857.39464
1983	1811.09756
1983	1715.19648
1983	1499.14345
1983	1382.29844
1983	1299.62509
1983	1213.64481
1983	1197.11014
1983	1075.85589
1983	731.05289
1983	704.20059
1983	579.81578
1983	500.01064
1983	460.76615
1983	408.36227
1983	262.3501
1983	249.2326
1983	227.07614
1983	199.51836
1983	188.49524
1983	176.36982
1983	174.16519
1983	159.83515
1983	143.30048
1983	124.56118
1983	115.74269
1983	112.43576
1983	106.9242
1983	101.41265
1983	76.05948
1983	63.93406
1983	62.83175
1983	57.32019
1983	56.31378
1983	48.5017
1983	45.19477
1983	19.8416
1983	15.43236
1983	12.12542
1983	8.81849
1983	7.71618
1983	7.71618
1983	6.61387
1983	4.40925
1983	3.30693
1983	3.30693
1983	2.20462
1983	2.20462
1983	1.32277
1983	1.10231
1983	1.10231
1983	1.10231
1983	1.10231
1983	1.10231
1983	1.10231
1983	1.10231
1983	1.10231
1983	0.33069
1984	844845.5976
1984	791295.693
1984	769601.8242
1984	332735.9908
1984	240555.7766
1984	226960.3974
1984	186706.1911
1984	143267.9586
1984	137489.0913
1984	111415.0184
1984	89322.49409
1984	87553.28435
1984	76499.30604
1984	57805.09746
1984	57387.43169
1984	54498.27362
1984	52113.97414
1984	45319.33795
1984	44274.33576
1984	44235.75486
1984	36249.50906
1984	35238.68954
1984	30967.23302
1984	24671.93285
1984	22667.9308
1984	15416.92667
1984	11389.75117
1984	10865.48307
1984	10262.51876
1984	9095.17103
1984	6633.70976
1984	6024.13158
1984	5549.03538
1984	5434.395
1984	5123.5432
1984	4885.06585
1984	4182.1693
1984	3220.95379
1984	2958.60369
1984	2864.90722
1984	2771.59657
1984	2664.99975
1984	2474.689
1984	2304.93305
1984	2257.72326
1984	2102.10776
1984	1822.12068
1984	1817.71143
1984	1660.08091
1984	1652.36473
1984	1423.08397
1984	1222.45227
1984	1076.9582
1984	977.75018
1984	799.17574
1984	691.14922
1984	560.25857
1984	462.97077
1984	449.12464
1984	265.65704
1984	232.61525
1984	231.48539
1984	184.086
1984	165.3467
1984	163.14208
1984	139.99354
1984	137.78892
1984	137.78892
1984	131.17505
1984	120.562
1984	119.04963
1984	113.53807
1984	110.23114
1984	105.82189
1984	103.61727
1984	83.77566
1984	68.3433
1984	66.13868
1984	62.83175
1984	57.32019
1984	45.19477
1984	26.45547
1984	24.25085
1984	14.33005
1984	9.9208
1984	9.9208
1984	7.71618
1984	7.71618
1984	5.51156
1984	3.30693
1984	2.20462
1984	2.20462
1984	1.10231
1984	1.10231
1984	1.10231
1984	1.10231
1984	1.10231
1984	1.10231
1984	1.10231
1984	0.99208
1984	0.44092
1985	911212.4576
1985	818048.659
1985	778867.8535
1985	346788.256
1985	238406.7985
1985	227079.8218
1985	194065.2218
1985	141768.264
1985	140287.8598
1985	117477.7308
1985	116294.9507
1985	91623.01789
1985	81621.74693
1985	60348.24
1985	60075.96909
1985	53695.79095
1985	53685.87014
1985	49522.44014
1985	46190.1529
1985	43649.32521
1985	42486.38673
1985	41908.77558
1985	28958.82173
1985	26875.45326
1985	22385.73909
1985	18643.39202
1985	13500.00722
1985	12104.35648
1985	10868.79
1985	9089.65947
1985	7265.33417
1985	7082.35048
1985	6794.64722
1985	6476.07924
1985	6278.79527
1985	5983.34606
1985	5101.49697
1985	4903.08093
1985	3344.41266
1985	3233.07922
1985	3123.84457
1985	2738.75871
1985	2710.58363
1985	2504.46243
1985	2254.22673
1985	2145.09791
1985	1876.13393
1985	1857.39464
1985	1774.72129
1985	1757.04021
1985	1490.32496
1985	1297.42047
1985	1264.35113
1985	1186.08702
1985	1096.7998
1985	795.8688
1985	587.24976
1985	546.26142
1985	513.73552
1985	317.46567
1985	310.54867
1985	268.96397
1985	246.91774
1985	233.69001
1985	195.10911
1985	182.98369
1985	166.44902
1985	166.44902
1985	154.32359
1985	151.01666
1985	149.91434
1985	116.845
1985	113.53807
1985	113.53807
1985	110.23114
1985	108.02651
1985	96.45776
1985	95.90109
1985	81.57104
1985	67.24099
1985	39.68321
1985	38.5809
1985	38.5809
1985	36.37627
1985	20.94392
1985	17.63698
1985	7.71618
1985	4.40925
1985	4.40925
1985	2.20462
1985	2.20462
1985	2.20462
1985	1.10231
1985	1.10231
1985	1.10231
1985	1.10231
1985	1.10231
1985	1.10231
1985	1.10231
1986	962279.236
1986	804230.968
1986	802557.6269
1986	349571.5922
1986	247267.1772
1986	224532.3582
1986	208829.5801
1986	144634.2735
1986	140848.9363
1986	122972.753
1986	107358.5126
1986	87284.32038
1986	81864.25543
1986	62070.05034
1986	59447.65162
1986	55219.18524
1986	53850.11454
1986	51971.77598
1986	49777.07406
1986	47026.80722
1986	43946.94928
1986	34973.08762
1986	29304.94749
1986	23564.10993
1986	19535.16191
1986	18798.81793
1986	14872.52375
1986	12973.10239
1986	10975.71421
1986	7922.31174
1986	7519.96809
1986	7497.92187
1986	6889.87039
1986	6297.04624
1986	6232.46843
1986	5510.45449
1986	5202.90962
1986	5052.99527
1986	4515.06733
1986	3957.91508
1986	3547.23795
1986	3326.2598
1986	2685.23047
1986	2554.05542
1986	2526.49764
1986	2478.98802
1986	2400.77572
1986	2176.51378
1986	2063.52687
1986	1945.57955
1986	1651.26242
1986	1556.46364
1986	1373.47995
1986	1213.64481
1986	1122.15296
1986	693.35385
1986	597.67322
1986	585.73849
1986	468.47902
1986	336.20496
1986	290.45904
1986	277.78246
1986	255.73624
1986	192.90449
1986	189.59755
1986	189.59755
1986	176.36982
1986	163.14208
1986	160.93746
1986	160.93746
1986	136.68661
1986	125.66349
1986	125.66349
1986	123.45887
1986	112.43576
1986	102.51496
1986	94.79878
1986	63.93406
1986	60.62712
1986	50.70632
1986	30.86472
1986	30.86472
1986	19.8416
1986	16.53467
1986	12.12542
1986	12.12542
1986	8.81849
1986	5.51156
1986	4.40925
1986	2.20462
1986	2.20462
1986	2.20462
1986	1.433
1986	1.10231
1986	1.10231
1986	1.10231
1986	1.10231
1986	1.10231
1986	1.10231
1986	1.10231
1987	1027101.758
1987	836940.592
1987	806942.6215
1987	350139.2826
1987	258260.5284
1987	214719.0313
1987	210933.8925
1987	148041.5179
1987	139465.5355
1987	128541.63
1987	109900.4425
1987	99286.28646
1987	82707.52362
1987	67078.95316
1987	56835.1737
1987	55780.26173
1987	53965.19584
1987	52386.24505
1987	50333.7413
1987	49019.78616
1987	48852.23483
1987	30746.77075
1987	29117.55456
1987	24713.82068
1987	19315.80195
1987	18345.76796
1987	16211.19051
1987	13409.61769
1987	11426.55955
1987	8863.91492
1987	8675.1904
1987	7944.35797
1987	7902.97389
1987	7568.46979
1987	7504.53574
1987	6149.79507
1987	5410.14415
1987	4963.70805
1987	4315.54897
1987	4260.20192
1987	3600.1489
1987	3597.94428
1987	3378.25803
1987	3184.13659
1987	2678.6166
1987	2580.51089
1987	2323.23142
1987	2183.67439
1987	2026.04828
1987	1804.4837
1987	1662.28553
1987	1587.32836
1987	1570.79369
1987	1394.42387
1987	1221.36099
1987	688.29313
1987	642.64752
1987	638.23828
1987	504.89388
1987	324.02442
1987	322.97723
1987	282.19171
1987	256.83855
1987	256.83855
1987	255.73624
1987	202.82529
1987	200.62067
1987	184.086
1987	181.88137
1987	180.77906
1987	170.85826
1987	166.44902
1987	145.94602
1987	119.04963
1987	114.64038
1987	101.41265
1987	101.41265
1987	95.90109
1987	84.87797
1987	69.44562
1987	41.88783
1987	38.5809
1987	30.86472
1987	20.75652
1987	19.8416
1987	19.8416
1987	13.22774
1987	6.61387
1987	5.51156
1987	3.30693
1987	3.30693
1987	2.20462
1987	1.10231
1987	1.10231
1987	1.10231
1987	1.10231
1987	1.10231
1987	1.10231
1987	1.10231
1987	1.10231
1988	1097726.847
1988	883641.806
1988	821181.1773
1988	348809.8951
1988	253079.665
1988	221891.9697
1988	212853.8103
1988	151315.3826
1988	136983.1303
1988	122836.0664
1988	122407.2672
1988	92988.78167
1988	84509.80269
1988	76168.61263
1988	71308.52185
1988	60763.81138
1988	56218.98165
1988	53593.27599
1988	46012.68077
1988	44872.89082
1988	42279.15219
1988	26977.96821
1988	24124.0841
1988	23366.7962
1988	19204.46851
1988	18577.99299
1988	15013.48072
1988	13665.35392
1988	12505.72237
1988	10780.44967
1988	8464.36123
1988	8311.42765
1988	8118.52316
1988	7276.35728
1988	7020.62105
1988	5571.08161
1988	5564.46774
1988	4932.84333
1988	4876.48215
1988	4824.81682
1988	3913.65397
1988	3712.3642
1988	3625.50206
1988	3589.12579
1988	2934.01112
1988	2836.24713
1988	2792.15467
1988	2720.5827
1988	2544.13462
1988	1829.83686
1988	1755.982
1988	1611.57921
1988	1609.37458
1988	1230.17948
1988	1223.56561
1988	698.72541
1988	676.99885
1988	566.20333
1988	552.25799
1988	394.62747
1988	382.28158
1988	351.63732
1988	315.26105
1988	270.06628
1988	222.66689
1988	198.41604
1988	187.39293
1988	181.88137
1988	170.85826
1988	152.11897
1988	138.89123
1988	125.66349
1988	106.9242
1988	103.61727
1988	100.31033
1988	98.10571
1988	74.95717
1988	71.65024
1988	67.24099
1988	45.19477
1988	34.17165
1988	28.6601
1988	23.14854
1988	22.04623
1988	17.63698
1988	13.22774
1988	8.81849
1988	6.61387
1988	5.07063
1988	3.30693
1988	3.30693
1988	2.20462
1988	1.10231
1988	1.10231
1988	1.10231
1988	1.10231
1988	1.10231
1988	1.10231
1988	1.10231
1988	1.10231
1989	1113417.146
1989	894999.882
1989	777312.4922
1989	340356.2692
1989	242054.3468
1989	236378.5456
1989	212875.9998
1989	140487.3782
1989	129968.0209
1989	125929.152
1989	122564.8978
1989	103667.9741
1989	85305.67149
1989	77723.97396
1989	60648.06869
1989	60336.11458
1989	58635.24815
1989	57279.40518
1989	53343.05131
1989	50623.64919
1989	45551.91462
1989	32538.02671
1989	25347.64971
1989	23089.01374
1989	19680.50828
1989	19306.98346
1989	18145.14729
1989	13852.74686
1989	11612.57239
1989	10174.39117
1989	9957.17851
1989	8881.32262
1989	7911.28863
1989	7193.68393
1989	7058.09964
1989	6571.47326
1989	5173.14721
1989	5088.26924
1989	5007.80051
1989	4528.29506
1989	4455.54252
1989	3874.84489
1989	3826.12273
1989	3808.48575
1989	3645.34367
1989	2544.13462
1989	2462.56358
1989	2392.02667
1989	2300.54144
1989	2085.35704
1989	1809.99525
1989	1802.27907
1989	1629.21619
1989	1586.22605
1989	1372.37764
1989	1229.07717
1989	748.51902
1989	572.0996
1989	447.01261
1989	372.58124
1989	334.00034
1989	333.20117
1989	328.48879
1989	275.57784
1989	275.57784
1989	253.53161
1989	228.17845
1989	188.49524
1989	181.88137
1989	145.5051
1989	139.99354
1989	135.5843
1989	108.02651
1989	91.49184
1989	89.28722
1989	82.67335
1989	82.67335
1989	70.54793
1989	60.62712
1989	41.88783
1989	22.04623
1989	19.8416
1989	17.63698
1989	14.33005
1989	13.22774
1989	12.12542
1989	12.12542
1989	11.02311
1989	7.82641
1989	6.61387
1989	4.40925
1989	3.30693
1989	3.30693
1989	2.20462
1989	1.10231
1989	1.10231
1989	1.10231
1989	1.10231
1989	1.10231
1989	1.10231
1990	1124129.408
1990	904497.568
1990	848468.895
1990	321263.1342
1990	247863.5277
1990	212419.0146
1990	202177.1311
1990	139081.9312
1990	126610.3804
1990	119482.4053
1990	119377.0133
1990	103720.8851
1990	83156.16434
1990	59989.98881
1990	58946.09995
1990	53849.01222
1990	53674.84703
1990	51971.77598
1990	51630.05946
1990	49773.76713
1990	41626.58387
1990	33829.93562
1990	24772.24318
1990	22945.71326
1990	18935.60154
1990	18033.81384
1990	16968.98107
1990	14947.34204
1990	14227.94388
1990	11074.92223
1990	10378.33971
1990	8645.42799
1990	8076.63533
1990	7335.8821
1990	7198.97503
1990	7091.16898
1990	5447.62274
1990	4857.88616
1990	4607.66148
1990	4463.25869
1990	4144.21672
1990	4101.70057
1990	4024.93671
1990	3600.1489
1990	3041.53057
1990	2730.42524
1990	2527.59995
1990	2502.24679
1990	2435.28358
1990	2344.61626
1990	1822.12068
1990	1606.06765
1990	1461.66486
1990	1408.75392
1990	1205.92863
1990	1166.24542
1990	901.73589
1990	620.6013
1990	586.42964
1990	344.31357
1990	330.69341
1990	256.80658
1990	246.43273
1990	241.40619
1990	239.20157
1990	234.79232
1990	189.59755
1990	180.77906
1990	176.36982
1990	167.55133
1990	121.25425
1990	119.04963
1990	115.74269
1990	104.71958
1990	91.49184
1990	82.67335
1990	80.46873
1990	69.44562
1990	63.93406
1990	57.32019
1990	37.47859
1990	35.27396
1990	26.45547
1990	19.8416
1990	19.8416
1990	18.82858
1990	14.33005
1990	14.33005
1990	13.22774
1990	6.61387
1990	5.51156
1990	4.40925
1990	3.30693
1990	2.31485
1990	2.29281
1990	2.20462
1990	2.20462
1990	1.10231
1990	1.10231
1990	1.10231
1990	1.10231
1990	1.10231
1991	1161425.011
1991	899226.805
1991	672436.3848
1991	407944.4903
1991	269813.8538
1991	201676.8074
1991	143638.5104
1991	128773.1153
1991	118033.6088
1991	108077.2196
1991	107881.9782
1991	81067.28431
1991	63546.04525
1991	58544.85862
1991	55937.32676
1991	52481.01076
1991	51901.22805
1991	48240.17424
1991	43321.93874
1991	35682.94086
1991	33121.48011
1991	23181.60789
1991	22318.4981
1991	20659.09291
1991	19582.5613
1991	17035.67091
1991	16618.10018
1991	14948.44435
1991	13614.6476
1991	9274.80589
1991	8560.55002
1991	8207.81038
1991	7806.56905
1991	6982.2562
1991	6489.63767
1991	5810.28318
1991	5511.14894
1991	5094.29337
1991	4620.88922
1991	4476.48643
1991	4254.38612
1991	4175.55543
1991	3580.3073
1991	3296.84021
1991	3031.53592
1991	2860.49798
1991	2546.19814
1991	2369.02915
1991	1715.19648
1991	1610.4769
1991	1471.82707
1991	1308.44358
1991	1287.4677
1991	1280.8858
1991	1183.8824
1991	883.91372
1991	493.83549
1991	438.46639
1991	355.48439
1991	267.86166
1991	251.32699
1991	214.06887
1991	211.64378
1991	198.41604
1991	194.0068
1991	189.59755
1991	146.60741
1991	135.72209
1991	135.5843
1991	125.66349
1991	124.53473
1991	123.83476
1991	106.9242
1991	103.61727
1991	97.0034
1991	78.0723
1991	76.05948
1991	72.75255
1991	68.3433
1991	49.72967
1991	27.55778
1991	19.8416
1991	19.8416
1991	16.53467
1991	15.84903
1991	14.33005
1991	12.12542
1991	9.25942
1991	6.61387
1991	5.51156
1991	4.40925
1991	3.85809
1991	3.30693
1991	2.20462
1991	2.20462
1991	1.10231
1991	1.10231
1991	1.10231
1991	1.10231
1991	0.73083
1991	0.68343
1991	0.61509
1991	0.5732
1991	0.55116
1991	0.14661
1991	0.06063
1991	0.02205
1992	1199480.106
1992	907654.798
1992	362204.0804
1992	325763.8715
1992	281854.4008
1992	191766.9026
1992	147390.0001
1992	132331.3764
1992	125305.2438
1992	111208.8861
1992	110743.7107
1992	101375.1665
1992	100107.5084
1992	65960.10713
1992	62202.32771
1992	58421.39974
1992	52225.30759
1992	48619.64713
1992	45656.6342
1992	43086.04411
1992	42757.55532
1992	33519.19405
1992	31544.84418
1992	24175.97431
1992	23604.89545
1992	21025.48687
1992	20369.61161
1992	18756.93009
1992	17820.11866
1992	16534.67039
1992	15458.81451
1992	13358.91137
1992	12216.9168
1992	11547.79727
1992	8291.58605
1992	7511.25983
1992	7503.43342
1992	6982.04015
1992	6511.3532
1992	6439.70296
1992	6186.17135
1992	6179.00633
1992	6094.67951
1992	6077.04253
1992	5517.06835
1992	5196.18552
1992	4473.39224
1992	4020.12953
1992	3870.21518
1992	3284.88785
1992	2996.08228
1992	2958.60369
1992	2935.30083
1992	2758.71055
1992	2734.83448
1992	2565.07853
1992	2050.29913
1992	2039.28814
1992	1768.10742
1992	1618.19308
1992	1413.16316
1992	1254.43033
1992	1248.42273
1992	1003.60158
1992	998.69409
1992	790.35724
1992	725.32087
1992	580.91809
1992	554.46261
1992	551.15568
1992	508.16554
1992	449.89626
1992	425.87799
1992	371.47893
1992	346.12577
1992	255.73624
1992	225.97383
1992	225.97383
1992	203.26621
1992	187.39293
1992	187.39293
1992	186.29062
1992	175.26751
1992	169.75595
1992	155.4259
1992	127.86812
1992	112.43576
1992	110.78229
1992	104.71958
1992	95.90109
1992	79.36642
1992	74.95717
1992	73.96509
1992	70.66257
1992	66.13868
1992	54.01326
1992	48.0718
1992	35.49443
1992	29.76241
1992	28.6601
1992	28.6601
1992	22.04623
1992	20.94392
1992	14.33005
1992	13.22774
1992	13.22774
1992	6.61387
1992	5.51156
1992	5.03756
1992	4.40925
1992	3.30693
1992	2.97624
1992	2.20462
1992	2.20462
1992	1.10341
1992	1.10231
1992	1.10231
1992	1.10231
1992	0.44092
1993	1282633.675
1993	944081.285
1993	334978.0921
1993	312686.0495
1993	295959.5769
1993	193421.472
1993	146389.6812
1993	126749.2717
1993	114773.7611
1993	109060.4813
1993	96144.70129
1993	91505.07058
1993	78854.94542
1993	62447.04083
1993	60476.10812
1993	55048.32698
1993	48995.53531
1993	48853.33714
1993	45609.23481
1993	41938.53798
1993	41190.06857
1993	32206.34122
1993	26702.30109
1993	25013.64937
1993	19625.55145
1993	18982.90392
1993	18516.86542
1993	17725.16666
1993	17286.44674
1993	15933.9107
1993	14330.04767
1993	14080.92531
1993	13791.01742
1993	13329.5998
1993	13063.49192
1993	11577.57621
1993	9738.8415
1993	7618.07381
1993	7195.88855
1993	6386.79202
1993	6352.98413
1993	6235.77536
1993	6183.96673
1993	5657.0619
1993	5597.53708
1993	5490.61288
1993	4797.25904
1993	4594.84491
1993	4389.40383
1993	3960.60471
1993	3243.00002
1993	3154.81511
1993	2968.21584
1993	2878.13496
1993	2599.00657
1993	2574.99934
1993	2444.9266
1993	1963.32676
1993	1772.51667
1993	1670.00171
1993	1632.66642
1993	1581.8168
1993	1388.91231
1993	1355.84297
1993	992.08022
1993	960.11319
1993	847.5672
1993	731.93474
1993	669.103
1993	605.11933
1993	440.92454
1993	353.69534
1993	330.69341
1993	311.95411
1993	287.70326
1993	263.45241
1993	253.53161
1993	244.71312
1993	237.43787
1993	189.59755
1993	187.39293
1993	176.36982
1993	145.5051
1993	144.40279
1993	131.17505
1993	122.35656
1993	99.20802
1993	92.70439
1993	78.26411
1993	74.95717
1993	69.44562
1993	69.44562
1993	69.44562
1993	66.13868
1993	66.13868
1993	58.4225
1993	54.83999
1993	52.459
1993	48.5017
1993	42.97912
1993	39.68321
1993	34.17165
1993	22.04623
1993	16.53467
1993	15.43236
1993	12.78681
1993	12.12542
1993	7.71618
1993	6.61387
1993	4.40925
1993	3.37307
1993	3.30693
1993	3.30693
1993	2.28652
1993	2.20462
1993	2.20462
1993	1.10231
1993	1.10231
1993	1.10231
1993	1.10231
1993	1.10231
1994	1393423.545
1994	951285.899
1994	314276.6881
1994	312526.2143
1994	284421.6839
1994	183862.2278
1994	160745.0038
1994	136316.232
1994	109750.5282
1994	92090.39791
1994	90779.74529
1994	87641.46926
1994	72771.28902
1994	65569.88891
1994	65507.05716
1994	57251.84739
1994	49507.00778
1994	47526.15427
1994	46850.4374
1994	38684.51485
1994	37812.58657
1994	30765.51004
1994	28151.98713
1994	24566.11096
1994	20636.46025
1994	19680.66701
1994	18711.73533
1994	18561.82098
1994	17102.36074
1994	15081.82402
1994	15023.40152
1994	14343.27541
1994	13801.79802
1994	13710.54869
1994	11187.55861
1994	9604.18093
1994	8983.83758
1994	7975.22269
1994	6613.86816
1994	6069.11691
1994	5844.45483
1994	5823.51091
1994	5776.11152
1994	5610.76482
1994	5318.65231
1994	4886.54626
1994	4751.47453
1994	4362.94836
1994	4326.00274
1994	3536.38019
1994	3387.40281
1994	3163.6336
1994	3036.9174
1994	2622.39872
1994	2613.79629
1994	2534.21382
1994	2237.69206
1994	2141.79097
1994	2005.10436
1994	1719.73249
1994	1612.68152
1994	1543.2359
1994	1450.64175
1994	1321.67132
1994	1004.53414
1994	842.16588
1994	574.08376
1994	551.49078
1994	531.31408
1994	473.99388
1994	440.92454
1994	403.44596
1994	291.0102
1994	270.06628
1994	267.86166
1994	231.48539
1994	189.59755
1994	187.55828
1994	181.88137
1994	178.57444
1994	155.05773
1994	150.18992
1994	136.68661
1994	133.37967
1994	123.45887
1994	121.25425
1994	118.49847
1994	112.43576
1994	110.23114
1994	88.18491
1994	84.01817
1994	71.65024
1994	67.57169
1994	66.13868
1994	65.03637
1994	59.52481
1994	58.4225
1994	57.39735
1994	50.70632
1994	49.60401
1994	39.68321
1994	38.5809
1994	35.27396
1994	29.76241
1994	22.04623
1994	18.73929
1994	15.43236
1994	10.91288
1994	8.81849
1994	6.61387
1994	5.51156
1994	4.53601
1994	4.40925
1994	3.30693
1994	2.20462
1994	2.20462
1994	1.10231
1994	1.10231
1994	1.10231
1994	1.10231
1994	1.10231
1995	1489258.822
1995	962103.774
1995	329291.2678
1995	300723.6939
1995	270035.4184
1995	184591.958
1995	162260.5628
1995	140762.956
1995	112243.9565
1995	94668.70418
1995	78971.50382
1995	72361.2292
1995	71435.28765
1995	67339.09864
1995	64434.50821
1995	58457.77602
1995	50193.74776
1995	49246.8623
1995	47590.08832
1995	45486.87825
1995	35510.96045
1995	32736.23001
1995	29029.96049
1995	25682.75237
1995	23095.52619
1995	20771.95526
1995	19966.16566
1995	18408.5997
1995	15631.87739
1995	14699.32198
1995	14416.02796
1995	13948.64794
1995	12175.02897
1995	12161.14095
1995	11590.32664
1995	10328.55603
1995	8195.68496
1995	7508.94498
1995	7241.08332
1995	6942.35694
1995	6764.88481
1995	6253.41234
1995	5837.84096
1995	5751.86067
1995	5046.51368
1995	5033.15367
1995	4550.16382
1995	4178.86236
1995	3890.68511
1995	3820.61117
1995	3799.66726
1995	3615.58126
1995	3020.33313
1995	2668.6958
1995	2167.18602
1995	1849.67846
1995	1807.79063
1995	1807.79063
1995	1673.30864
1995	1500.24576
1995	1298.52278
1995	1240.10028
1995	1184.98471
1995	1056.01428
1995	1005.73015
1995	819.01734
1995	707.68389
1995	580.83652
1995	410.05983
1995	320.77261
1995	311.95411
1995	295.41944
1995	286.60095
1995	275.57784
1995	220.46227
1995	203.9276
1995	190.69987
1995	188.77082
1995	181.88137
1995	181.88137
1995	156.99118
1995	136.68661
1995	110.23114
1995	109.12882
1995	108.46744
1995	106.9242
1995	91.49184
1995	88.18491
1995	87.96445
1995	80.46873
1995	69.44562
1995	62.6664
1995	61.72944
1995	61.72944
1995	57.32019
1995	56.21788
1995	48.5017
1995	48.5017
1995	40.78552
1995	37.47859
1995	29.76241
1995	22.04623
1995	22.04623
1995	18.73929
1995	17.63698
1995	15.43236
1995	12.12542
1995	7.95869
1995	6.61387
1995	5.51156
1995	4.73994
1995	4.40925
1995	3.64468
1995	3.30693
1995	2.20462
1995	2.20462
1995	1.10231
1995	1.10231
1995	1.10231
1995	1.10231
1995	1.10231
1995	0.27558
1996	1502229.921
1996	1006320.771
1996	326294.0832
1996	295808.5603
1996	278241.0241
1996	188789.5596
1996	163936.2888
1996	142223.5185
1996	120434.1299
1996	76928.10516
1996	74109.49501
1996	73280.55687
1996	71130.38833
1996	65721.34649
1996	64720.00685
1996	59333.01124
1996	53866.64921
1996	50123.19983
1996	44959.97342
1996	40482.38468
1996	33079.26159
1996	32948.55722
1996	30645.35811
1996	27925.95598
1996	27819.82214
1996	21344.05485
1996	19142.73907
1996	18319.31248
1996	16590.88827
1996	16571.04667
1996	16149.90861
1996	15734.39235
1996	14039.03747
1996	13932.11327
1996	13561.73666
1996	8812.53839
1996	8641.01875
1996	8237.92663
1996	8082.14689
1996	7518.86578
1996	6630.40283
1996	5994.36917
1996	5797.05544
1996	5539.11458
1996	5336.92863
1996	5273.12685
1996	5127.95244
1996	4796.15673
1996	4745.57827
1996	4447.82634
1996	4176.65774
1996	3693.84537
1996	3336.69649
1996	3274.96705
1996	1999.59281
1996	1862.9062
1996	1801.54493
1996	1641.34161
1996	1641.34161
1996	1639.13699
1996	1300.7274
1996	1230.17948
1996	1119.94834
1996	857.86279
1996	766.10639
1996	652.56832
1996	606.97562
1996	429.24004
1996	388.0136
1996	380.29742
1996	275.57784
1996	273.37322
1996	272.27091
1996	252.07766
1996	234.79232
1996	232.53258
1996	225.97383
1996	190.69987
1996	187.39293
1996	185.18831
1996	142.61153
1996	139.99354
1996	133.37967
1996	124.56118
1996	119.04963
1996	114.75061
1996	110.23114
1996	110.23114
1996	110.23114
1996	106.9242
1996	98.10571
1996	94.79878
1996	68.25512
1996	65.03637
1996	65.03637
1996	62.83175
1996	45.19477
1996	42.65945
1996	27.55778
1996	24.25085
1996	22.04623
1996	18.73929
1996	16.53467
1996	15.43236
1996	13.04034
1996	12.12542
1996	12.12542
1996	11.02311
1996	5.51156
1996	5.51156
1996	3.30693
1996	3.30693
1996	3.30693
1996	2.20462
1996	1.26766
1996	1.10231
1996	1.10231
1996	1.10231
1996	1.10231
1996	1.02405
1997	1441979.786
1997	1029544.456
1997	351419.066
1997	281005.621
1997	253145.8037
1997	181895.7044
1997	171665.1978
1997	148322.6073
1997	126833.0473
1997	80095.04569
1997	71511.34714
1997	70029.84067
1997	68894.45997
1997	66147.50006
1997	62955.81594
1997	57054.53366
1997	54227.10502
1997	47414.82082
1997	45212.40272
1997	42065.30379
1997	37642.83172
1997	37424.25771
1997	30078.77007
1997	28705.08729
1997	24091.01476
1997	21771.75166
1997	18764.64627
1997	18433.95287
1997	16533.56808
1997	15682.58371
1997	14865.89445
1997	14125.01776
1997	13530.87194
1997	12383.36581
1997	12323.841
1997	9525.07246
1997	8968.40522
1997	8314.73458
1997	8203.40114
1997	7068.75899
1997	6881.26685
1997	6799.05647
1997	6196.09215
1997	6046.17781
1997	6010.90384
1997	5908.38889
1997	5563.69612
1997	5546.83076
1997	4912.39766
1997	4294.60506
1997	3831.63429
1997	3807.38344
1997	3108.51803
1997	3077.65332
1997	2701.80262
1997	2583.81783
1997	2086.6754
1997	1682.12713
1997	1518.98505
1997	1373.47995
1997	1356.94528
1997	892.8722
1997	878.45066
1997	731.93474
1997	712.09314
1997	633.9569
1997	593.04351
1997	588.01146
1997	522.49558
1997	350.42478
1997	300.931
1997	277.78246
1997	274.47553
1997	273.37322
1997	229.28076
1997	225.97383
1997	191.80218
1997	190.69987
1997	180.77906
1997	165.3467
1997	148.81203
1997	124.56118
1997	119.04963
1997	116.51431
1997	110.23114
1997	101.41265
1997	93.69647
1997	78.26411
1997	74.09737
1997	66.13868
1997	63.93406
1997	62.83175
1997	60.62712
1997	52.01807
1997	49.60401
1997	47.39939
1997	42.99014
1997	33.73073
1997	30.86472
1997	24.25085
1997	20.94392
1997	19.18022
1997	18.73929
1997	18.73929
1997	13.22774
1997	12.12542
1997	7.71618
1997	6.61387
1997	5.51156
1997	4.40925
1997	3.30693
1997	3.30693
1997	2.20462
1997	1.27868
1997	1.10231
1997	1.10231
1997	1.10231
1997	1.10231
1997	1.10231
1997	0.82343
1997	0.35274
1998	1377088.921
1998	1037102.819
1998	362411.3149
1998	268773.834
1998	238254.6796
1998	168152.0863
1998	160838.7432
1998	140576.6654
1998	137690.8142
1998	86283.42167
1998	72537.59901
1998	68409.44297
1998	68238.58471
1998	66021.83657
1998	65680.12005
1998	64519.38618
1998	54343.95002
1998	49360.40037
1998	43727.58932
1998	40567.72342
1998	36833.70101
1998	34568.48423
1998	28914.72927
1998	27136.70105
1998	24590.42795
1998	21163.27579
1998	19261.7887
1998	18051.45082
1998	17712.36221
1998	15807.1449
1998	15362.91342
1998	14657.43415
1998	13599.21524
1998	11529.07451
1998	10411.33079
1998	10249.29102
1998	9370.74887
1998	9009.19074
1998	8601.8911
1998	7754.76041
1998	6219.24069
1998	6084.91303
1998	5944.76516
1998	5799.26006
1998	5675.36027
1998	5595.33246
1998	5495.02213
1998	5282.27603
1998	4818.20295
1998	4369.56223
1998	4256.02747
1998	3636.52518
1998	3235.28384
1998	3218.74917
1998	2613.58023
1998	2604.62947
1998	2130.76786
1998	1750.47044
1998	1489.22265
1998	1463.08684
1998	1350.33142
1998	1340.41061
1998	1125.57013
1998	925.94154
1998	912.71381
1998	691.52511
1998	621.70361
1998	467.04932
1998	368.17199
1998	279.98709
1998	276.68015
1998	259.04317
1998	248.02006
1998	226.83363
1998	220.46227
1998	220.46227
1998	205.02991
1998	192.90449
1998	191.80218
1998	173.06288
1998	167.55133
1998	164.92783
1998	149.91434
1998	132.27736
1998	132.27736
1998	110.23114
1998	95.90109
1998	81.57104
1998	78.26411
1998	78.26411
1998	74.95717
1998	66.13868
1998	63.93406
1998	62.83175
1998	54.01326
1998	49.60401
1998	38.5809
1998	37.91951
1998	35.27396
1998	28.6601
1998	22.04623
1998	20.94392
1998	18.73929
1998	18.73929
1998	13.22774
1998	5.51156
1998	3.30693
1998	1.27868
1998	1.18058
1998	1.10231
1998	1.10231
1998	1.10231
1998	1.10231
1998	1.10231
1998	1.10231
1998	1.10231
1998	0.50706
1999	1305219.323
1999	1038646.541
1999	388133.7505
1999	257561.663
1999	247123.8768
1999	169104.4834
1999	161761.9874
1999	153131.9918
1999	140661.5433
1999	83690.78535
1999	71912.58847
1999	68321.25806
1999	65292.49336
1999	61885.96435
1999	60659.0918
1999	56045.91876
1999	50989.61656
1999	47794.01593
1999	43695.52529
1999	36790.74394
1999	31913.67756
1999	30790.86321
1999	30541.74084
1999	25628.73911
1999	24478.56319
1999	22818.94745
1999	21573.33562
1999	19209.98006
1999	18306.08475
1999	14976.00213
1999	14053.36752
1999	13113.09593
1999	11901.65575
1999	10876.50618
1999	10003.58582
1999	8510.94601
1999	8498.82058
1999	8321.34845
1999	7464.85253
1999	7046.58269
1999	6923.61765
1999	6780.79117
1999	6705.36
1999	6284.27706
1999	6224.75225
1999	5530.29609
1999	5497.22675
1999	4893.16012
1999	4547.03436
1999	4382.23881
1999	4008.0041
1999	3504.24781
1999	3194.49832
1999	2777.82463
1999	2645.24964
1999	2320.36541
1999	2163.8372
1999	1736.14039
1999	1343.71755
1999	1208.13325
1999	1144.19919
1999	1085.85385
1999	946.88546
1999	662.48913
1999	631.53622
1999	461.86846
1999	327.38647
1999	308.65269
1999	297.62407
1999	281.0894
1999	276.68015
1999	263.45241
1999	257.49993
1999	220.46227
1999	210.54147
1999	192.90449
1999	176.36982
1999	168.65364
1999	157.63052
1999	154.32359
1999	152.11897
1999	149.91434
1999	137.69633
1999	136.68661
1999	131.17505
1999	122.35656
1999	101.41265
1999	95.90109
1999	93.69647
1999	87.0826
1999	83.48906
1999	82.67335
1999	79.36642
1999	79.36642
1999	72.75255
1999	66.13868
1999	61.56409
1999	55.38012
1999	40.12413
1999	33.06934
1999	30.86472
1999	27.55778
1999	23.14854
1999	19.8416
1999	16.53467
1999	8.81849
1999	6.61387
1999	4.40925
1999	2.20462
1999	1.94007
1999	1.10231
1999	1.10231
1999	1.10231
1999	1.02074
1999	0.46297
1999	0.07385
2000	1239406.926
2000	1084094.875
2000	403408.479
2000	269814.8789
2000	252511.9747
2000	175009.5653
2000	168798.0408
2000	158488.0234
2000	140919.4842
2000	88845.19327
2000	72406.42396
2000	72349.10377
2000	71057.19486
2000	69616.47391
2000	67044.78151
2000	65627.2091
2000	51956.89478
2000	49721.95849
2000	49238.04381
2000	41365.33608
2000	35648.74937
2000	32708.88497
2000	32261.34656
2000	24695.08139
2000	24173.73992
2000	24041.41075
2000	22509.19796
2000	20480.94506
2000	16578.76285
2000	15195.36209
2000	14657.43415
2000	14161.39404
2000	13326.94434
2000	11674.24892
2000	9896.55139
2000	9551.52793
2000	8660.86035
2000	8606.8471
2000	8197.88958
2000	7364.54219
2000	6785.82873
2000	6730.71316
2000	6678.34235
2000	6311.83484
2000	5744.14449
2000	5507.14755
2000	5095.31301
2000	4489.71417
2000	4463.25869
2000	4458.84945
2000	4043.55364
2000	3839.35047
2000	3634.32055
2000	3538.41946
2000	3284.88785
2000	2451.54046
2000	2398.22717
2000	1757.08431
2000	1515.67812
2000	1288.60198
2000	1146.40381
2000	1131.80921
2000	980.9105
2000	899.78039
2000	856.49593
2000	727.5255
2000	650.3637
2000	473.99388
2000	309.74949
2000	299.82869
2000	283.29402
2000	280.42801
2000	279.98709
2000	256.83855
2000	237.32764
2000	227.07614
2000	220.46227
2000	210.54147
2000	198.98925
2000	190.69987
2000	176.36982
2000	174.16519
2000	163.14208
2000	158.73284
2000	148.62464
2000	143.30048
2000	141.09585
2000	128.97043
2000	119.04963
2000	106.9242
2000	102.11812
2000	93.69647
2000	89.07778
2000	87.0826
2000	80.46873
2000	72.75255
2000	72.75255
2000	66.13868
2000	58.4225
2000	54.01326
2000	41.7776
2000	33.06934
2000	29.76241
2000	19.8416
2000	11.02311
2000	8.81849
2000	5.51156
2000	4.40925
2000	3.30693
2000	3.30693
2000	2.20462
2000	1.17396
2000	1.10231
2000	0.79366
2000	0.66139
2000	0.49604
2000	0.13558
2001	1303371.849
2001	1060145.532
2001	417498.2228
2001	278151.7369
2001	230629.9919
2001	177859.0402
2001	173205.0816
2001	151770.1081
2001	140991.1344
2001	80291.25712
2001	79767.65922
2001	75493.99808
2001	70000.07826
2001	69529.39131
2001	68336.69042
2001	64751.97388
2001	53551.99112
2001	52736.78006
2001	45634.58797
2001	40404.12057
2001	38170.83776
2001	34665.77424
2001	33756.08076
2001	29894.68407
2001	27408.95542
2001	23725.04739
2001	21904.02903
2001	20684.87266
2001	16868.67073
2001	16295.46883
2001	14751.13061
2001	14689.40118
2001	12661.69943
2001	12249.98614
2001	10122.52521
2001	9925.21148
2001	9889.93752
2001	9353.11189
2001	8854.81534
2001	8074.43071
2001	7748.14655
2001	7263.12955
2001	7151.7961
2001	5795.95313
2001	5719.89364
2001	5685.72199
2001	5625.09487
2001	4860.09078
2001	4584.51294
2001	4362.94836
2001	3970.59166
2001	3966.11627
2001	3955.09316
2001	3581.40961
2001	3363.15196
2001	2739.68024
2001	2131.87017
2001	1543.2359
2001	1300.7274
2001	1051.60504
2001	910.50918
2001	893.34399
2001	877.43984
2001	874.13291
2001	867.28755
2001	771.61795
2001	575.40653
2001	542.33719
2001	383.0532
2001	317.46567
2001	304.34817
2001	285.49864
2001	251.32699
2001	243.61081
2001	223.31726
2001	220.46227
2001	220.46227
2001	211.64378
2001	179.67675
2001	170.85826
2001	165.3467
2001	154.32359
2001	154.32359
2001	152.11897
2001	146.60741
2001	143.30048
2001	135.70555
2001	117.94732
2001	103.61727
2001	93.69647
2001	92.59415
2001	85.98029
2001	74.33988
2001	72.75255
2001	71.65024
2001	71.65024
2001	69.44562
2001	58.64296
2001	35.27396
2001	28.6601
2001	28.3294
2001	25.35316
2001	16.53467
2001	11.02311
2001	4.40925
2001	4.40925
2001	3.30693
2001	2.20462
2001	1.59835
2001	1.13648
2001	1.10231
2001	1.10231
2001	0.70857
2001	0.60672
2002	1443031.392
2002	1066354.573
2002	424971.8938
2002	278407.2637
2002	240234.4308
2002	179202.7577
2002	170121.9167
2002	149220.1533
2002	143245.3612
2002	80033.31626
2002	76814.56709
2002	73237.56673
2002	70665.87433
2002	68618.88213
2002	64327.58401
2002	62490.03097
2002	59514.86836
2002	54317.49455
2002	50532.15734
2002	42591.10631
2002	38363.74225
2002	32180.87783
2002	32151.11542
2002	31701.00863
2002	27707.65865
2002	22747.29722
2002	22257.87097
2002	22091.42196
2002	17541.08066
2002	15850.13504
2002	14802.93925
2002	14393.98173
2002	13743.5078
2002	10858.8692
2002	10587.70061
2002	9693.7261
2002	9606.75483
2002	9406.02283
2002	8633.30257
2002	8092.06769
2002	7794.44362
2002	7651.14315
2002	7271.94804
2002	6271.04932
2002	6232.46843
2002	6100.19106
2002	5789.33926
2002	5762.88379
2002	5390.30255
2002	4161.22538
2002	4023.43646
2002	4003.59486
2002	3949.5816
2002	3587.58255
2002	3126.15502
2002	2526.4304
2002	2253.12442
2002	1425.28859
2002	1369.07071
2002	1329.3875
2002	1208.61827
2002	1129.86914
2002	1082.46976
2002	1078.06051
2002	1071.98677
2002	771.61795
2002	502.98467
2002	485.017
2002	458.56153
2002	429.73608
2002	359.3535
2002	343.92114
2002	304.23794
2002	259.04317
2002	257.30152
2002	251.32699
2002	246.91774
2002	224.87152
2002	220.46227
2002	200.62067
2002	176.36982
2002	160.93746
2002	155.00702
2002	151.01666
2002	132.27736
2002	126.76581
2002	123.45887
2002	117.94732
2002	109.12882
2002	100.31033
2002	99.20802
2002	98.10571
2002	97.0034
2002	87.0826
2002	82.67335
2002	58.4225
2002	49.60401
2002	48.5017
2002	47.39939
2002	45.96638
2002	40.3005
2002	31.40485
2002	29.76241
2002	27.09481
2002	25.35316
2002	23.14854
2002	16.53467
2002	11.58199
2002	11.02311
2002	4.40925
2002	3.30693
2002	2.55736
2002	1.10231
2002	1.05381
2003	1746425.728
2003	1094860.843
2003	437462.1838
2003	277307.3664
2003	243426.7245
2003	185925.8704
2003	185306.2557
2003	154154.9367
2003	142749.3211
2003	81677.96481
2003	78160.48926
2003	77432.96376
2003	71061.6041
2003	69491.91273
2003	68554.94807
2003	64165.54424
2003	63150.95261
2003	59202.9385
2003	46675.1699
2003	44944.54106
2003	41821.69298
2003	35124.33576
2003	33803.48015
2003	32896.2779
2003	27636.05361
2003	24754.6062
2003	23708.51272
2003	22354.87437
2003	19396.27068
2003	17077.00758
2003	16362.70982
2003	15156.78119
2003	13961.10406
2003	11754.57324
2003	11464.03814
2003	10541.40353
2003	10356.21522
2003	10227.24479
2003	9881.11903
2003	9601.13194
2003	9273.74547
2003	8408.43105
2003	8366.54322
2003	7780.11358
2003	6684.41608
2003	5962.40214
2003	5921.61662
2003	5390.30255
2003	5355.02858
2003	4104.44532
2003	4018.93021
2003	3981.54863
2003	3728.01702
2003	3707.0731
2003	3139.38275
2003	3040.17473
2003	2351.23013
2003	1612.68152
2003	1521.18968
2003	1477.09722
2003	1289.70429
2003	1256.63495
2003	1212.5425
2003	1193.70399
2003	1165.36357
2003	935.86234
2003	790.01553
2003	771.61795
2003	415.57138
2003	407.8552
2003	406.75289
2003	401.24133
2003	345.02346
2003	320.77261
2003	319.00891
2003	314.15874
2003	274.47553
2003	249.12237
2003	231.48539
2003	220.46227
2003	207.23454
2003	197.31373
2003	185.93788
2003	159.83515
2003	152.11897
2003	121.25425
2003	117.94732
2003	105.82189
2003	101.41265
2003	99.20802
2003	97.0034
2003	93.69647
2003	84.95514
2003	73.85486
2003	63.51518
2003	61.72944
2003	61.72944
2003	60.62712
2003	58.4225
2003	54.01326
2003	40.78552
2003	38.5809
2003	28.6601
2003	26.29013
2003	25.35316
2003	15.43236
2003	14.62767
2003	11.02311
2003	8.81849
2003	4.40925
2003	1.92904
2003	1.51127
2003	1.10231
2004	2200081.196
2004	1107254.539
2004	483579.5842
2004	280407.066
2004	235114.1945
2004	203364.3204
2004	198819.9559
2004	153518.903
2004	144656.3197
2004	86017.76463
2004	78964.07424
2004	71420.95761
2004	69248.30192
2004	69144.68465
2004	67307.13161
2004	66222.45724
2004	64671.48641
2004	60413.27637
2004	49592.98807
2004	46276.13318
2004	40411.83675
2004	39889.34117
2004	33834.21259
2004	33645.84963
2004	30968.07519
2004	27794.78093
2004	24183.91756
2004	22469.51475
2004	17114.48617
2004	16797.0205
2004	16424.43926
2004	14981.51369
2004	14925.29581
2004	14028.67575
2004	11785.31891
2004	10489.5949
2004	9845.84506
2004	9662.91098
2004	9638.61053
2004	9468.85458
2004	9359.72575
2004	8701.64587
2004	8340.08775
2004	8126.23934
2004	7258.7203
2004	6086.96333
2004	5993.26686
2004	5767.12769
2004	5132.36169
2004	4117.13293
2004	4105.0075
2004	3878.36567
2004	3563.77263
2004	3558.26107
2004	3217.15082
2004	3215.44224
2004	2216.74814
2004	1585.12374
2004	1538.82666
2004	1515.67812
2004	1433.00477
2004	1332.69443
2004	1276.47655
2004	1219.4099
2004	1027.35419
2004	960.23445
2004	856.6282
2004	771.61795
2004	508.58442
2004	443.79055
2004	424.38987
2004	365.74691
2004	357.14888
2004	309.74949
2004	306.44256
2004	292.11251
2004	283.29402
2004	223.76921
2004	221.56458
2004	220.46227
2004	220.46227
2004	207.23454
2004	191.51558
2004	171.96057
2004	141.09585
2004	139.99354
2004	119.04963
2004	119.04963
2004	112.43576
2004	111.33345
2004	110.23114
2004	102.51496
2004	99.20802
2004	79.36642
2004	77.52556
2004	71.65024
2004	67.30713
2004	63.93406
2004	55.11557
2004	55.11557
2004	37.47859
2004	32.18749
2004	28.6601
2004	15.43236
2004	14.33005
2004	13.74472
2004	11.02311
2004	4.40925
2004	3.30693
2004	2.35895
2004	1.96211
2004	1.72512
2004	1.10231
2004	1.10231
2005	2403502.837
2005	1125977.612
2005	504908.2067
2005	270789.3993
2005	233491.5922
2005	196281.9699
2005	193348.7194
2005	150165.6719
2005	147951.1284
2005	87911.53555
2005	85232.91894
2005	77892.6276
2005	71368.04666
2005	70633.9073
2005	68261.73325
2005	66432.9987
2005	66012.54739
2005	62148.31445
2005	48350.68316
2005	45351.29395
2005	40325.85647
2005	39710.76673
2005	35505.44889
2005	32640.86795
2005	32335.20142
2005	27497.15686
2005	23647.33444
2005	23323.80606
2005	20638.57558
2005	16339.56128
2005	15994.53783
2005	14209.89574
2005	13526.79339
2005	12924.60069
2005	11932.57999
2005	11622.75554
2005	10997.76043
2005	9947.25771
2005	9290.28014
2005	8655.3488
2005	8503.22983
2005	8256.31208
2005	7354.62139
2005	6974.32397
2005	6041.76856
2005	6032.95007
2005	5788.23695
2005	5689.02893
2005	5643.83416
2005	5443.21349
2005	4780.90294
2005	4568.89319
2005	3819.50886
2005	3703.76617
2005	3433.69988
2005	3301.42252
2005	2712.78826
2005	1594.60361
2005	1478.19953
2005	1477.09722
2005	1466.07411
2005	1281.98811
2005	1268.76037
2005	1119.94834
2005	1104.51598
2005	829.64362
2005	817.91503
2005	647.81736
2005	524.19314
2005	455.25459
2005	435.41299
2005	417.77601
2005	336.20496
2005	310.8518
2005	286.60095
2005	271.16859
2005	261.24779
2005	220.46227
2005	211.86424
2005	201.72298
2005	200.62067
2005	186.29062
2005	167.55133
2005	165.3467
2005	154.32359
2005	139.99354
2005	135.5843
2005	116.845
2005	103.61727
2005	99.20802
2005	98.10571
2005	88.18491
2005	84.87797
2005	82.67335
2005	82.67335
2005	70.36053
2005	66.57961
2005	62.83175
2005	58.4225
2005	55.31398
2005	45.42625
2005	36.37627
2005	33.06934
2005	22.04623
2005	19.8416
2005	13.22774
2005	11.02311
2005	8.81849
2005	4.40925
2005	3.30693
2005	3.04238
2005	1.96211
2005	1.34592
2005	1.10231
2005	0.33069
2006	2537638.697
2006	1112291.765
2006	539485.5094
2006	270533.6631
2006	240254.2724
2006	198108.4999
2006	196079.1446
2006	154818.5281
2006	148918.9577
2006	92449.75141
2006	89636.65282
2006	76565.44472
2006	76103.57626
2006	74440.18842
2006	71720.7863
2006	69084.29011
2006	64905.19516
2006	63511.8736
2006	56781.16044
2006	45193.66343
2006	42539.29768
2006	42400.40644
2006	36421.46963
2006	33283.18919
2006	33155.99128
2006	27796.98555
2006	23612.06048
2006	21562.3125
2006	20543.77681
2006	17804.53308
2006	15504.00927
2006	14320.5678
2006	13681.88859
2006	13059.08268
2006	12562.55645
2006	12342.44361
2006	11192.86954
2006	11069.41067
2006	10148.98069
2006	9555.93718
2006	8997.06532
2006	8701.64587
2006	8201.19651
2006	7599.33451
2006	7036.05341
2006	6678.90453
2006	6524.58094
2006	6030.74545
2006	5827.92016
2006	5429.98576
2006	4176.65774
2006	4155.61572
2006	3836.04353
2006	3681.71994
2006	3627.70668
2006	2945.37595
2006	2560.67811
2006	1653.46704
2006	1425.28859
2006	1410.95854
2006	1381.19613
2006	1224.84429
2006	1203.724
2006	1165.14311
2006	1147.83682
2006	1079.16282
2006	1073.65126
2006	1042.78655
2006	892.79504
2006	711.00185
2006	540.13257
2006	466.27771
2006	442.02686
2006	328.12502
2006	326.28416
2006	311.95411
2006	285.49864
2006	271.16859
2006	254.63392
2006	252.17577
2006	242.72896
2006	235.89463
2006	220.46227
2006	213.8484
2006	201.72298
2006	184.086
2006	163.14208
2006	149.91434
2006	147.70972
2006	144.89883
2006	132.27736
2006	123.45887
2006	108.12572
2006	88.18491
2006	84.87797
2006	78.26411
2006	77.18384
2006	70.54793
2006	67.17485
2006	66.13868
2006	63.93406
2006	60.62712
2006	57.32019
2006	40.78552
2006	36.37627
2006	35.27396
2006	17.63698
2006	13.22774
2006	11.02311
2006	8.81849
2006	7.71618
2006	4.40925
2006	3.50535
2006	1.32608
2006	1.10231
2006	0.22046
2007	2708552.073
2007	1127998.129
2007	587255.2745
2007	281443.2386
2007	230401.8134
2007	207580.6614
2007	202374.4448
2007	149579.2422
2007	148481.3401
2007	108917.1808
2007	98225.86294
2007	81095.94441
2007	76964.48143
2007	73948.55755
2007	72267.53824
2007	69668.28254
2007	66076.95214
2007	64250.42221
2007	63615.49087
2007	46144.95813
2007	44505.82114
2007	42305.60767
2007	37165.5298
2007	35535.4053
2007	29712.8027
2007	27974.45768
2007	24658.04373
2007	22426.52461
2007	20582.35771
2007	18627.95966
2007	18442.77136
2007	14858.05482
2007	14654.12721
2007	13515.92239
2007	13295.308
2007	13019.39947
2007	11569.86003
2007	11503.72135
2007	11145.47016
2007	8824.00243
2007	8751.24988
2007	8404.02181
2007	7762.47659
2007	7330.37054
2007	6682.21146
2007	6263.33314
2007	6254.51465
2007	5867.60337
2007	5532.50071
2007	5231.56971
2007	4046.76137
2007	3892.26141
2007	3831.63429
2007	3436.35425
2007	3414.96059
2007	2858.29336
2007	2710.58363
2007	1688.741
2007	1653.46704
2007	1608.72422
2007	1576.30524
2007	1420.87934
2007	1338.20599
2007	1315.05745
2007	1236.79335
2007	1121.05065
2007	988.77329
2007	929.24848
2007	919.31665
2007	726.42319
2007	540.13257
2007	445.22356
2007	442.02686
2007	361.55813
2007	346.12577
2007	339.10404
2007	330.69341
2007	318.56798
2007	263.45241
2007	246.41068
2007	245.81543
2007	236.99694
2007	220.46227
2007	209.43916
2007	198.41604
2007	189.59755
2007	182.98369
2007	180.77906
2007	144.40279
2007	142.03282
2007	137.78892
2007	134.48199
2007	121.25425
2007	110.23114
2007	93.69647
2007	90.38953
2007	84.87797
2007	84.87797
2007	76.05948
2007	72.3006
2007	71.65024
2007	55.11557
2007	52.91095
2007	44.57747
2007	39.68321
2007	38.5809
2007	15.43236
2007	13.22774
2007	13.22774
2007	11.02311
2007	9.9208
2007	8.81849
2007	4.40925
2007	4.29901
2007	1.46938
2007	0.36376
2008	2966478.601
2008	1120548.443
2008	640524.4709
2008	267881.502
2008	249795.8795
2008	214532.9391
2008	203803.0403
2008	148914.5485
2008	147893.8082
2008	110522.1462
2008	108836.7121
2008	86939.29693
2008	78009.4726
2008	71822.19894
2008	71497.01709
2008	69396.02817
2008	64499.54458
2008	62484.51941
2008	59851.09758
2008	44472.7518
2008	43794.83031
2008	38282.70583
2008	36385.09336
2008	33164.13956
2008	28553.17115
2008	27203.94204
2008	24610.20341
2008	24588.15719
2008	21122.49027
2008	17415.41717
2008	17074.80296
2008	14257.29512
2008	14061.0837
2008	13897.43346
2008	13124.11905
2008	12760.3563
2008	12742.71932
2008	12505.67938
2008	9249.49462
2008	8992.65607
2008	8603.04412
2008	8588.1078
2008	7573.98135
2008	7490.20569
2008	6613.86816
2008	6047.28012
2008	5970.11832
2008	5784.93001
2008	4918.51329
2008	4767.49663
2008	4585.61526
2008	4159.48483
2008	3877.93136
2008	3310.24101
2008	3206.62374
2008	2670.90042
2008	2558.46467
2008	1942.87889
2008	1653.46704
2008	1631.42081
2008	1442.98069
2008	1404.34467
2008	1390.01462
2008	1385.60538
2008	1330.48981
2008	1235.69103
2008	1100.10674
2008	1007.51258
2008	957.51174
2008	740.75323
2008	540.13257
2008	455.25459
2008	442.02686
2008	375.66771
2008	367.06968
2008	340.61421
2008	330.69341
2008	301.6475
2008	287.70326
2008	260.14548
2008	251.32699
2008	236.99694
2008	229.28076
2008	220.46227
2008	218.25765
2008	198.41604
2008	193.2903
2008	184.086
2008	168.65364
2008	143.30048
2008	133.99697
2008	131.17505
2008	128.97043
2008	120.15194
2008	108.02651
2008	99.20802
2008	90.38953
2008	80.46873
2008	71.65024
2008	66.59063
2008	66.13868
2008	52.56923
2008	45.19477
2008	39.40763
2008	38.5809
2008	34.50235
2008	13.22774
2008	12.12542
2008	11.02311
2008	11.02311
2008	6.61387
2008	4.40925
2008	2.60145
2008	1.10231
2008	0.31967
2009	3188139.086
2009	997477.607
2009	705204.7946
2009	247866.8346
2009	204467.7341
2009	204083.0274
2009	181405.1758
2009	151338.5312
2009	149504.2851
2009	114149.8528
2009	108913.8739
2009	79123.90939
2009	72257.61193
2009	71029.63707
2009	68774.30803
2009	66097.49591
2009	56206.85622
2009	53275.81032
2009	53147.9422
2009	43812.4673
2009	38679.00329
2009	36792.94856
2009	33242.40367
2009	31899.78843
2009	25042.30947
2009	21491.76899
2009	21057.4539
2009	20482.4431
2009	20133.71698
2009	18887.00283
2009	17910.35497
2009	15253.78459
2009	13593.02576
2009	13580.47595
2009	13202.38315
2009	12362.4219
2009	11653.63569
2009	11213.81346
2009	8971.71216
2009	8567.16389
2009	8247.49359
2009	7514.45654
2009	7502.33111
2009	7392.09998
2009	6329.47183
2009	5486.20364
2009	5176.45414
2009	5158.81716
2009	5049.68834
2009	4659.47012
2009	4518.37426
2009	4207.52246
2009	3261.01509
2009	3162.53129
2009	2519.88377
2009	2110.92625
2009	2020.53672
2009	1956.10662
2009	1714.31463
2009	1653.46704
2009	1631.42081
2009	1524.49661
2009	1385.60538
2009	1365.76377
2009	1097.90211
2009	963.42013
2009	940.00703
2009	917.12305
2009	817.91503
2009	684.53535
2009	540.13257
2009	442.02686
2009	376.99048
2009	357.14888
2009	349.4327
2009	346.8092
2009	330.69341
2009	324.07954
2009	279.98709
2009	277.34154
2009	267.86166
2009	251.32699
2009	233.69001
2009	220.46227
2009	212.74609
2009	199.51836
2009	198.41604
2009	189.59755
2009	159.83515
2009	139.99354
2009	132.27736
2009	123.45887
2009	116.38203
2009	104.71958
2009	104.71958
2009	90.38953
2009	83.77566
2009	74.72569
2009	71.65024
2009	69.02674
2009	66.13868
2009	56.60369
2009	45.19477
2009	38.5809
2009	36.37627
2009	30.46789
2009	24.25085
2009	13.22774
2009	11.02311
2009	8.81849
2009	6.61387
2009	4.40925
2009	3.30693
2009	2.56839
2009	1.10231
2009	1.10231
2009	0.31967
2010	3695377.579
2010	1048295.15
2010	721986.3827
2010	256795.5566
2010	255746.1562
2010	206192.8514
2010	205983.4122
2010	148870.456
2010	145155.6668
2010	125575.3101
2010	109120.0061
2010	86862.13513
2010	71374.97028
2010	69803.86684
2010	61136.39262
2010	55373.50883
2010	54866.44561
2010	54228.20733
2010	52497.5785
2010	42085.1454
2010	38947.96727
2010	35913.30409
2010	35611.27078
2010	30349.93866
2010	25719.12864
2010	25370.79825
2010	22852.01679
2010	21322.00863
2010	20020.17891
2010	19767.74961
2010	19763.34036
2010	18497.88692
2010	18193.64899
2010	13785.50586
2010	13032.6272
2010	11802.44773
2010	11789.21999
2010	11588.59932
2010	11380.26248
2010	9495.31005
2010	8558.3454
2010	8110.80698
2010	7710.66796
2010	7710.66796
2010	7185.96775
2010	5640.52723
2010	5576.59317
2010	5093.78079
2010	4338.69751
2010	3915.40995
2010	3513.61746
2010	3451.33687
2010	3287.09247
2010	3095.2903
2010	2976.24067
2010	2924.43204
2010	2217.85046
2010	2104.31239
2010	1984.16045
2010	1967.62578
2010	1828.73455
2010	1653.46704
2010	1631.42081
2010	1374.58227
2010	1250.02108
2010	1165.14311
2010	1115.5391
2010	1000.89871
2010	977.40846
2010	816.81272
2010	759.49253
2010	540.13257
2010	442.02686
2010	434.31068
2010	390.21822
2010	376.99048
2010	369.27431
2010	345.02346
2010	337.30728
2010	330.69341
2010	322.97723
2010	271.16859
2010	256.83855
2010	251.32699
2010	221.56458
2010	210.54147
2010	198.41604
2010	176.36982
2010	157.63052
2010	143.30048
2010	126.76581
2010	126.76581
2010	114.64038
2010	113.53807
2010	113.53807
2010	104.71958
2010	90.38953
2010	83.77566
2010	71.65024
2010	71.65024
2010	66.13868
2010	66.13868
2010	61.72944
2010	46.29708
2010	38.5809
2010	37.47859
2010	36.37627
2010	22.04623
2010	13.22774
2010	13.22774
2010	11.02311
2010	9.9208
2010	8.81849
2010	4.40925
2010	2.57941
2010	2.20462
2010	1.10231
2010	1.10231
2010	0.31967
2011	4053829.204
2011	1003065.892
2011	788409.1299
2011	261557.4824
2011	256103
2011	209698.1298
2011	202016.3164
2011	161843
2011	142516.4728
2011	131253.637
2011	114685.1264
2011	82953.33905
2011	78110.527
2011	75603.27
2011	62872
2011	59819
2011	57861.49722
2011	54534
2011	52797
2011	44410
2011	43726.46607
2011	41042
2011	35286.85834
2011	27853.81632
2011	25853
2011	25243.94426
2011	25205
2011	23283.63342
2011	20874.74359
2011	20745
2011	19467.20442
2011	17951
2011	13809.94851
2011	13371.47551
2011	12575
2011	12531
2011	12248.99957
2011	10904.87196
2011	9919.12231
2011	9704.20687
2011	8236
2011	8011.38401
2011	7584
2011	6785
2011	5972.53128
2011	5507
2011	4581
2011	3979
2011	3911.49454
2011	3580.37619
2011	3536
2011	3527.26628
2011	3163.38668
2011	3047.25818
2011	2644
2011	2144.29432
2011	2105.19423
2011	2024.40914
2011	1920.40276
2011	1695.04622
2011	1688.18985
2011	1297
2011	1276.27152
2011	1245.53798
2011	1140.08096
2011	1037
2011	1018.91489
2011	997.93404
2011	834.7826
2011	552.01548
2011	443.86551
2011	431
2011	385.28428
2011	352.61397
2011	265.74522
2011	256.85618
2011	221.56458
2011	214
2011	202.7812
2011	161.0984
2011	129.42789
2011	126.76581
2011	117.04783
2011	116.03591
2011	107.02341
2011	107
2011	92.3781
2011	83.77566
2011	73.22654
2011	73.15489
2011	67.52759
2011	66.13868
2011	48.10266
2011	38.26564
2011	37.17655
2011	13.51875
2011	13.50552
2011	11.26562
2011	10.30771
2011	9.0125
2011	2.57941
2011	1.12656
