1975	25918.465
1975	20259.378
1975	14470.611
1975	10833.154
1975	10720.771
1975	10290.131
1975	9392.223
1975	8892.282
1975	7874.989
1975	7285.587
1975	6123.821
1975	5744.397
1975	4480.076
1975	3765.276
1975	3656.735
1975	3590.376
1975	3240.238
1975	3220.341
1975	2602.707
1975	2499.844
1975	2156.609
1975	1965.265
1975	1661.808
1975	1651.511
1975	1575.484
1975	1508.68
1975	1448.262
1975	1422.139
1975	1402.094
1975	1366.319
1975	1347.398
1975	1266.671
1975	1194.706
1975	1171.097
1975	1157.64
1975	1133.845
1975	1113.252
1975	1016.558
1975	1005.623
1975	994.973
1975	958.154
1975	937.504
1975	897.317
1975	852.739
1975	799.615
1975	786.82
1975	786.278
1975	783.757
1975	712.299
1975	701.857
1975	680.85
1975	676.424
1975	632.857
1975	605.501
1975	585.804
1975	572.947
1975	563.315
1975	537.756
1975	531.306
1975	514.689
1975	482.124
1975	444.879
1975	441.262
1975	433.538
1975	433.092
1975	430.881
1975	421.981
1975	412.814
1975	388.857
1975	354.728
1975	348.043
1975	341.441
1975	329.29
1975	312.478
1975	308.18
1975	300.277
1975	297.177
1975	281.808
1975	269.876
1975	267.746
1975	259.041
1975	256.27
1975	253.945
1975	246.115
1975	233.686
1975	203.746
1975	194.162
1975	192.554
1975	189.76
1975	184.896
1975	184.268
1975	177.019
1975	172.963
1975	171.816
1975	158.096
1975	157.762
1975	154.69
1975	142.836
1975	137.088
1975	135.982
1975	129.564
1975	125.583
1975	120.817
1975	113.886
1975	109.738
1975	108.589
1975	105.433
1975	98.312
1975	90.405
1975	81.753
1975	78.596
1975	65.589
1975	64.662
1975	63.962
1975	55.806
1975	55.329
1975	51.154
1975	50.078
1975	41.293
1975	38.096
1975	37.664
1975	35.913
1975	35.639
1975	31.074
1975	26.835
1975	24.561
1975	21.041
1975	19.593
1975	19.309
1975	19.278
1975	17.321
1975	15.098
1975	15.03
1975	14.605
1975	13.936
1975	12.911
1975	9.366
1975	8.527
1975	8.282
1975	7.924
1975	7.807
1975	7.796
1975	7.779
1975	7.545
1975	6.759
1975	6.321
1975	6.035
1975	5.936
1975	5.213
1975	5.086
1975	5.033
1975	3.541
1975	2.659
1975	2.222
1975	2.091
1975	1.974
1975	1.957
1975	1.811
1975	1.798
1975	1.759
1975	1.462
1975	1.414
1975	1.329
1975	1.259
1975	1.221
1975	1.08
1975	1.043
1975	0.97
1975	0.848
1975	0.709
1975	0.683
1975	0.663
1975	0.555
1975	0.515
1975	0.479
1975	0.451
1975	0.278
1975	0.173
1975	0.142
1976	25581.614
1976	21035.756
1976	14063.517
1976	11005.048
1976	10922.992
1976	10302.547
1976	9837.143
1976	9061.504
1976	7773.479
1976	7203.288
1976	6266.666
1976	5944.328
1976	4557.219
1976	3771.717
1976	3745.779
1976	3548.962
1976	3315.054
1976	2970.755
1976	2536.951
1976	2498.54
1976	2165.783
1976	1870.222
1976	1714.306
1976	1696.756
1976	1585.649
1976	1557.414
1976	1471.269
1976	1447.994
1976	1379.412
1976	1309.888
1976	1309.16
1976	1298.576
1976	1199.743
1976	1155.383
1976	1151.254
1976	1143.592
1976	1083.781
1976	1032.706
1976	1023.495
1976	1015.31
1976	991.256
1976	968.446
1976	960.183
1976	846.974
1976	808.626
1976	807.576
1976	783.718
1976	718.732
1976	717.875
1976	703.87
1976	686.269
1976	658.911
1976	629.663
1976	621.986
1976	596.702
1976	596.309
1976	593.998
1976	547.746
1976	528.975
1976	506.077
1976	471.658
1976	449.961
1976	434.417
1976	431.624
1976	418.902
1976	414.062
1976	400.056
1976	399.726
1976	397.125
1976	362.664
1976	360.92
1976	349.195
1976	325.708
1976	313.314
1976	309.258
1976	306.121
1976	303.36
1976	292.179
1976	277.166
1976	271.447
1976	263.563
1976	255.097
1976	248.765
1976	240.404
1976	223.947
1976	206.225
1976	202.508
1976	195.902
1976	194.239
1976	193.478
1976	185.807
1976	178.851
1976	178.708
1976	170.806
1976	159.731
1976	157.384
1976	148.666
1976	144.146
1976	137.616
1976	136.779
1976	122.713
1976	117.954
1976	115.265
1976	112.247
1976	111.074
1976	110.806
1976	110.537
1976	106.526
1976	95.187
1976	83.556
1976	78.468
1976	65.957
1976	65.698
1976	65.098
1976	59.31
1976	56.048
1976	52.825
1976	51.632
1976	41.879
1976	39.012
1976	36.265
1976	35.373
1976	30.66
1976	28.269
1976	28.016
1976	27.451
1976	21.848
1976	21.028
1976	20.162
1976	19.689
1976	18.486
1976	15.53
1976	14.893
1976	13.314
1976	11.888
1976	9.524
1976	9.315
1976	9.129
1976	9.017
1976	8.569
1976	8.488
1976	8.138
1976	8.133
1976	8.123
1976	7.485
1976	6.776
1976	6.161
1976	6.072
1976	6.058
1976	5.441
1976	5.306
1976	3.593
1976	2.755
1976	2.506
1976	2.02
1976	1.999
1976	1.975
1976	1.84
1976	1.837
1976	1.751
1976	1.742
1976	1.707
1976	1.437
1976	1.411
1976	1.344
1976	1.128
1976	1.009
1976	0.829
1976	0.766
1976	0.691
1976	0.684
1976	0.668
1976	0.579
1976	0.559
1976	0.516
1976	0.47
1976	0.278
1976	0.184
1976	0.138
1977	25532.905
1977	21021.29
1977	13876.474
1977	11297.31
1977	10991.785
1977	10051.864
1977	9736.125
1977	9215.335
1977	8300.413
1977	7194.43
1977	6406.953
1977	6036.116
1977	4602.195
1977	3893.981
1977	3726.613
1977	3570.803
1977	3225.825
1977	2914.352
1977	2510.64
1977	2372.035
1977	2214.009
1977	1887.737
1977	1800.617
1977	1763.415
1977	1578.976
1977	1555.172
1977	1494.509
1977	1471.68
1977	1338.285
1977	1328.083
1977	1308.228
1977	1271.867
1977	1255.63
1977	1192.076
1977	1124.676
1977	1113.774
1977	1093.425
1977	1043.569
1977	1032.832
1977	1029.113
1977	1013.131
1977	1004.793
1977	939.123
1977	862.743
1977	828.099
1977	814.186
1977	791.389
1977	737.744
1977	729.896
1977	726.158
1977	712.904
1977	703.107
1977	698.749
1977	640.256
1977	618.632
1977	611.22
1977	594.784
1977	548.49
1977	519.956
1977	502.344
1977	474.307
1977	467.451
1977	459.234
1977	439.074
1977	431.141
1977	425.905
1977	415.556
1977	406.226
1977	402.166
1977	395.627
1977	367.972
1977	363.256
1977	360.543
1977	320.541
1977	312.506
1977	308.696
1977	306.638
1977	305.016
1977	290.786
1977	282.492
1977	282.234
1977	273.499
1977	265.862
1977	250.97
1977	232.956
1977	216.012
1977	206.996
1977	205.967
1977	201.376
1977	199.361
1977	196.399
1977	181.893
1977	180.634
1977	172.297
1977	161.234
1977	160.234
1977	151.157
1977	134.737
1977	128.786
1977	126.873
1977	125.581
1977	122.551
1977	116.114
1977	115.178
1977	114.638
1977	111.657
1977	105.89
1977	99.903
1977	94.875
1977	84.41
1977	78.599
1977	66.636
1977	66.476
1977	64.031
1977	62.459
1977	56.772
1977	54.545
1977	52.991
1977	40.24
1977	40.177
1977	37.015
1977	35.645
1977	33.916
1977	31.041
1977	29.547
1977	24.334
1977	23.807
1977	22.402
1977	20.778
1977	20.039
1977	18.906
1977	15.928
1977	15.178
1977	13.535
1977	11.437
1977	11.11
1977	9.928
1977	9.642
1977	9.636
1977	9.007
1977	8.916
1977	8.793
1977	8.49
1977	8.116
1977	7.814
1977	6.716
1977	6.328
1977	6.26
1977	6.074
1977	5.581
1977	5.558
1977	3.666
1977	2.871
1977	2.721
1977	2.125
1977	2.078
1977	1.959
1977	1.91
1977	1.907
1977	1.871
1977	1.748
1977	1.746
1977	1.493
1977	1.437
1977	1.332
1977	1.134
1977	1.082
1977	0.885
1977	0.864
1977	0.719
1977	0.712
1977	0.677
1977	0.539
1977	0.517
1977	0.486
1977	0.347
1977	0.278
1977	0.19
1977	0.141
1978	26195.411
1978	21219.274
1978	13640.56
1978	11338.729
1978	11184.898
1978	9966.173
1978	9248.717
1978	8796.743
1978	8705.304
1978	7279.768
1978	7175.944
1978	6110.138
1978	4674.851
1978	4023.986
1978	3712.19
1978	3592.754
1978	3174.572
1978	2893.339
1978	2570.594
1978	2352.872
1978	2229.208
1978	1893.29
1978	1823.381
1978	1768.756
1978	1635.393
1978	1524.734
1978	1523.327
1978	1521.706
1978	1333.359
1978	1325.6
1978	1312.097
1978	1288.382
1978	1266.105
1978	1161.554
1978	1157.107
1978	1152
1978	1134.231
1978	1121.775
1978	1112.816
1978	1099.212
1978	1035.371
1978	994.003
1978	907.991
1978	894.716
1978	854.829
1978	828.052
1978	797.135
1978	771.613
1978	758.602
1978	752.424
1978	743.057
1978	734.985
1978	713.464
1978	672.199
1978	663.143
1978	656.807
1978	579.737
1978	554.438
1978	503.402
1978	484.287
1978	483.838
1978	473.975
1978	471.031
1978	464.22
1978	441.756
1978	439.067
1978	433.944
1978	413.857
1978	410.327
1978	405.608
1978	395.13
1978	377.729
1978	369.472
1978	334.56
1978	332.409
1978	322.358
1978	310.776
1978	299.033
1978	293.369
1978	290.346
1978	276.702
1978	270.204
1978	259.478
1978	249.609
1978	232.457
1978	211.452
1978	209.234
1978	206.678
1978	202.25
1978	201.114
1978	196.747
1978	194.449
1978	183.505
1978	183.074
1978	166.224
1978	158.369
1978	155.2
1978	138.934
1978	134.588
1978	131.191
1978	130.428
1978	120.422
1978	118.726
1978	118.599
1978	118.525
1978	113.483
1978	102.917
1978	101.264
1978	86.727
1978	86.089
1978	84.788
1978	72.454
1978	67.629
1978	67.312
1978	65.092
1978	57.569
1978	56.377
1978	53.733
1978	39.574
1978	37.349
1978	36.842
1978	36.714
1978	35.316
1978	33.319
1978	30.38
1978	26.202
1978	24.432
1978	24.324
1978	21.025
1978	20.408
1978	19.792
1978	16.532
1978	16.359
1978	15.483
1978	13.733
1978	13.538
1978	11.831
1978	10.909
1978	10.483
1978	10.361
1978	9.089
1978	7.982
1978	7.964
1978	7.862
1978	7.504
1978	7.219
1978	6.498
1978	6.19
1978	5.924
1978	5.885
1978	5.693
1978	3.763
1978	2.99
1978	2.581
1978	2.308
1978	2.118
1978	2.112
1978	2.065
1978	1.958
1978	1.913
1978	1.755
1978	1.749
1978	1.574
1978	1.498
1978	1.415
1978	1.174
1978	1.119
1978	1.088
1978	0.917
1978	0.908
1978	0.691
1978	0.679
1978	0.601
1978	0.517
1978	0.463
1978	0.419
1978	0.289
1978	0.205
1978	0.13
1979	26552.986
1979	21787.491
1979	13409.658
1979	11398.617
1979	11238.026
1979	10270.821
1979	9341.536
1979	8902.854
1979	8602.444
1979	7597.99
1979	7049.397
1979	6176.332
1979	4760.662
1979	4162.945
1979	3722.469
1979	3599.9
1979	3111.078
1979	2991.155
1979	2618.102
1979	2379.563
1979	2310.94
1979	1868.3
1979	1849.724
1979	1814.536
1979	1684.699
1979	1622.156
1979	1546.618
1979	1540.235
1979	1471.821
1979	1334.361
1979	1290.447
1979	1247.809
1979	1246.789
1979	1167.107
1979	1151.781
1979	1140.65
1979	1118.768
1979	1109.733
1979	1057.979
1979	1054.945
1979	1048.298
1979	971.403
1979	933.925
1979	914.332
1979	857.228
1979	830.457
1979	803.898
1979	787.139
1979	782.049
1979	768.563
1979	761.941
1979	760.349
1979	729.431
1979	700.546
1979	692.689
1979	681.405
1979	599.325
1979	554.576
1979	535.827
1979	495.545
1979	494.688
1979	481.885
1979	480.027
1979	469.212
1979	455.399
1979	441.333
1979	427.25
1979	419.772
1979	416.523
1979	402.863
1979	401.338
1979	385.362
1979	383.74
1979	346.169
1979	344.2
1979	336.781
1979	318.35
1979	305.749
1979	301.312
1979	293.937
1979	268.76
1979	263.733
1979	261.455
1979	232.842
1979	228.6
1979	223.794
1979	219.501
1979	209.681
1979	207.89
1979	204.743
1979	201.777
1979	197.113
1979	184.156
1979	183.089
1979	168.582
1979	162.241
1979	160.096
1979	157.685
1979	153.635
1979	139.248
1979	136.184
1979	123.146
1979	121.806
1979	120.352
1979	110.653
1979	110.202
1979	107.186
1979	104.498
1979	91.593
1979	89.125
1979	81.483
1979	75.098
1979	69.696
1979	69.438
1979	59.903
1979	58.42
1979	58.089
1979	54.083
1979	42.511
1979	39.089
1979	38.124
1979	36.977
1979	35.697
1979	30.623
1979	27.117
1979	25.018
1979	23.646
1979	21.157
1979	20.789
1979	20.742
1979	20.031
1979	18.894
1979	17.578
1979	16.823
1979	15.808
1979	13.988
1979	13.907
1979	10.812
1979	10.649
1979	10.373
1979	9.266
1979	9.028
1979	8.099
1979	8.096
1979	7.275
1979	6.604
1979	6.522
1979	6.175
1979	5.951
1979	5.619
1979	5.466
1979	3.736
1979	3.145
1979	3.116
1979	2.906
1979	2.209
1979	2.151
1979	2.129
1979	1.949
1979	1.94
1979	1.814
1979	1.779
1979	1.658
1979	1.478
1979	1.438
1979	1.229
1979	1.13
1979	1.072
1979	1.066
1979	0.958
1979	0.712
1979	0.681
1979	0.652
1979	0.557
1979	0.518
1979	0.437
1979	0.437
1979	0.217
1979	0.131
1980	26767.759
1980	22831.136
1980	13665.034
1980	11616.356
1980	11205.202
1980	10811.362
1980	9734.583
1980	8784.793
1980	8479.13
1980	7361.227
1980	6349.102
1980	5195.803
1980	4922.196
1980	4060.494
1980	3730.644
1980	3506.182
1980	3276.078
1980	3107.889
1980	2626.555
1980	2349.667
1980	2265.703
1980	1872.455
1980	1825.96
1980	1798.136
1980	1730.625
1980	1703.443
1980	1570.063
1980	1523.735
1980	1344.024
1980	1342.753
1980	1294.221
1980	1286.935
1980	1231.32
1980	1214.895
1980	1191.913
1980	1158.451
1980	1149.31
1980	1134.117
1980	1074.615
1980	991.494
1980	977.201
1980	971.765
1980	938.563
1980	917.344
1980	843.438
1980	826.584
1980	825.881
1980	817.289
1980	813.375
1980	812.283
1980	799.678
1980	782.26
1980	773.506
1980	746.155
1980	732.548
1980	674.989
1980	594.123
1980	561.198
1980	556.34
1980	501.109
1980	489.967
1980	479.715
1980	461.107
1980	448.656
1980	446.062
1980	432.657
1980	431.165
1980	426.702
1980	426.183
1980	424.384
1980	407.325
1980	381.802
1980	377.975
1980	361.148
1980	357.214
1980	328.868
1980	318.416
1980	317.475
1980	315.822
1980	312.757
1980	303.014
1980	265.368
1980	249.344
1980	242.2
1980	239.514
1980	239.196
1980	233.777
1980	217.236
1980	209.289
1980	207.888
1980	205.653
1980	197.629
1980	187.532
1980	186.712
1980	185.8
1980	167.377
1980	166.629
1980	166.5
1980	164.423
1980	130.252
1980	128.346
1980	123.031
1980	117.604
1980	116.315
1980	114.04
1980	111.657
1980	107.172
1980	101.422
1980	98.812
1980	96.645
1980	78.428
1980	76.044
1980	69.987
1980	69.864
1980	59.624
1980	59.311
1980	54.539
1980	49.564
1980	44.397
1980	38.699
1980	38.192
1980	35.589
1980	34.138
1980	33.213
1980	30.133
1980	23.822
1980	23.539
1980	23.373
1980	21.292
1980	21.089
1980	20.481
1980	18.11
1980	17.546
1980	17.36
1980	16.079
1980	15.565
1980	14.168
1980	11.469
1980	10.854
1980	10.151
1980	9.601
1980	9.44
1980	9.435
1980	8.093
1980	7.461
1980	7.165
1980	6.749
1980	6.643
1980	5.862
1980	5.578
1980	5.346
1980	3.922
1980	3.505
1980	3.317
1980	3.247
1980	2.255
1980	2.186
1980	2.118
1980	2.045
1980	1.945
1980	1.872
1980	1.796
1980	1.743
1980	1.481
1980	1.431
1980	1.372
1980	1.225
1980	1.176
1980	1.096
1980	1.037
1980	0.739
1980	0.707
1980	0.681
1980	0.557
1980	0.519
1980	0.482
1980	0.424
1980	0.219
1980	0.121
1981	26719.322
1981	22465.188
1981	13824.448
1981	11848.921
1981	11346.084
1981	10965.915
1981	9883.952
1981	8528.31
1981	8370.362
1981	7385.442
1981	6511.105
1981	5272.4
1981	5038.362
1981	4201.211
1981	3691.163
1981	3540.039
1981	3346.541
1981	3029.712
1981	2659.359
1981	2318.516
1981	2235.016
1981	1919.073
1981	1865.936
1981	1789.156
1981	1766.241
1981	1693.558
1981	1597.912
1981	1550.971
1981	1350.507
1981	1321.617
1981	1293.286
1981	1288.844
1981	1234.177
1981	1224.901
1981	1211.927
1981	1192.696
1981	1132.701
1981	1102.587
1981	1081.92
1981	1080.896
1981	1001.175
1981	986.847
1981	936.684
1981	910.594
1981	865.148
1981	844.261
1981	819.684
1981	815.188
1981	814.678
1981	809.621
1981	808.954
1981	783.697
1981	775.39
1981	745.161
1981	728.323
1981	663.983
1981	570.98
1981	536.781
1981	535.403
1981	508.178
1981	492.775
1981	489.267
1981	477.988
1981	446.003
1981	437.602
1981	437.304
1981	435.94
1981	435.709
1981	433.972
1981	410.084
1981	406.53
1981	399.141
1981	386.272
1981	384.253
1981	363.867
1981	322.847
1981	321.141
1981	319.654
1981	318.753
1981	318.094
1981	279.516
1981	272.521
1981	257.14
1981	245.52
1981	238.717
1981	238.248
1981	233.503
1981	212.333
1981	212.323
1981	211.969
1981	211.411
1981	198.048
1981	191.961
1981	188.425
1981	183.659
1981	170.358
1981	170.062
1981	159.66
1981	141.664
1981	134.077
1981	133.097
1981	122.862
1981	122.226
1981	118.084
1981	109.431
1981	108.345
1981	103.857
1981	103.823
1981	99.022
1981	93.173
1981	92.616
1981	76.048
1981	71.076
1981	69.975
1981	61.153
1981	60.569
1981	50.718
1981	50.527
1981	47.22
1981	41.396
1981	40.721
1981	38.129
1981	35.608
1981	30.972
1981	28.981
1981	24.887
1981	24.356
1981	22.211
1981	21.465
1981	20.976
1981	20.878
1981	18.326
1981	17.277
1981	16.521
1981	16.458
1981	14.693
1981	13.582
1981	12.599
1981	11.811
1981	10.231
1981	10.049
1981	9.477
1981	8.802
1981	8.445
1981	8.204
1981	8.125
1981	7.207
1981	7.068
1981	5.759
1981	5.681
1981	4.862
1981	4.849
1981	3.409
1981	3.375
1981	3.267
1981	2.464
1981	2.251
1981	2.132
1981	2.095
1981	1.944
1981	1.927
1981	1.919
1981	1.826
1981	1.797
1981	1.498
1981	1.469
1981	1.214
1981	1.192
1981	1.176
1981	1.1
1981	0.764
1981	0.722
1981	0.693
1981	0.618
1981	0.555
1981	0.52
1981	0.462
1981	0.207
1981	0.121
1982	26895.655
1982	22213.855
1982	13748.859
1982	12167.479
1982	11479.326
1982	11124.311
1982	9954.11
1982	8405.03
1982	8136.441
1982	7363.394
1982	6639.008
1982	5350.386
1982	5050.98
1982	4293.601
1982	3681.888
1982	3576.251
1982	3296.106
1982	3052.093
1982	2642.894
1982	2364.992
1982	2317.694
1982	1940.02
1982	1879.351
1982	1836.952
1982	1807.314
1982	1773.83
1982	1718.713
1982	1557.132
1982	1450.053
1982	1363.121
1982	1357.284
1982	1289.221
1982	1256.485
1982	1230.054
1982	1213.078
1982	1208.835
1982	1202.4
1982	1130.492
1982	1124.965
1982	1062.156
1982	985.895
1982	934.819
1982	920.505
1982	901.867
1982	876.095
1982	855.781
1982	845.611
1982	820.532
1982	815.542
1982	808.844
1982	792.773
1982	789.348
1982	780.449
1982	754.873
1982	730.241
1982	645.32
1982	593.322
1982	576.781
1982	533.772
1982	503.075
1982	496.167
1982	481.809
1982	476.976
1982	473.982
1982	454.419
1982	448.669
1982	447.592
1982	446.521
1982	434.605
1982	433.775
1982	424.042
1982	410.073
1982	397.849
1982	382.32
1982	370.51
1982	332.699
1982	322.8
1982	321.305
1982	304.509
1982	293.73
1982	288.701
1982	274.931
1982	256.799
1982	252.153
1982	247.454
1982	243.614
1982	239.613
1982	225.236
1982	214.514
1982	212.967
1982	212.568
1982	198.476
1982	194.751
1982	190.862
1982	189.335
1982	173.153
1982	171.207
1982	169.986
1982	163.055
1982	138.518
1982	133.271
1982	129.012
1982	125.874
1982	125.761
1982	125.274
1982	112.731
1982	111.244
1982	109.863
1982	102.372
1982	101.376
1982	93.177
1982	71.418
1982	69.839
1982	68.985
1982	62.517
1982	62.097
1982	60.121
1982	52.956
1982	48.778
1982	41.272
1982	40.681
1982	37.09
1982	34.547
1982	30.04
1982	28.485
1982	26.809
1982	25.308
1982	23.292
1982	21.85
1982	21.167
1982	20.256
1982	19.144
1982	17.594
1982	17.292
1982	16.64
1982	13.604
1982	11.636
1982	11.342
1982	11.262
1982	10.519
1982	9.803
1982	9.616
1982	9.502
1982	8.882
1982	8.373
1982	8.199
1982	8.02
1982	7.346
1982	5.783
1982	5.611
1982	5.257
1982	4.689
1982	3.521
1982	3.444
1982	2.581
1982	2.317
1982	2.267
1982	2.142
1982	2.11
1982	2.054
1982	1.944
1982	1.932
1982	1.854
1982	1.838
1982	1.543
1982	1.519
1982	1.287
1982	1.167
1982	1.126
1982	1.075
1982	0.754
1982	0.726
1982	0.699
1982	0.565
1982	0.532
1982	0.522
1982	0.478
1982	0.209
1982	0.121
1983	27244.158
1983	22602.954
1983	13609.282
1983	12282.74
1983	11300.15
1983	11068.396
1983	10188.495
1983	8248.929
1983	7879.728
1983	7245.028
1983	6751.571
1983	5429.514
1983	4740.21
1983	4389.336
1983	3725.279
1983	3687.078
1983	3056.851
1983	2938.246
1983	2643.806
1983	2395.404
1983	2273.077
1983	2008.712
1983	1939.537
1983	1931.826
1983	1877.716
1983	1817.981
1983	1620.883
1983	1561.287
1983	1469.411
1983	1429.822
1983	1263.925
1983	1249.821
1983	1231.872
1983	1221.304
1983	1216.028
1983	1202.874
1983	1199.201
1983	1162.682
1983	1150.965
1983	1044.296
1983	939.615
1983	935.107
1983	917.052
1983	913.341
1983	903.887
1983	896.512
1983	861.924
1983	861.61
1983	835.363
1983	802.133
1983	800.054
1983	776.328
1983	752.228
1983	751.399
1983	700.527
1983	672.649
1983	646.131
1983	622.923
1983	622.86
1983	535.333
1983	511.483
1983	491.263
1983	478.949
1983	477.692
1983	465.172
1983	461.124
1983	447.847
1983	442.601
1983	436.191
1983	430.337
1983	425.715
1983	402.783
1983	390.737
1983	389.654
1983	376.888
1983	341.844
1983	334.811
1983	323.708
1983	319.293
1983	290.461
1983	287.71
1983	283.323
1983	278.462
1983	264.971
1983	253.671
1983	250.265
1983	225.091
1983	220.482
1983	216.626
1983	212.94
1983	210.679
1983	205.997
1983	199.095
1983	198.353
1983	195.837
1983	191.17
1983	173.187
1983	173.179
1983	155.755
1983	148.126
1983	144.177
1983	137.97
1983	128.123
1983	124.166
1983	123.319
1983	120.883
1983	118.108
1983	113.563
1983	106.088
1983	100.9
1983	95.546
1983	83.102
1983	72.001
1983	69.875
1983	63.835
1983	61.158
1983	55.585
1983	54.479
1983	50.439
1983	42.075
1983	40.528
1983	35.268
1983	34.872
1983	33.354
1983	28.698
1983	26.279
1983	26.272
1983	22.067
1983	21.961
1983	21.359
1983	20.888
1983	20.017
1983	19.197
1983	18.181
1983	16.09
1983	12.156
1983	12.012
1983	11.312
1983	10.945
1983	10.048
1983	9.781
1983	9.611
1983	8.989
1983	8.654
1983	8.29
1983	7.873
1983	7.531
1983	6.697
1983	6.027
1983	5.76
1983	5.396
1983	4.507
1983	3.672
1983	3.46
1983	2.759
1983	2.52
1983	2.433
1983	2.266
1983	2.164
1983	2.056
1983	1.938
1983	1.931
1983	1.903
1983	1.865
1983	1.608
1983	1.485
1983	1.298
1983	1.167
1983	1.105
1983	1.073
1983	0.795
1983	0.759
1983	0.723
1983	0.54
1983	0.524
1983	0.491
1983	0.401
1983	0.204
1983	0.124
1984	27818.196
1984	22337.857
1984	13578.862
1984	12380.206
1984	11388.422
1984	11059.441
1984	10360.507
1984	8223.133
1984	7878.584
1984	7286.913
1984	6787.432
1984	5436.276
1984	4565.723
1984	4487.099
1984	3695.641
1984	3596.392
1984	3049.755
1984	2792.333
1984	2717.601
1984	2378.453
1984	2200.139
1984	2124.201
1984	2095.872
1984	2036.373
1984	1928.438
1984	1884.652
1984	1650.957
1984	1572.136
1984	1503.62
1984	1474.979
1984	1402.316
1984	1253.713
1984	1250.284
1984	1240.496
1984	1229.593
1984	1209.71
1984	1168.413
1984	1158.068
1984	1080.749
1984	1037.121
1984	958.444
1984	943.777
1984	933.787
1984	911.768
1984	902.016
1984	819.304
1984	803.204
1984	803.18
1984	794.102
1984	774.723
1984	762.821
1984	754.234
1984	744.91
1984	689.94
1984	634.3
1984	629.185
1984	624.359
1984	605.616
1984	595.84
1984	534.514
1984	522.24
1984	485.63
1984	481.071
1984	478.024
1984	476.21
1984	474.049
1984	457.805
1984	452.503
1984	436.91
1984	399.789
1984	388.704
1984	383.541
1984	381.274
1984	370.866
1984	362.635
1984	353.943
1984	322.647
1984	321.287
1984	302.242
1984	300.525
1984	299.879
1984	287.016
1984	273.743
1984	270.623
1984	263.576
1984	259.431
1984	251.533
1984	232.87
1984	224.549
1984	219.003
1984	211.216
1984	206.002
1984	201.653
1984	201.209
1984	199.851
1984	199.219
1984	175.674
1984	167.784
1984	165.033
1984	159.947
1984	151.781
1984	140.624
1984	131.194
1984	123.639
1984	121.023
1984	120.116
1984	118.17
1984	116.825
1984	108.333
1984	99.157
1984	97.272
1984	83.066
1984	72.59
1984	66.123
1984	65.083
1984	62.023
1984	59.918
1984	56.206
1984	52.088
1984	42.151
1984	41.58
1984	36.303
1984	34.755
1984	33.185
1984	27.7
1984	27.255
1984	23.609
1984	22.029
1984	21.7
1984	21.556
1984	21.552
1984	20.727
1984	20.355
1984	19.398
1984	13.663
1984	13.362
1984	12.236
1984	11.391
1984	10.927
1984	10.806
1984	10.481
1984	9.8
1984	9.155
1984	8.349
1984	7.751
1984	7.736
1984	7.683
1984	6.997
1984	6.538
1984	5.74
1984	5.258
1984	4.705
1984	3.836
1984	3.47
1984	3.14
1984	2.579
1984	2.562
1984	2.546
1984	2.182
1984	1.997
1984	1.964
1984	1.937
1984	1.924
1984	1.887
1984	1.756
1984	1.446
1984	1.328
1984	1.163
1984	1.11
1984	1.079
1984	0.839
1984	0.792
1984	0.756
1984	0.527
1984	0.509
1984	0.501
1984	0.427
1984	0.171
1984	0.124
1985	28012.921
1985	22776.148
1985	13280.85
1985	12468.322
1985	11475.592
1985	11082.816
1985	10557.615
1985	8205.911
1985	8154.649
1985	7287.513
1985	6786.16
1985	5530.519
1985	4587.445
1985	3880.557
1985	3783.84
1985	3647.491
1985	3053.944
1985	2878.913
1985	2762.565
1985	2358.755
1985	2209.444
1985	2201.606
1985	2140.341
1985	2100.215
1985	1928.184
1985	1921.585
1985	1629.852
1985	1576.845
1985	1557.526
1985	1486.7
1985	1397.02
1985	1244.044
1985	1239.458
1985	1230.488
1985	1203.346
1985	1192.643
1985	1157.134
1985	1124.525
1985	1064.464
1985	1047.955
1985	985.101
1985	963.942
1985	929.604
1985	885.951
1985	878.56
1985	875.879
1985	837.219
1985	814.468
1985	783.905
1985	775.885
1985	748.135
1985	735.118
1985	727.896
1985	724.523
1985	657.434
1985	635.423
1985	608.967
1985	591.441
1985	540.111
1985	529.061
1985	508.614
1985	508.114
1985	490.031
1985	478.076
1985	476.292
1985	465.638
1985	461.892
1985	444.47
1985	436.888
1985	424.855
1985	398.54
1985	392.687
1985	389.93
1985	377.594
1985	371.714
1985	371.145
1985	348.237
1985	325.157
1985	322.415
1985	298.445
1985	293.228
1985	289.529
1985	284.843
1985	273.383
1985	273.034
1985	268.315
1985	252.681
1985	232.28
1985	225.887
1985	225.155
1985	210.571
1985	209.407
1985	204.221
1985	192.097
1985	187.734
1985	180.464
1985	176.358
1985	173.46
1985	171.292
1985	171.139
1985	158.553
1985	141.113
1985	135.172
1985	129.479
1985	127.514
1985	124.362
1985	121.064
1985	117.695
1985	105.684
1985	103.66
1985	88.604
1985	83.929
1985	73.734
1985	67.864
1985	67.856
1985	66.36
1985	64.769
1985	56.514
1985	53.518
1985	44.217
1985	42.97
1985	36.679
1985	36.332
1985	31.221
1985	28.399
1985	28.396
1985	24.644
1985	23.55
1985	22.108
1985	21.97
1985	21.695
1985	20.769
1985	20.705
1985	20.165
1985	16.042
1985	13.508
1985	12.216
1985	12.138
1985	12.125
1985	11.304
1985	10.551
1985	9.99
1985	9.886
1985	9.514
1985	8.298
1985	8.181
1985	7.57
1985	7.4
1985	7.351
1985	5.805
1985	5.427
1985	5.007
1985	3.839
1985	3.829
1985	3.705
1985	3.273
1985	2.789
1985	2.461
1985	2.21
1985	2.164
1985	1.989
1985	1.93
1985	1.894
1985	1.838
1985	1.822
1985	1.547
1985	1.13
1985	1.108
1985	1.065
1985	1.001
1985	0.906
1985	0.811
1985	0.751
1985	0.529
1985	0.514
1985	0.506
1985	0.334
1985	0.171
1985	0.12
1986	27961.916
1986	23954.048
1986	12956.464
1986	12599.853
1986	11803.457
1986	11198.804
1986	10808.51
1986	8139.321
1986	8086.758
1986	7458.739
1986	6903.56
1986	5620.07
1986	4921.381
1986	3969.845
1986	3938.24
1986	3628.845
1986	3000.468
1986	2925.099
1986	2763.702
1986	2513.005
1986	2346.126
1986	2279.451
1986	2098.868
1986	2087.917
1986	2000.274
1986	1820.862
1986	1704.084
1986	1631.39
1986	1548.865
1986	1517.542
1986	1384.768
1986	1337.22
1986	1232.746
1986	1196.762
1986	1189.858
1986	1161.81
1986	1154.391
1986	1138.827
1986	1105.959
1986	1074.781
1986	1015.75
1986	979.004
1986	967.807
1986	934.803
1986	915.949
1986	878.926
1986	873.669
1986	823.709
1986	801.74
1986	737.555
1986	729.191
1986	714.064
1986	703.343
1986	646.095
1986	595.478
1986	594.92
1986	589.23
1986	579.884
1986	563.116
1986	536.715
1986	524.815
1986	523.247
1986	487.473
1986	485.17
1986	478.779
1986	461.682
1986	444.002
1986	442.063
1986	434.225
1986	421.136
1986	396.292
1986	391.167
1986	388.025
1986	384.118
1986	381.524
1986	380.518
1986	365.065
1986	321.683
1986	318.224
1986	314.901
1986	296.108
1986	294.615
1986	283.492
1986	281.236
1986	278.799
1986	263.283
1986	239.509
1986	237.343
1986	237.167
1986	229.942
1986	218.699
1986	210.196
1986	207.553
1986	206.105
1986	189.93
1986	188.755
1986	182.353
1986	172.556
1986	155.337
1986	143.221
1986	139.065
1986	133.877
1986	130.196
1986	129.699
1986	123.776
1986	123.11
1986	122.734
1986	120.945
1986	109.095
1986	108.711
1986	102.04
1986	85.886
1986	77.795
1986	74.41
1986	69.683
1986	69.556
1986	67.922
1986	54.76
1986	54.394
1986	44.652
1986	38.131
1986	36.385
1986	36.034
1986	31.609
1986	29.827
1986	27.512
1986	25.848
1986	24.052
1986	24.044
1986	22.102
1986	21.796
1986	21
1986	20.036
1986	19.481
1986	13.993
1986	13.962
1986	13.553
1986	12.674
1986	12.235
1986	11.691
1986	11.085
1986	10.612
1986	10.224
1986	10.097
1986	8.758
1986	8.239
1986	8.22
1986	7.949
1986	7.567
1986	5.542
1986	5.105
1986	4.916
1986	4.908
1986	3.857
1986	3.846
1986	3.583
1986	2.403
1986	2.332
1986	2.232
1986	2.206
1986	2.021
1986	1.924
1986	1.91
1986	1.824
1986	1.708
1986	1.705
1986	1.106
1986	1.066
1986	1.046
1986	0.942
1986	0.904
1986	0.825
1986	0.753
1986	0.531
1986	0.524
1986	0.506
1986	0.334
1986	0.171
1986	0.12
1987	28278.136
1987	24840.881
1987	12698.807
1987	12659.681
1987	12050.772
1987	11385.405
1987	10955.36
1987	7898.918
1987	7804.92
1987	7175.465
1987	6840.898
1987	5713.021
1987	5020.114
1987	4004.89
1987	3749.22
1987	3481.212
1987	3094.609
1987	2990.968
1987	2739.012
1987	2508.836
1987	2334.442
1987	2209.965
1987	2124.76
1987	2113.825
1987	2049.219
1987	1832.661
1987	1790.634
1987	1591.705
1987	1516.36
1987	1475.033
1987	1381.181
1987	1270.372
1987	1210.744
1987	1203.609
1987	1178.176
1987	1172.599
1987	1153.506
1987	1152.265
1987	1134.781
1987	1111.385
1987	1089.479
1987	1050.573
1987	983.478
1987	960.821
1987	922.731
1987	896.996
1987	893.1
1987	816.566
1987	808.695
1987	710.248
1987	702.249
1987	683.658
1987	682.971
1987	657.448
1987	640.847
1987	627.435
1987	605.467
1987	596.964
1987	591.877
1987	557.404
1987	538.281
1987	513.118
1987	512.907
1987	498.448
1987	476.292
1987	456.973
1987	448.464
1987	447.954
1987	444.95
1987	427.756
1987	390.461
1987	388.407
1987	379.162
1987	378.397
1987	377.033
1987	350.816
1987	326.63
1987	317.26
1987	315.446
1987	303.212
1987	302.042
1987	299.552
1987	297.326
1987	297.233
1987	289.36
1987	280.037
1987	250.296
1987	234.675
1987	233.591
1987	227.54
1987	222.846
1987	210.081
1987	206.635
1987	206.287
1987	203.824
1987	187.666
1987	186.635
1987	183.509
1987	159.813
1987	150.998
1987	149.981
1987	140.425
1987	140.282
1987	132.798
1987	131.551
1987	123.499
1987	120.924
1987	114.824
1987	111.598
1987	108.674
1987	95.776
1987	89.234
1987	83.71
1987	74.874
1987	74.069
1987	70.763
1987	68.888
1987	55.985
1987	55.842
1987	45.479
1987	44.235
1987	37.364
1987	35.715
1987	33.25
1987	30.313
1987	28.385
1987	25.679
1987	25.639
1987	24.752
1987	23.109
1987	21.617
1987	21.472
1987	21.377
1987	18.052
1987	16.848
1987	15.252
1987	14.474
1987	14.179
1987	12.648
1987	11.741
1987	11.295
1987	10.958
1987	10.753
1987	10.18
1987	9.162
1987	8.966
1987	8.727
1987	8.501
1987	8.404
1987	5.807
1987	4.942
1987	4.812
1987	4.693
1987	3.879
1987	3.846
1987	3.554
1987	2.793
1987	2.597
1987	2.297
1987	2.034
1987	1.926
1987	1.923
1987	1.86
1987	1.825
1987	1.604
1987	1.26
1987	1.103
1987	1.059
1987	0.983
1987	0.956
1987	0.952
1987	0.844
1987	0.755
1987	0.532
1987	0.519
1987	0.511
1987	0.334
1987	0.173
1987	0.117
1988	27537.454
1988	25172.358
1988	12869.226
1988	12620.372
1988	12305.988
1988	11530.962
1988	11164.636
1988	7989.255
1988	7898.883
1988	7236.768
1988	6634.83
1988	5810.24
1988	5114.909
1988	3981.476
1988	3758.346
1988	3407.596
1988	3207.822
1988	2979.563
1988	2676.829
1988	2516.16
1988	2360.468
1988	2170.675
1988	2160.299
1988	2100.943
1988	2084.101
1988	1874.265
1988	1852.223
1988	1759.205
1988	1520.911
1988	1466.762
1988	1458.021
1988	1383.607
1988	1213.663
1988	1210.619
1988	1202.063
1988	1168.502
1988	1154.604
1988	1147.294
1988	1131.712
1988	1123.76
1988	1056.752
1988	1004.943
1988	997.929
1988	946.793
1988	933.158
1988	928.551
1988	901.459
1988	846.759
1988	778.252
1988	705.613
1988	688.659
1988	670.086
1988	662.959
1988	660.933
1988	660.626
1988	634.18
1988	631.227
1988	629.157
1988	592.326
1988	579.039
1988	559.667
1988	553.83
1988	510.473
1988	496.805
1988	490.281
1988	455.969
1988	454.305
1988	453.949
1988	449.682
1988	409.119
1988	400.731
1988	400.141
1988	380.506
1988	380.218
1988	368.247
1988	350.278
1988	338.198
1988	326.402
1988	319.241
1988	318.867
1988	314.323
1988	299.891
1988	299.747
1988	293.44
1988	292.096
1988	274.112
1988	264.07
1988	246.793
1988	236.626
1988	225.529
1988	218.456
1988	216.647
1988	206.602
1988	203.638
1988	203.086
1988	199.081
1988	196.616
1988	178.499
1988	175.627
1988	145.851
1988	145.379
1988	136.25
1988	136.121
1988	132.008
1988	130.402
1988	130.351
1988	121.888
1988	120.423
1988	115.928
1988	112.334
1988	105.977
1988	99.646
1988	93.243
1988	79.581
1988	74.592
1988	73.863
1988	67.461
1988	58.893
1988	56.485
1988	46.325
1988	45.909
1988	38.884
1988	36.642
1988	36.234
1988	30.53
1988	28.509
1988	27.319
1988	25.979
1988	24.466
1988	23.166
1988	22.819
1988	21.988
1988	21.527
1988	17.809
1988	16.083
1988	15.81
1988	15.258
1988	14.907
1988	13.082
1988	12.429
1988	12.308
1988	11.25
1988	10.833
1988	10.521
1988	10.314
1988	9.069
1988	9.049
1988	8.875
1988	8.512
1988	5.938
1988	4.905
1988	4.833
1988	4.803
1988	3.886
1988	3.855
1988	3.206
1988	2.845
1988	2.527
1988	2.456
1988	2.24
1988	2.131
1988	1.945
1988	1.881
1988	1.827
1988	1.791
1988	1.568
1988	1.099
1988	1.091
1988	0.983
1988	0.969
1988	0.931
1988	0.858
1988	0.722
1988	0.54
1988	0.512
1988	0.511
1988	0.356
1988	0.179
1988	0.116
1989	27803.847
1989	26460.739
1989	12996.958
1989	12667.886
1989	12469.737
1989	11626.122
1989	11264.134
1989	8138.063
1989	8102.273
1989	6933.229
1989	6846.867
1989	5910.565
1989	5218.518
1989	3966.139
1989	3940.208
1989	3382.413
1989	3004.635
1989	2992.234
1989	2643.057
1989	2538.179
1989	2477.458
1989	2448.185
1989	2242.774
1989	2104.253
1989	2076.118
1989	1988.244
1989	1925.421
1989	1850.458
1989	1533.368
1989	1482.328
1989	1449.761
1989	1379.817
1989	1239.553
1989	1214.947
1989	1200.512
1989	1183.638
1989	1153.858
1989	1129.378
1989	1099.987
1989	1094.594
1989	1094.416
1989	1045.667
1989	982.648
1989	976.926
1989	935.969
1989	920.665
1989	915.936
1989	868.261
1989	792.028
1989	714.846
1989	700.781
1989	679.274
1989	674.601
1989	659.427
1989	659.225
1989	658.117
1989	652.572
1989	633.414
1989	610.05
1989	601.657
1989	569.648
1989	565.713
1989	510.914
1989	505.868
1989	492.138
1989	463.721
1989	458.267
1989	452.774
1989	445.608
1989	423.801
1989	410.748
1989	410.364
1989	382.938
1989	380.449
1989	373.331
1989	357.621
1989	329.477
1989	328.629
1989	326.294
1989	322.905
1989	318.285
1989	314.392
1989	297.283
1989	295.391
1989	290.72
1989	278.728
1989	275.042
1989	259.179
1989	244.388
1989	241.129
1989	221.251
1989	219.867
1989	217.475
1989	207.219
1989	203.295
1989	198.749
1989	195.345
1989	192.497
1989	186.325
1989	154.621
1989	142.164
1989	137.796
1989	135.598
1989	135.552
1989	131.643
1989	128.329
1989	125.313
1989	124.013
1989	120.861
1989	109.34
1989	103.659
1989	98.382
1989	84.575
1989	84.031
1989	78.37
1989	75.526
1989	71.433
1989	58.64
1989	57.222
1989	50.079
1989	46.295
1989	39.79
1989	37.165
1989	32.583
1989	28.799
1989	28.764
1989	28.147
1989	27.585
1989	24.909
1989	23.585
1989	23.15
1989	22.528
1989	20.778
1989	17.195
1989	16.849
1989	16.656
1989	16.483
1989	15.054
1989	13.797
1989	13.767
1989	11.664
1989	11.598
1989	10.823
1989	10.793
1989	10.369
1989	9.482
1989	9.409
1989	8.603
1989	8.302
1989	6.452
1989	4.969
1989	4.874
1989	4.794
1989	3.884
1989	3.479
1989	3.394
1989	3.056
1989	2.507
1989	2.401
1989	2.392
1989	2.131
1989	1.966
1989	1.827
1989	1.814
1989	1.811
1989	1.582
1989	1.145
1989	1.029
1989	0.983
1989	0.933
1989	0.864
1989	0.732
1989	0.551
1989	0.516
1989	0.505
1989	0.471
1989	0.356
1989	0.183
1989	0.114
1990	27564.895
1990	27306.686
1990	13131.598
1990	12894.746
1990	12393.73
1990	11615.536
1990	11292.214
1990	8431.415
1990	8139.243
1990	6889.458
1990	6680.656
1990	6017.362
1990	5324.919
1990	4012.877
1990	3810.271
1990	3435.32
1990	2936.264
1990	2846.025
1990	2627.74
1990	2564.195
1990	2533.42
1990	2436.503
1990	2318.58
1990	2133.083
1990	2012.312
1990	1970.461
1990	1921.208
1990	1884.913
1990	1500.584
1990	1486.83
1990	1407.791
1990	1381.565
1990	1307.521
1990	1235.084
1990	1228.69
1990	1204.215
1990	1199.552
1990	1158.615
1990	1086.439
1990	1076.621
1990	1054.606
1990	1051.795
1990	1030.499
1990	1029.42
1990	978.238
1990	945.929
1990	897.966
1990	858.788
1990	817.662
1990	725.847
1990	701.462
1990	687.453
1990	676.7
1990	667.766
1990	667.045
1990	656.553
1990	651.865
1990	625.339
1990	617.505
1990	603.997
1990	599.68
1990	585.484
1990	519.62
1990	508.783
1990	498.446
1990	489.773
1990	460.242
1990	453.302
1990	449.091
1990	447.602
1990	429.067
1990	421.138
1990	391.132
1990	382.735
1990	371.982
1990	343.412
1990	338.074
1990	333.467
1990	333.337
1990	328.787
1990	314.343
1990	304.804
1990	301.465
1990	301.391
1990	294.336
1990	291.513
1990	286.459
1990	284.581
1990	268.961
1990	253.318
1990	238.96
1990	232.36
1990	221.883
1990	219.665
1990	213.482
1990	206.473
1990	197.217
1990	194.711
1990	192.508
1990	161.941
1990	147.819
1990	144.956
1990	140.51
1990	133.393
1990	126.426
1990	124.051
1990	123.317
1990	123.082
1990	121.025
1990	117.033
1990	113.539
1990	105.5
1990	85.007
1990	83.835
1990	80.088
1990	76.193
1990	74.962
1990	57.893
1990	56.772
1990	51.313
1990	47.349
1990	41.552
1990	37.894
1990	31.474
1990	30.739
1990	28.812
1990	28.803
1990	28.389
1990	24.027
1990	23.308
1990	22.902
1990	22.9
1990	19.697
1990	18.853
1990	17.657
1990	15.843
1990	14.713
1990	14.357
1990	13.89
1990	13.207
1990	12.273
1990	11.83
1990	10.87
1990	10.49
1990	10.063
1990	9.756
1990	9.299
1990	9.045
1990	8.684
1990	6.778
1990	5.016
1990	4.746
1990	4.613
1990	3.89
1990	3.458
1990	3.248
1990	2.99
1990	2.602
1990	2.28
1990	2.157
1990	2.025
1990	1.988
1990	1.827
1990	1.804
1990	1.757
1990	1.6
1990	1.16
1990	1.033
1990	0.986
1990	0.943
1990	0.766
1990	0.697
1990	0.56
1990	0.518
1990	0.502
1990	0.356
1990	0.354
1990	0.179
1990	0.117
1991	27841.552
1991	26866.125
1991	13274.036
1991	13263.145
1991	12489.512
1991	11611.926
1991	11080.171
1991	8408.386
1991	8008.203
1991	6776.895
1991	6679.217
1991	6070.756
1991	5433.786
1991	4046.433
1991	3557.558
1991	3438.815
1991	2925.765
1991	2907.867
1991	2615.296
1991	2546.585
1991	2492.111
1991	2359.999
1991	2320.126
1991	2188.695
1991	2132.032
1991	2038.968
1991	1850.515
1991	1775.349
1991	1497.079
1991	1481.224
1991	1364.399
1991	1338.436
1991	1308.256
1991	1233.126
1991	1215.909
1991	1207.607
1991	1189.961
1991	1084.085
1991	1071.598
1991	1064.593
1991	1060.405
1991	1055.259
1991	1041.909
1991	1014.218
1991	1001.892
1991	910.773
1991	905.907
1991	863.902
1991	821.335
1991	750.242
1991	734.863
1991	703.065
1991	671.178
1991	664.596
1991	658.765
1991	652.026
1991	650.104
1991	638.751
1991	638.056
1991	611.894
1991	601.86
1991	594.641
1991	530.642
1991	517.149
1991	504.618
1991	483.338
1991	462.586
1991	448.843
1991	441.202
1991	440.464
1991	431.324
1991	396.866
1991	384.926
1991	376.844
1991	356.395
1991	355.743
1991	342.99
1991	341.814
1991	319.416
1991	318.427
1991	314.863
1991	312.915
1991	304.017
1991	294.685
1991	286.71
1991	284.625
1991	278.574
1991	270.559
1991	263.051
1991	247.293
1991	246.985
1991	246.459
1991	232.259
1991	229.511
1991	219.872
1991	210.907
1991	209.304
1991	209.102
1991	195.31
1991	161.392
1991	161.264
1991	148.508
1991	144.62
1991	133.52
1991	133.458
1991	128.451
1991	124.374
1991	123.557
1991	120.198
1991	114.618
1991	106.168
1991	102.744
1991	87.006
1991	85.145
1991	82.586
1991	78.516
1991	76.175
1991	62.087
1991	59.363
1991	57.888
1991	48.494
1991	42.361
1991	38.232
1991	32.84
1991	30.448
1991	29.522
1991	28.845
1991	28.266
1991	26.706
1991	25.044
1991	22.604
1991	22.504
1991	19.324
1991	19.187
1991	18.046
1991	15.519
1991	15.149
1991	14.424
1991	13.74
1991	13.172
1991	11.921
1991	10.952
1991	10.573
1991	10.504
1991	10.295
1991	10.104
1991	9.045
1991	8.795
1991	7.258
1991	5.104
1991	4.767
1991	4.635
1991	3.892
1991	3.466
1991	3.256
1991	3.024
1991	2.948
1991	2.475
1991	2.182
1991	2.13
1991	2.096
1991	2.009
1991	1.862
1991	1.809
1991	1.722
1991	1.601
1991	1.065
1991	1.042
1991	0.986
1991	0.902
1991	0.76
1991	0.698
1991	0.579
1991	0.518
1991	0.495
1991	0.356
1991	0.343
1991	0.164
1991	0.119
1992	28227.502
1992	13860.621
1992	13438.019
1992	13429.485
1992	12691.202
1992	11857.289
1992	10941.45
1992	8185.341
1992	8020.802
1992	6658.175
1992	6647.901
1992	6178.171
1992	5549.747
1992	5140.725
1992	4151.443
1992	3644.592
1992	3400.437
1992	3065.193
1992	2898.552
1992	2727.247
1992	2550.773
1992	2487.706
1992	2395.394
1992	2249.161
1992	2213.367
1992	2203.627
1992	2080.006
1992	1925.725
1992	1821.201
1992	1585.604
1992	1546.255
1992	1495.667
1992	1456.955
1992	1353.26
1992	1306.583
1992	1294.967
1992	1290.075
1992	1278.781
1992	1232.075
1992	1210.907
1992	1163.724
1992	1156.369
1992	1108.386
1992	1080.599
1992	1062.208
1992	1004.441
1992	980.283
1992	928.784
1992	927.146
1992	869.514
1992	843.3
1992	826.172
1992	772.967
1992	761.11
1992	748.756
1992	678.213
1992	676.478
1992	676.02
1992	671.789
1992	651.44
1992	638.953
1992	626.77
1992	619.339
1992	618.902
1992	551.884
1992	536.078
1992	529.053
1992	528.031
1992	495.901
1992	480.777
1992	464.262
1992	457.912
1992	442.469
1992	440.587
1992	440.272
1992	404.728
1992	399.743
1992	383.52
1992	373.003
1992	364.307
1992	351.862
1992	343.524
1992	333.98
1992	326.141
1992	325.849
1992	316.508
1992	314.178
1992	313.378
1992	310.933
1992	306.153
1992	305.403
1992	297.866
1992	294.585
1992	279.692
1992	277.417
1992	277.2
1992	268.125
1992	265.645
1992	264.5
1992	262.254
1992	250.559
1992	249.732
1992	229.75
1992	222.171
1992	217.497
1992	217.446
1992	216.923
1992	215.79
1992	203.076
1992	187.343
1992	163.454
1992	157.206
1992	150.455
1992	148.664
1992	144.974
1992	142.05
1992	137.044
1992	132.6
1992	122.754
1992	120.888
1992	119.915
1992	116.089
1992	114.203
1992	109.7
1992	105.238
1992	93.932
1992	92.718
1992	90.685
1992	87.368
1992	86.714
1992	85.894
1992	82.407
1992	82.372
1992	79.155
1992	72.727
1992	61.383
1992	58.656
1992	58.459
1992	50.386
1992	42.521
1992	37.755
1992	35.024
1992	30.875
1992	30.782
1992	29.514
1992	29.329
1992	24.615
1992	23.121
1992	22.504
1992	21.979
1992	21.095
1992	19.115
1992	18.217
1992	17.948
1992	15.914
1992	15.113
1992	14.01
1992	13.011
1992	12.34
1992	11.181
1992	10.724
1992	10.639
1992	10.526
1992	10.266
1992	10.249
1992	9.38
1992	8.327
1992	5.171
1992	4.923
1992	4.7
1992	4.345
1992	3.903
1992	3.471
1992	2.96
1992	2.859
1992	2.535
1992	2.253
1992	2.208
1992	2.154
1992	2.03
1992	1.884
1992	1.81
1992	1.687
1992	1.61
1992	1.079
1992	1.014
1992	0.986
1992	0.905
1992	0.732
1992	0.698
1992	0.604
1992	0.53
1992	0.497
1992	0.356
1992	0.351
1992	0.164
1992	0.119
1993	29071.746
1993	13539.791
1993	13368.328
1993	13119.231
1993	12834.872
1993	12145.521
1993	10864.313
1993	8014.885
1993	7686.025
1993	6723.005
1993	6607.303
1993	6270.936
1993	5672.067
1993	4847.98
1993	3636.063
1993	3599.219
1993	3335.804
1993	3115.877
1993	2851.809
1993	2826.339
1993	2680.139
1993	2574.924
1993	2550.189
1993	2173.009
1993	2171.758
1993	2166.367
1993	2139.579
1993	1977.295
1993	1798.777
1993	1504.367
1993	1461.511
1993	1447.232
1993	1391.84
1993	1378.49
1993	1356.64
1993	1285.301
1993	1266.973
1993	1241.298
1993	1214.499
1993	1214.391
1993	1160.74
1993	1133.096
1993	1110.043
1993	1087.951
1993	1002.061
1993	944.588
1993	937.25
1993	900.351
1993	853.894
1993	848.125
1993	832.455
1993	825.925
1993	775.373
1993	760.482
1993	704.801
1993	703.145
1993	694.99
1993	683.086
1993	682.689
1993	638.163
1993	636.541
1993	630.357
1993	606.255
1993	555.972
1993	539.519
1993	536.877
1993	509.858
1993	489.623
1993	479.581
1993	472.063
1993	466.087
1993	445.677
1993	445.392
1993	442.401
1993	441.15
1993	417.473
1993	389.955
1993	387.279
1993	385.866
1993	372.297
1993	351.925
1993	348.001
1993	334.404
1993	327.415
1993	316.952
1993	309.237
1993	303.192
1993	293.925
1993	291.068
1993	288.658
1993	288.489
1993	283.809
1993	283.513
1993	277.855
1993	270.602
1993	259.369
1993	257.805
1993	252.839
1993	252.621
1993	251.275
1993	246.458
1993	237.791
1993	237.611
1993	236.398
1993	235.863
1993	219.525
1993	217.773
1993	212.683
1993	205.961
1993	200.377
1993	188.847
1993	171.861
1993	166.257
1993	152.76
1993	152.092
1993	151.999
1993	139.567
1993	133.594
1993	131.296
1993	128.976
1993	126.03
1993	117.057
1993	115.275
1993	114.123
1993	111.206
1993	95.567
1993	93.963
1993	93.796
1993	91.876
1993	90.596
1993	88.585
1993	83.604
1993	83.552
1993	83.535
1993	80.61
1993	76.173
1993	70.226
1993	66.533
1993	59.201
1993	58.271
1993	51.82
1993	43.01
1993	37.625
1993	37.422
1993	34.037
1993	31.704
1993	30.033
1993	29.74
1993	23.341
1993	23.118
1993	22.945
1993	22.756
1993	22.186
1993	18.977
1993	18.152
1993	17.814
1993	16.535
1993	14.24
1993	12.346
1993	12.276
1993	11.83
1993	11.805
1993	10.712
1993	10.624
1993	10.593
1993	10.17
1993	9.754
1993	9.52
1993	9.211
1993	8.842
1993	5.259
1993	5.181
1993	4.768
1993	3.908
1993	3.549
1993	2.957
1993	2.471
1993	2.275
1993	2.221
1993	2.186
1993	2.087
1993	2.052
1993	1.899
1993	1.809
1993	1.642
1993	1.625
1993	1.064
1993	1.057
1993	0.986
1993	0.859
1993	0.734
1993	0.698
1993	0.55
1993	0.53
1993	0.499
1993	0.362
1993	0.356
1993	0.163
1993	0.119
1994	30128.338
1994	13678.225
1994	13639.003
1994	12951.982
1994	12334.924
1994	12180.287
1994	10733.668
1994	8242.606
1994	7707.96
1994	6827.237
1994	6662.885
1994	6384.027
1994	5805.197
1994	4662.34
1994	3638.044
1994	3523.052
1994	3367.239
1994	3155.802
1994	3153.361
1994	2876.105
1994	2842.341
1994	2610.748
1994	2553.712
1994	2302.531
1994	2242.526
1994	2181.673
1994	2164.523
1994	1953.815
1994	1817.224
1994	1500.917
1994	1484.85
1994	1405.41
1994	1393.426
1994	1375.501
1994	1332.581
1994	1299.194
1994	1284.556
1994	1256.921
1994	1231.936
1994	1217.866
1994	1163.719
1994	1150.472
1994	1115.134
1994	1098.064
1994	994.528
1994	982.917
1994	946.859
1994	924.741
1994	884.038
1994	865.022
1994	851.69
1994	838.764
1994	789.08
1994	762.143
1994	731.522
1994	730.77
1994	699.887
1994	695.684
1994	665.677
1994	654.848
1994	654.046
1994	608.201
1994	586.252
1994	555.827
1994	536.648
1994	498.112
1994	489.538
1994	479.852
1994	479.716
1994	469.357
1994	453.315
1994	450.891
1994	442.183
1994	421.398
1994	389.888
1994	385.639
1994	380.558
1994	376.807
1994	363.223
1994	361.057
1994	347.77
1994	347.276
1994	332.052
1994	324.992
1994	314.058
1994	306.124
1994	303.923
1994	295.392
1994	294.762
1994	290.277
1994	289.504
1994	281.535
1994	274.056
1994	270.53
1994	264.295
1994	260.254
1994	255.249
1994	252.483
1994	247.879
1994	245.867
1994	243.846
1994	241.517
1994	231.204
1994	228.454
1994	227.788
1994	215.891
1994	209.381
1994	200.575
1994	195.871
1994	192.2
1994	188.055
1994	184.527
1994	171.493
1994	164.619
1994	164.301
1994	155.725
1994	152.287
1994	135.132
1994	125.064
1994	123.915
1994	113.598
1994	111.89
1994	111.265
1994	107.967
1994	105.168
1994	94.752
1994	94.015
1994	93.322
1994	88.341
1994	80.145
1994	79.252
1994	76.478
1994	72.638
1994	72.319
1994	72.281
1994	72.047
1994	70.916
1994	70.027
1994	60.689
1994	60.635
1994	53.055
1994	44.019
1994	40.644
1994	37.76
1994	36.216
1994	32.079
1994	31.036
1994	29.897
1994	25.318
1994	23.698
1994	22.612
1994	22.338
1994	22.128
1994	18.977
1994	17.028
1994	16.057
1994	14.823
1994	14.705
1994	14.329
1994	14.329
1994	12.395
1994	11.908
1994	11.908
1994	11.33
1994	10.729
1994	10.675
1994	10.352
1994	10.133
1994	9.793
1994	9.757
1994	9.452
1994	5.343
1994	5.293
1994	4.703
1994	3.907
1994	3.633
1994	2.956
1994	2.397
1994	2.234
1994	2.23
1994	2.209
1994	2.065
1994	2.017
1994	1.899
1994	1.809
1994	1.651
1994	1.624
1994	1.12
1994	0.986
1994	0.976
1994	0.878
1994	0.734
1994	0.699
1994	0.563
1994	0.53
1994	0.5
1994	0.362
1994	0.138
1994	0.126
1995	32236.271
1995	13898.592
1995	13627.63
1995	13147.79
1995	12380.736
1995	10709.16
1995	10443.71
1995	8012.186
1995	7560.718
1995	6985.169
1995	6642.281
1995	6505.133
1995	5940.58
1995	4244.519
1995	3633.219
1995	3447.605
1995	3417.992
1995	3269.148
1995	3109.328
1995	2857.049
1995	2785.798
1995	2636.623
1995	2542.019
1995	2440.432
1995	2232.141
1995	2197.089
1995	2165.317
1995	1774.312
1995	1644.486
1995	1575.911
1995	1537.897
1995	1433.748
1995	1410.295
1995	1375.42
1995	1301.189
1995	1279.89
1995	1267.179
1995	1247.211
1995	1221.671
1995	1196.498
1995	1183.378
1995	1176.556
1995	1113.481
1995	1111.808
1995	1084.694
1995	979.343
1995	973.756
1995	972.538
1995	949.366
1995	890.878
1995	876.57
1995	830.68
1995	778.977
1995	768.357
1995	761.246
1995	748.888
1995	719.044
1995	716.141
1995	699.851
1995	666.567
1995	656.498
1995	654.66
1995	609.748
1995	548.541
1995	539.867
1995	495.228
1995	483.862
1995	482.364
1995	480.503
1995	476.732
1995	433.218
1995	425.158
1995	419.082
1995	417.979
1995	395.89
1995	385.129
1995	379.508
1995	361.744
1995	352.258
1995	349.338
1995	345.828
1995	342.992
1995	332.699
1995	319.925
1995	311.663
1995	308.407
1995	306.457
1995	297.632
1995	292.941
1995	291.881
1995	291.266
1995	289.19
1995	285.37
1995	284.317
1995	274.369
1995	269.229
1995	267.942
1995	246.025
1995	245.522
1995	244.295
1995	240.244
1995	237.559
1995	234.759
1995	227.894
1995	223.301
1995	220.463
1995	203.312
1995	198.818
1995	182.839
1995	181.958
1995	176.913
1995	176.884
1995	174.717
1995	165.029
1995	159.399
1995	158.581
1995	151.238
1995	124.551
1995	122.533
1995	116.701
1995	113.566
1995	107.789
1995	101.638
1995	100.866
1995	89.985
1995	89.569
1995	87.099
1995	86.567
1995	83.513
1995	79.782
1995	77.364
1995	73.603
1995	73.522
1995	73.214
1995	71.816
1995	66.917
1995	63.239
1995	61.363
1995	61.285
1995	60.894
1995	60.417
1995	46.051
1995	43.376
1995	41.354
1995	37.274
1995	32.399
1995	30.962
1995	28.725
1995	26.689
1995	24.475
1995	23.155
1995	22.023
1995	21.903
1995	18.977
1995	18.66
1995	16.149
1995	14.811
1995	14.706
1995	14.63
1995	13.822
1995	13.733
1995	13.394
1995	11.908
1995	10.983
1995	10.797
1995	10.777
1995	10.662
1995	9.767
1995	9.168
1995	9.128
1995	7.511
1995	5.194
1995	5.039
1995	4.98
1995	3.901
1995	3.68
1995	3.162
1995	2.956
1995	2.251
1995	2.234
1995	2.219
1995	2.085
1995	2.038
1995	1.899
1995	1.809
1995	1.669
1995	1.584
1995	1.308
1995	1.169
1995	0.986
1995	0.873
1995	0.734
1995	0.699
1995	0.578
1995	0.53
1995	0.5
1995	0.362
1995	0.137
1995	0.126
1996	32513.734
1996	13711.986
1996	13185.57
1996	12875.369
1996	12587.868
1996	10146.303
1996	9747.031
1996	8133.068
1996	7323.461
1996	6790.127
1996	6533.82
1996	6494.304
1996	6040.338
1996	3826.627
1996	3795.037
1996	3442.55
1996	3358.654
1996	3329.068
1996	3144.562
1996	2939.013
1996	2753.023
1996	2665.9
1996	2576.071
1996	2545.944
1996	2242.873
1996	2213.325
1996	2174.858
1996	1638.647
1996	1617.699
1996	1496.711
1996	1441.349
1996	1415.506
1996	1394.581
1996	1339.649
1996	1297.925
1996	1276.142
1996	1225.702
1996	1221.756
1996	1210.027
1996	1206.527
1996	1203.742
1996	1184.393
1996	1178.112
1996	1141.288
1996	1061.613
1996	1026.884
1996	1007.29
1996	1006.254
1996	1000.211
1996	919.667
1996	917.205
1996	820.362
1996	792.344
1996	788.679
1996	776.658
1996	775.897
1996	748.089
1996	715.539
1996	713.822
1996	712.398
1996	671.393
1996	663.606
1996	602.423
1996	552.285
1996	541.4
1996	504.598
1996	492.273
1996	486.88
1996	484.681
1996	483.465
1996	436.703
1996	419.543
1996	415.605
1996	405.304
1996	395.27
1996	394.084
1996	388.801
1996	388.292
1996	382.028
1996	360.441
1996	358.197
1996	328.963
1996	328.935
1996	322.584
1996	316.806
1996	316.728
1996	314.036
1996	312.591
1996	310.922
1996	308.535
1996	299.505
1996	298.982
1996	290.353
1996	289.14
1996	288.821
1996	281.512
1996	259.647
1996	242.434
1996	237.869
1996	237.593
1996	233.643
1996	231.701
1996	231.454
1996	231.234
1996	222.098
1996	210.916
1996	201.031
1996	188.742
1996	182.537
1996	177.889
1996	172.221
1996	168.728
1996	167.585
1996	165.362
1996	164.985
1996	157.026
1996	140.145
1996	134.521
1996	121.727
1996	111.169
1996	109.697
1996	108.438
1996	103.849
1996	103.612
1996	96.53
1996	92.183
1996	86.413
1996	82.741
1996	81.757
1996	77.277
1996	77.11
1996	76.923
1996	75.077
1996	74.568
1996	73.161
1996	72.825
1996	65.119
1996	61.074
1996	60.166
1996	60.022
1996	58.545
1996	47.521
1996	47.095
1996	43.757
1996	38.129
1996	32.992
1996	32.041
1996	30.559
1996	26.008
1996	23.998
1996	23.561
1996	21.828
1996	21.04
1996	20.831
1996	18.977
1996	17.903
1996	17.086
1996	15.965
1996	15.778
1996	13.706
1996	13.409
1996	12.707
1996	11.908
1996	11.139
1996	10.992
1996	10.879
1996	10.87
1996	9.773
1996	9.099
1996	8.832
1996	7.812
1996	5.145
1996	5.097
1996	4.982
1996	3.898
1996	3.662
1996	3.162
1996	2.956
1996	2.4
1996	2.241
1996	2.234
1996	2.225
1996	2.097
1996	1.899
1996	1.809
1996	1.698
1996	1.656
1996	1.567
1996	1.113
1996	0.986
1996	0.886
1996	0.734
1996	0.699
1996	0.59
1996	0.53
1996	0.526
1996	0.362
1996	0.137
1996	0.127
1997	29903.481
1997	13696.725
1997	13126.869
1997	13017.231
1997	12413.798
1997	10040.98
1997	8559.487
1997	8205.512
1997	7202.491
1997	6801.884
1997	6671.011
1997	6617.91
1997	6188.056
1997	3939.363
1997	3500.093
1997	3463.211
1997	3357.298
1997	3313.258
1997	3080.833
1997	2945.84
1997	2747.097
1997	2724.947
1997	2704.556
1997	2542.862
1997	2271.38
1997	2256.031
1997	2184.431
1997	1645.533
1997	1621.117
1997	1584.7
1997	1456.259
1997	1441.859
1997	1375.767
1997	1315.762
1997	1266.46
1997	1260.025
1997	1230.622
1997	1222.915
1997	1222.599
1997	1196.496
1997	1160.955
1997	1160.486
1997	1128.829
1997	1085.196
1997	1067.323
1997	1053.763
1997	1038.768
1997	1027.132
1997	997.462
1997	952.066
1997	874.501
1997	840.317
1997	824.927
1997	799.746
1997	790.08
1997	778.495
1997	773.925
1997	759.399
1997	733.278
1997	730.549
1997	691.001
1997	673.141
1997	610.491
1997	542.584
1997	530.911
1997	526.072
1997	512.864
1997	505.971
1997	488.374
1997	477.821
1997	459.846
1997	446.168
1997	423.033
1997	420.989
1997	411.281
1997	406.917
1997	399.119
1997	386.566
1997	384.986
1997	372.236
1997	359.901
1997	344.158
1997	340.663
1997	336.427
1997	328.085
1997	327.932
1997	324.97
1997	321.094
1997	318.625
1997	313.897
1997	312.73
1997	303.516
1997	293.602
1997	292.735
1997	292.429
1997	272.879
1997	253.724
1997	249.28
1997	248.484
1997	247.277
1997	239.287
1997	231.554
1997	223.806
1997	222.161
1997	220.555
1997	218.894
1997	197.387
1997	188.403
1997	177.527
1997	172.308
1997	170.925
1997	163.581
1997	160.871
1997	160.837
1997	152.309
1997	142.505
1997	142.101
1997	131.458
1997	119.883
1997	107.374
1997	107.106
1997	105.689
1997	104.211
1997	103.471
1997	101.451
1997	94.458
1997	92.278
1997	85.621
1997	84.7
1997	82.355
1997	77.246
1997	74.32
1997	73.643
1997	73.229
1997	72.862
1997	72.817
1997	67.449
1997	61.393
1997	55.381
1997	52.767
1997	52.054
1997	49.914
1997	47.816
1997	45.053
1997	38.223
1997	33.647
1997	33.616
1997	31.963
1997	25.244
1997	23.951
1997	23.511
1997	21.77
1997	21.729
1997	19.336
1997	19.088
1997	18.977
1997	17.578
1997	17.408
1997	15.913
1997	14.672
1997	13.679
1997	12.357
1997	11.921
1997	11.72
1997	11.583
1997	10.986
1997	10.354
1997	9.742
1997	9.1
1997	8.067
1997	8.042
1997	5.244
1997	4.984
1997	4.782
1997	3.899
1997	3.682
1997	3.162
1997	3.023
1997	2.956
1997	2.42
1997	2.356
1997	2.234
1997	2.117
1997	1.899
1997	1.809
1997	1.715
1997	1.649
1997	1.401
1997	1.177
1997	0.986
1997	0.847
1997	0.734
1997	0.699
1997	0.601
1997	0.53
1997	0.526
1997	0.375
1997	0.128
1997	0.127
1998	31683.377
1998	13663.757
1998	13256.85
1998	13069.818
1998	12424.074
1998	10052.145
1998	8166.755
1998	7672.198
1998	7030.349
1998	6602.491
1998	6588.178
1998	6458.357
1998	6316.277
1998	4276.56
1998	3633.345
1998	3381.492
1998	3090.341
1998	2972.071
1998	2905.671
1998	2838.777
1998	2741.338
1998	2730.821
1998	2723.815
1998	2550.421
1998	2318.045
1998	2284.488
1998	2109.496
1998	1653.538
1998	1627.788
1998	1617.465
1998	1504.491
1998	1443.813
1998	1404.349
1998	1333.905
1998	1310.498
1998	1257.412
1998	1208.53
1998	1206.005
1998	1200.69
1998	1175.495
1998	1173.179
1998	1149.008
1998	1088.373
1998	1064.587
1998	1049.353
1998	1038.551
1998	1035.858
1998	953.433
1998	935.538
1998	896.776
1998	869.815
1998	859.079
1998	855.535
1998	810.338
1998	806.475
1998	795.187
1998	757.355
1998	750.35
1998	750.346
1998	747.107
1998	710.689
1998	683.654
1998	643.69
1998	548.084
1998	538.148
1998	522.489
1998	521.47
1998	516.587
1998	490.93
1998	489.448
1998	465.343
1998	459.332
1998	455.451
1998	439.674
1998	433.068
1998	402.668
1998	386.728
1998	386.419
1998	383.437
1998	373.987
1998	360.98
1998	356.612
1998	353.956
1998	351.753
1998	346.63
1998	342.274
1998	335.43
1998	318.22
1998	313.592
1998	313.379
1998	305.158
1998	304.082
1998	297.684
1998	286.807
1998	283.741
1998	281.462
1998	248.159
1998	244.088
1998	243.639
1998	235.78
1998	234.151
1998	223.456
1998	222.161
1998	218.581
1998	214.896
1998	194.578
1998	190.163
1998	185.152
1998	178.912
1998	174.201
1998	169.348
1998	167.196
1998	160.585
1998	160.3
1998	155.68
1998	154.614
1998	133.895
1998	122.052
1998	117.046
1998	116.841
1998	110.297
1998	109.657
1998	105.621
1998	98.626
1998	96.686
1998	96.01
1998	92.607
1998	84.171
1998	83.041
1998	79.4
1998	79.184
1998	77.188
1998	72.415
1998	69.62
1998	69.558
1998	69.451
1998	66.031
1998	62.481
1998	52.659
1998	51.328
1998	50.693
1998	48.41
1998	48.161
1998	46.145
1998	38.326
1998	35.563
1998	32.632
1998	32.242
1998	24.513
1998	23.915
1998	22.299
1998	21.822
1998	21.662
1998	20.013
1998	19.755
1998	18.977
1998	17.429
1998	17.177
1998	17.088
1998	16.934
1998	13.715
1998	11.987
1998	11.923
1998	11.658
1998	11.551
1998	11.069
1998	10.31
1998	9.742
1998	8.702
1998	8.467
1998	8.02
1998	5.606
1998	5.062
1998	4.954
1998	3.893
1998	3.672
1998	3.47
1998	3.162
1998	2.956
1998	2.421
1998	2.28
1998	2.234
1998	2.132
1998	1.899
1998	1.809
1998	1.807
1998	1.791
1998	1.643
1998	1.137
1998	0.986
1998	0.877
1998	0.734
1998	0.699
1998	0.613
1998	0.53
1998	0.526
1998	0.376
1998	0.128
1998	0.127
1999	33053.058
1999	13638.073
1999	13418.314
1999	13027.739
1999	11865.965
1999	9989.973
1999	8067.256
1999	7153.4
1999	6968.705
1999	6592.366
1999	6590.118
1999	6533.826
1999	6470.449
1999	4187.08
1999	3762.969
1999	3417.533
1999	3076.666
1999	3046.956
1999	2937.261
1999	2678.019
1999	2654.81
1999	2631.144
1999	2589.188
1999	2518.645
1999	2366.156
1999	2270.247
1999	2066.645
1999	1803.491
1999	1737.218
1999	1648.182
1999	1568.22
1999	1520.504
1999	1446.938
1999	1444.371
1999	1382.118
1999	1269.442
1999	1196.191
1999	1195.092
1999	1186.615
1999	1182.275
1999	1160.717
1999	1159.429
1999	1124.733
1999	1086.121
1999	1078.755
1999	995.227
1999	995.212
1999	953.621
1999	952.885
1999	905.147
1999	894.838
1999	862.973
1999	843.701
1999	808.6
1999	796.984
1999	776.344
1999	773.589
1999	739.767
1999	736.991
1999	732.266
1999	691.145
1999	659.63
1999	658.813
1999	563.401
1999	559.269
1999	538.117
1999	527.773
1999	521.663
1999	506.734
1999	490.667
1999	483.372
1999	473.102
1999	464.238
1999	449.282
1999	439.696
1999	403.122
1999	401.491
1999	395.392
1999	387.929
1999	372.196
1999	369.049
1999	360.517
1999	356.58
1999	344.327
1999	343.76
1999	340.208
1999	338.895
1999	335.013
1999	322.098
1999	314.856
1999	307.329
1999	304.543
1999	299.894
1999	280.532
1999	275.045
1999	262.11
1999	258.89
1999	256.225
1999	251.302
1999	248.67
1999	227.729
1999	224.393
1999	222.768
1999	219.495
1999	214.045
1999	209.361
1999	200.716
1999	189.98
1999	176.606
1999	172.416
1999	170.86
1999	163.236
1999	158.505
1999	148.417
1999	148.029
1999	136.875
1999	136.796
1999	135.176
1999	127.545
1999	127.364
1999	121.373
1999	110.404
1999	106.345
1999	105.569
1999	102.842
1999	102.735
1999	98.988
1999	86.53
1999	83.445
1999	80.532
1999	80.077
1999	77.056
1999	73.694
1999	73.286
1999	71.982
1999	68.05
1999	62.882
1999	59.524
1999	56.577
1999	49.783
1999	48.566
1999	47.015
1999	42.955
1999	38.798
1999	37.978
1999	35.717
1999	35.715
1999	32.437
1999	24.033
1999	23.75
1999	22.966
1999	22.565
1999	22.114
1999	21.417
1999	21.144
1999	19.02
1999	18.977
1999	17.663
1999	17.429
1999	14.009
1999	13.481
1999	11.938
1999	11.835
1999	11.769
1999	11.294
1999	11.203
1999	11.151
1999	9.81
1999	9.575
1999	8.72
1999	7.959
1999	6.038
1999	5.271
1999	4.863
1999	4.444
1999	3.892
1999	3.663
1999	3.162
1999	2.956
1999	2.495
1999	2.292
1999	2.235
1999	2.156
1999	1.899
1999	1.876
1999	1.809
1999	1.674
1999	1.199
1999	1.134
1999	0.986
1999	0.818
1999	0.734
1999	0.699
1999	0.624
1999	0.53
1999	0.526
1999	0.395
1999	0.128
1999	0.127
2000	33875.937
2000	13806.465
2000	13615.262
2000	12957.73
2000	11914.104
2000	9890.792
2000	8328.604
2000	7112.927
2000	6875.675
2000	6652.912
2000	6630.305
2000	6610.839
2000	6551.781
2000	3933.576
2000	3887.237
2000	3416.945
2000	3231.517
2000	3044.442
2000	2887.558
2000	2712.664
2000	2590.048
2000	2531.012
2000	2495.309
2000	2455.319
2000	2410.013
2000	2262.619
2000	2003.81
2000	1769.582
2000	1673.513
2000	1659.79
2000	1543.438
2000	1528.807
2000	1496.254
2000	1453.965
2000	1411.479
2000	1253.456
2000	1214.999
2000	1197.417
2000	1176.255
2000	1125.373
2000	1109.715
2000	1106.819
2000	1091.393
2000	1063.922
2000	1046.526
2000	1030.936
2000	942.473
2000	934.788
2000	932.923
2000	915.058
2000	878.669
2000	844.816
2000	819.963
2000	809.013
2000	800.576
2000	793.374
2000	778.505
2000	746.443
2000	743.078
2000	728.248
2000	662.312
2000	661.743
2000	655.409
2000	574.273
2000	555.403
2000	534.301
2000	528.183
2000	521.22
2000	492.353
2000	492.175
2000	483.742
2000	482.208
2000	479.462
2000	447.178
2000	422.024
2000	405.941
2000	401.052
2000	395.053
2000	387.99
2000	385.432
2000	385.064
2000	381.618
2000	364.329
2000	358.209
2000	352.358
2000	341.004
2000	336.644
2000	330.943
2000	326.214
2000	316.917
2000	312.115
2000	310.146
2000	304.952
2000	282.738
2000	281.713
2000	278.004
2000	275.729
2000	266.554
2000	255.506
2000	247.018
2000	228.363
2000	228.25
2000	223.053
2000	221.552
2000	218.82
2000	214.821
2000	207.203
2000	194.473
2000	182.455
2000	181.104
2000	167.021
2000	164.67
2000	164.635
2000	141.864
2000	140.14
2000	133.667
2000	131.79
2000	130.746
2000	127.653
2000	120.686
2000	112.999
2000	112.578
2000	110.487
2000	104.393
2000	102.961
2000	100.592
2000	100.06
2000	87.245
2000	84.562
2000	81.906
2000	81.796
2000	77.009
2000	76.212
2000	73.821
2000	73.289
2000	69.206
2000	64.079
2000	63.833
2000	59.564
2000	49.882
2000	42.922
2000	42.727
2000	42.305
2000	40.346
2000	36.483
2000	36.389
2000	35.888
2000	31.345
2000	23.857
2000	23.484
2000	22.637
2000	22.17
2000	22.028
2000	21.69
2000	20.534
2000	19.593
2000	19.452
2000	19.081
2000	17.867
2000	16.623
2000	14.068
2000	13.665
2000	11.894
2000	11.87
2000	11.319
2000	11.31
2000	10.588
2000	10.412
2000	9.87
2000	8.867
2000	8.591
2000	7.453
2000	5.686
2000	5.391
2000	5.197
2000	4.868
2000	3.886
2000	3.57
2000	3.162
2000	2.956
2000	2.343
2000	2.298
2000	2.204
2000	2.171
2000	2.028
2000	1.899
2000	1.809
2000	1.532
2000	1.19
2000	1.145
2000	0.986
2000	0.934
2000	0.734
2000	0.699
2000	0.647
2000	0.59
2000	0.493
2000	0.415
2000	0.128
2000	0.127
2001	33208.834
2001	14243.153
2001	13594.734
2001	13087.416
2001	12020.515
2001	9820.152
2001	8242.734
2001	7123.869
2001	6797.192
2001	6786.443
2001	6675.831
2001	6622.678
2001	6579.964
2001	4221.761
2001	4010.397
2001	3432.742
2001	3422.42
2001	2919.888
2001	2915.787
2001	2742.251
2001	2564.475
2001	2464.302
2001	2449.054
2001	2444.889
2001	2259.777
2001	2179.98
2001	2008.702
2001	1754.11
2001	1697.196
2001	1695.763
2001	1571.371
2001	1527.352
2001	1526.111
2001	1513.695
2001	1274.397
2001	1249.567
2001	1240.899
2001	1145.145
2001	1141.029
2001	1121.529
2001	1105.566
2001	1039.396
2001	1029.986
2001	1020.252
2001	1015.043
2001	1010.07
2001	974.059
2001	942.021
2001	925.158
2001	915.336
2001	908.492
2001	845.835
2001	831.565
2001	829.474
2001	790.23
2001	777.568
2001	767.446
2001	746.143
2001	715.277
2001	714.245
2001	689.564
2001	687.013
2001	654.902
2001	599.132
2001	576.231
2001	541.985
2001	533.382
2001	515.303
2001	512.66
2001	496.645
2001	494.738
2001	487.622
2001	485.658
2001	453.363
2001	426.9
2001	411.624
2001	406.741
2001	405.733
2001	390.859
2001	388.782
2001	383.324
2001	378.358
2001	369.804
2001	369.683
2001	352.123
2001	343.503
2001	340.955
2001	336.305
2001	305.937
2001	300.259
2001	299.337
2001	297.391
2001	296.845
2001	289.657
2001	285.589
2001	278.278
2001	269.647
2001	268.273
2001	249.027
2001	239.688
2001	238.503
2001	230.147
2001	223.579
2001	220.056
2001	219.496
2001	218.608
2001	214.01
2001	196.032
2001	190.057
2001	187.958
2001	170.35
2001	163.662
2001	161.377
2001	148.972
2001	146.116
2001	129.362
2001	128.257
2001	124.116
2001	122.591
2001	120.661
2001	120.081
2001	115.433
2001	112.585
2001	102.794
2001	101.446
2001	101.344
2001	97.716
2001	87.046
2001	86.377
2001	84.515
2001	84.049
2001	78.722
2001	78.624
2001	76.927
2001	74.166
2001	65.207
2001	62.715
2001	62.142
2001	55.38
2001	49.903
2001	47.24
2001	41.694
2001	41.475
2001	41.209
2001	37.454
2001	37.249
2001	36.192
2001	30.819
2001	26.142
2001	24.823
2001	24.68
2001	23.825
2001	23.573
2001	22.08
2001	21.09
2001	20.784
2001	19.507
2001	19.465
2001	17.845
2001	17.281
2001	15.676
2001	14.281
2001	13.382
2001	12.226
2001	11.953
2001	10.588
2001	9.87
2001	9.854
2001	9.541
2001	8.841
2001	8.564
2001	7.45
2001	5.869
2001	5.527
2001	5.12
2001	5.008
2001	3.89
2001	3.672
2001	3.162
2001	2.956
2001	2.298
2001	2.271
2001	2.192
2001	2.168
2001	2.014
2001	1.899
2001	1.809
2001	1.545
2001	1.226
2001	1.123
2001	0.986
2001	0.945
2001	0.734
2001	0.699
2001	0.655
2001	0.612
2001	0.492
2001	0.428
2001	0.134
2001	0.128
2002	32914.636
2002	14704.77
2002	13574.893
2002	13429.529
2002	12111.087
2002	9745.866
2002	8209.447
2002	7005.177
2002	6974.706
2002	6812.964
2002	6732.047
2002	6723.888
2002	6607.442
2002	4872.383
2002	4063.577
2002	3522.119
2002	3379.124
2002	3021.087
2002	2823.157
2002	2697.825
2002	2604.688
2002	2510.521
2002	2432.12
2002	2401.464
2002	2203.866
2002	2201.866
2002	1999.823
2002	1759.606
2002	1732.32
2002	1725.238
2002	1599.459
2002	1596.063
2002	1527.757
2002	1513.479
2002	1259.439
2002	1227.242
2002	1184.407
2002	1156.953
2002	1130.56
2002	1121.478
2002	1090.575
2002	1051.635
2002	1012.902
2002	1012.762
2002	988.882
2002	982.279
2002	969.947
2002	953.803
2002	951.463
2002	914.614
2002	887.193
2002	876.765
2002	868.608
2002	858.027
2002	814.688
2002	799.31
2002	788.87
2002	731.348
2002	708.26
2002	702.928
2002	689.527
2002	665.309
2002	664.613
2002	613.968
2002	594.001
2002	548.978
2002	532.525
2002	531.43
2002	525.911
2002	500.999
2002	499.697
2002	488.35
2002	487.536
2002	471.604
2002	450.967
2002	430.937
2002	430.715
2002	429.657
2002	382.907
2002	381.336
2002	379.239
2002	376.989
2002	373.141
2002	367.809
2002	351.8
2002	351.625
2002	334.501
2002	324.681
2002	318.223
2002	308.474
2002	304.162
2002	302.916
2002	301.947
2002	290.055
2002	281.091
2002	277.468
2002	268.604
2002	257.778
2002	244.224
2002	242.888
2002	242.534
2002	228.201
2002	226.067
2002	222.247
2002	221.074
2002	217.158
2002	202.293
2002	195.453
2002	195.41
2002	185.917
2002	173.63
2002	161.98
2002	155.24
2002	151.816
2002	151.031
2002	126.6
2002	125.052
2002	124.051
2002	123.97
2002	119.658
2002	118.797
2002	117.646
2002	117.226
2002	104.412
2002	102.679
2002	101.374
2002	95.791
2002	92.38
2002	88.105
2002	84.76
2002	83.195
2002	79.743
2002	77.703
2002	76.931
2002	71.72
2002	66.15
2002	62.871
2002	61.261
2002	57.331
2002	49.909
2002	48.668
2002	44.22
2002	43.81
2002	41.423
2002	39.951
2002	38.596
2002	34.945
2002	31.085
2002	28.474
2002	27.597
2002	26.35
2002	25.776
2002	22.19
2002	21.099
2002	20.695
2002	19.543
2002	19.377
2002	18.957
2002	17.691
2002	17.424
2002	15.686
2002	12.501
2002	11.818
2002	11.364
2002	10.638
2002	9.87
2002	9.845
2002	8.952
2002	8.778
2002	8.585
2002	8.57
2002	6.325
2002	5.678
2002	5.422
2002	5.012
2002	4.511
2002	3.901
2002	3.724
2002	3.162
2002	3.011
2002	2.956
2002	2.298
2002	2.192
2002	2.11
2002	2.014
2002	1.899
2002	1.809
2002	1.559
2002	1.218
2002	0.986
2002	0.974
2002	0.956
2002	0.734
2002	0.699
2002	0.682
2002	0.68
2002	0.458
2002	0.438
2002	0.134
2002	0.128
2003	32721.891
2003	15326.755
2003	14073.612
2003	13560.684
2003	12117.511
2003	9782.171
2003	7824.527
2003	7305.159
2003	7160.157
2003	6954.55
2003	6785.969
2003	6712.589
2003	6549.22
2003	4788.949
2003	4173.743
2003	3572.178
2003	3311.999
2003	3103.382
2003	2650.52
2003	2633.861
2003	2608.535
2003	2522.269
2003	2470.701
2003	2422.194
2003	2184.928
2003	2168.064
2003	1968.719
2003	1822.422
2003	1807.532
2003	1740.945
2003	1702.784
2003	1639.301
2003	1513.031
2003	1508.403
2003	1238.388
2003	1236.906
2003	1213.649
2003	1186.69
2003	1114.371
2003	1082.808
2003	1081.698
2003	1055.917
2003	1033.6
2003	1030.617
2003	1027.345
2003	1006.713
2003	994.175
2003	987.237
2003	968.976
2003	945.942
2003	938.035
2003	910.524
2003	896.015
2003	892.898
2003	836.582
2003	817.32
2003	811.155
2003	748.036
2003	713.965
2003	708.099
2003	706.89
2003	666.814
2003	658.575
2003	629.39
2003	614.288
2003	574.731
2003	558.256
2003	537.466
2003	537.3
2003	533.511
2003	491.377
2003	488.867
2003	488.381
2003	485.447
2003	454.63
2003	453.862
2003	445.712
2003	442.493
2003	416.109
2003	389.503
2003	381.933
2003	377.113
2003	376.724
2003	374.382
2003	354.636
2003	345.962
2003	341.101
2003	318.79
2003	315.779
2003	315.745
2003	311.179
2003	309.166
2003	303.419
2003	302.261
2003	289.808
2003	283.084
2003	274.97
2003	265.28
2003	252.528
2003	246.754
2003	242.749
2003	237.551
2003	237.017
2003	232.263
2003	228.404
2003	224.494
2003	217.769
2003	201.206
2003	198.137
2003	180.028
2003	178.717
2003	176.739
2003	166.076
2003	162.58
2003	158.496
2003	129.518
2003	127.225
2003	126.802
2003	125.305
2003	123.933
2003	121.675
2003	118.246
2003	115.896
2003	107.831
2003	106.845
2003	102.707
2003	100.38
2003	93.758
2003	91.648
2003	86.621
2003	81.353
2003	80.797
2003	77.914
2003	77.579
2003	70.156
2003	69.241
2003	65.789
2003	64.177
2003	58.703
2003	50.003
2003	49.612
2003	44.519
2003	44.03
2003	43.195
2003	40.573
2003	39.314
2003	34.775
2003	31.481
2003	31.33
2003	30.816
2003	29.139
2003	24.419
2003	23.988
2003	21.107
2003	20.97
2003	19.598
2003	18.84
2003	17.663
2003	17.419
2003	16.745
2003	15.752
2003	13.028
2003	11.874
2003	11.471
2003	11.01
2003	9.87
2003	9.833
2003	9.048
2003	8.652
2003	8.421
2003	6.328
2003	6.128
2003	5.15
2003	5.082
2003	5.047
2003	4.55
2003	3.917
2003	3.785
2003	3.162
2003	2.956
2003	2.627
2003	2.298
2003	2.199
2003	2.014
2003	2.012
2003	1.899
2003	1.809
2003	1.577
2003	1.359
2003	1.002
2003	0.986
2003	0.915
2003	0.734
2003	0.701
2003	0.699
2003	0.682
2003	0.466
2003	0.438
2003	0.134
2003	0.128
2004	32808.468
2004	15903.632
2004	14734.638
2004	13522.976
2004	12157.576
2004	9742.793
2004	8022.827
2004	7340.433
2004	7295.863
2004	7104.524
2004	6746.049
2004	6704.644
2004	6220.342
2004	4911.51
2004	4188.997
2004	3669.124
2004	3266.803
2004	3155.1
2004	2653.617
2004	2648.264
2004	2612.549
2004	2558.799
2004	2455.742
2004	2426.555
2004	2171.384
2004	1960.553
2004	1920.607
2004	1854.903
2004	1835.331
2004	1788.943
2004	1742.77
2004	1624.961
2004	1601.578
2004	1550.167
2004	1257.459
2004	1250.569
2004	1249.059
2004	1202.65
2004	1111.763
2004	1101.726
2004	1096.991
2004	1093.946
2004	1069.67
2004	1051.051
2004	1045.439
2004	1036.567
2004	1019.057
2004	1018.866
2004	991.984
2004	959.239
2004	951.438
2004	947.974
2004	910.777
2004	847.714
2004	846.325
2004	835.219
2004	833.963
2004	801.025
2004	723.311
2004	715.342
2004	712.915
2004	689.934
2004	647.848
2004	646.991
2004	644.488
2004	601.789
2004	568.147
2004	543.547
2004	537.34
2004	524.389
2004	491.611
2004	486.426
2004	479.471
2004	478.293
2004	472.028
2004	447.889
2004	443.526
2004	443.009
2004	420.411
2004	400.951
2004	396.602
2004	379.116
2004	374.387
2004	370.762
2004	368.761
2004	342.302
2004	328.772
2004	324.367
2004	322.702
2004	321.769
2004	317.941
2004	313.703
2004	304.858
2004	297.658
2004	296.048
2004	274.84
2004	273.414
2004	269.225
2004	259.159
2004	252.809
2004	247.661
2004	242.965
2004	234.754
2004	229.119
2004	228.412
2004	219.4
2004	216.93
2004	209.032
2004	194.833
2004	192.475
2004	190.038
2004	180.705
2004	175.015
2004	174.504
2004	163.306
2004	142.572
2004	131.841
2004	127.07
2004	126.908
2004	120.62
2004	120.504
2004	115.685
2004	114.98
2004	114.503
2004	106.71
2004	102.722
2004	101.273
2004	96.069
2004	91.296
2004	90.9
2004	82.436
2004	77.949
2004	74.873
2004	74.509
2004	72.314
2004	70.151
2004	66.454
2004	64.117
2004	61.291
2004	50.358
2004	50.109
2004	44.004
2004	43.364
2004	43.276
2004	41.193
2004	41.129
2004	34.333
2004	32.56
2004	31.67
2004	31.227
2004	28.568
2004	24.628
2004	24.254
2004	21.107
2004	20.783
2004	19.635
2004	19.195
2004	18.52
2004	17.663
2004	15.819
2004	15.774
2004	13.449
2004	11.475
2004	11.471
2004	11.252
2004	9.891
2004	9.87
2004	9.256
2004	8.191
2004	8.187
2004	6.628
2004	6.45
2004	5.18
2004	5.144
2004	5.14
2004	4.954
2004	3.946
2004	3.86
2004	3.162
2004	2.956
2004	2.47
2004	2.298
2004	2.208
2004	2.014
2004	2.012
2004	1.899
2004	1.809
2004	1.573
2004	1.384
2004	1.004
2004	0.986
2004	0.75
2004	0.734
2004	0.715
2004	0.699
2004	0.694
2004	0.46
2004	0.438
2004	0.134
2004	0.128
2005	33217.993
2005	16151.856
2005	15650.661
2005	13501.305
2005	12451.175
2005	9596.842
2005	8104.267
2005	7533.263
2005	7260.786
2005	7250.51
2005	6688.352
2005	6547.768
2005	5750.883
2005	5190.412
2005	4254.435
2005	3756.784
2005	3314.645
2005	3187.659
2005	2682.897
2005	2673.638
2005	2669.187
2005	2616.013
2005	2485.631
2005	2305.988
2005	2187.759
2005	1951.03
2005	1913.376
2005	1908.896
2005	1850.845
2005	1729.326
2005	1676.905
2005	1641.488
2005	1634.212
2005	1540.832
2005	1287.969
2005	1274.574
2005	1264.352
2005	1203.334
2005	1175.601
2005	1157.434
2005	1148.623
2005	1117.786
2005	1094.872
2005	1082.713
2005	1081.101
2005	1077.968
2005	1072.912
2005	1062.842
2005	1045.25
2005	1041.173
2005	1014.487
2005	956.828
2005	922.955
2005	879.786
2005	872.77
2005	856.816
2005	848.285
2005	745.675
2005	735.177
2005	731.785
2005	704.844
2005	701.882
2005	667.865
2005	658.955
2005	651.665
2005	634.792
2005	578.198
2005	548.139
2005	543.398
2005	541.14
2005	506.51
2005	488.442
2005	488.282
2005	484.921
2005	484.671
2005	473.591
2005	445.473
2005	442.972
2005	441.4
2005	424.711
2005	403.357
2005	383.87
2005	381.906
2005	367.046
2005	359.293
2005	352.606
2005	350.431
2005	341.95
2005	337.393
2005	333.582
2005	330.037
2005	319.903
2005	318.342
2005	304.678
2005	301.68
2005	295.045
2005	271.606
2005	271.455
2005	262.357
2005	258.701
2005	254.601
2005	243.182
2005	237.957
2005	232.349
2005	215.354
2005	211.704
2005	209.741
2005	208.287
2005	205.294
2005	197.5
2005	197.414
2005	183.904
2005	183.09
2005	182.841
2005	166.337
2005	130.734
2005	130.293
2005	128.746
2005	127.09
2005	125.303
2005	123.031
2005	120.461
2005	113.384
2005	112.678
2005	106.113
2005	104.895
2005	96.416
2005	94.627
2005	93.239
2005	93.053
2005	88.308
2005	73.847
2005	73.773
2005	71.121
2005	70.415
2005	70.242
2005	68.557
2005	67.018
2005	66.138
2005	50.857
2005	50.386
2005	44.839
2005	42.79
2005	42.549
2005	40.068
2005	37.745
2005	35.192
2005	33.365
2005	32.146
2005	29.104
2005	28.64
2005	24.317
2005	24.288
2005	21.107
2005	20.504
2005	20.189
2005	19.69
2005	17.663
2005	16.836
2005	16.104
2005	15.824
2005	13.468
2005	11.471
2005	11.416
2005	11.173
2005	9.87
2005	9.789
2005	8.73
2005	7.601
2005	7.199
2005	6.45
2005	6.032
2005	5.206
2005	5.172
2005	4.618
2005	3.961
2005	3.862
2005	3.608
2005	3.162
2005	2.956
2005	2.484
2005	2.298
2005	2.211
2005	2.09
2005	2.036
2005	1.899
2005	1.809
2005	1.568
2005	1.384
2005	1.004
2005	0.986
2005	0.735
2005	0.734
2005	0.703
2005	0.699
2005	0.643
2005	0.46
2005	0.438
2005	0.14
2005	0.128
2006	33233.501
2006	16150.309
2006	15972.372
2006	13455.101
2006	12504.719
2006	9596.05
2006	8137.349
2006	8130.098
2006	7423.666
2006	7324.162
2006	6789.789
2006	6747.749
2006	5598.666
2006	5461.186
2006	4302.022
2006	3846.679
2006	3315.809
2006	3310.409
2006	2756.633
2006	2699.959
2006	2691.353
2006	2635.843
2006	2480.49
2006	2354.429
2006	2162.458
2006	1986.077
2006	1889.251
2006	1869.862
2006	1862.372
2006	1735.849
2006	1640.471
2006	1614.012
2006	1610.439
2006	1522.77
2006	1339.471
2006	1318.168
2006	1296.45
2006	1266.863
2006	1237.847
2006	1198.008
2006	1161.17
2006	1145.418
2006	1128.803
2006	1127.44
2006	1114.27
2006	1088.817
2006	1087.875
2006	1087.72
2006	1078.729
2006	1078.684
2006	1063.136
2006	962.688
2006	939.085
2006	938.87
2006	893.346
2006	879.212
2006	847.256
2006	757.112
2006	738.389
2006	724.84
2006	722.772
2006	696.987
2006	685.579
2006	677.884
2006	673.63
2006	640.476
2006	590.974
2006	542.156
2006	541.14
2006	535.074
2006	526.107
2006	497.985
2006	493.799
2006	485.755
2006	480.168
2006	477.665
2006	477.332
2006	469.171
2006	457.751
2006	448.923
2006	433.819
2006	412.831
2006	385.058
2006	377.143
2006	366.149
2006	359.084
2006	356.603
2006	341.203
2006	333.734
2006	332.894
2006	332.569
2006	311.145
2006	300.073
2006	299.521
2006	288.057
2006	280.85
2006	277.601
2006	272.67
2006	261.773
2006	258.937
2006	247.66
2006	243.398
2006	242.096
2006	240.319
2006	236.292
2006	217.461
2006	213.836
2006	213.429
2006	201.12
2006	200.995
2006	199.797
2006	199.485
2006	195.112
2006	187.541
2006	167.408
2006	142.258
2006	135.458
2006	132.204
2006	132.028
2006	128.856
2006	127.195
2006	125.689
2006	123.255
2006	111.725
2006	109.219
2006	103.521
2006	102.464
2006	99.56
2006	95.218
2006	95.089
2006	94.909
2006	78.575
2006	77.415
2006	74.677
2006	74.002
2006	72.671
2006	70.641
2006	65.758
2006	63.547
2006	51.358
2006	49.891
2006	44.916
2006	43.122
2006	42.987
2006	38.096
2006	36.578
2006	35.9
2006	33.931
2006	32.67
2006	31.771
2006	28.302
2006	24.317
2006	23.629
2006	22.008
2006	21.384
2006	21.108
2006	20.761
2006	17.663
2006	17.52
2006	16.015
2006	15.78
2006	13.497
2006	11.65
2006	11.471
2006	11.126
2006	11.03
2006	10.632
2006	9.87
2006	8.77
2006	8.635
2006	7.067
2006	6.884
2006	6.45
2006	5.275
2006	5.172
2006	4.774
2006	4.449
2006	3.862
2006	3.838
2006	3.162
2006	2.973
2006	2.507
2006	2.298
2006	2.22
2006	2.04
2006	1.901
2006	1.837
2006	1.809
2006	1.586
2006	1.384
2006	1.004
2006	0.986
2006	0.736
2006	0.735
2006	0.71
2006	0.699
2006	0.638
2006	0.46
2006	0.438
2006	0.14
2006	0.128
2007	31997.165
2007	16028.077
2007	15823.859
2007	13411.273
2007	12806.776
2007	9686.824
2007	8382.516
2007	7971.673
2007	7596.007
2007	7343.947
2007	6906.213
2007	6695.446
2007	5965.934
2007	5602.715
2007	4320.62
2007	3932.81
2007	3293.202
2007	3268.257
2007	2847.944
2007	2829.113
2007	2694.163
2007	2639.336
2007	2426.977
2007	2388.125
2007	2195.389
2007	2021.419
2007	1929.948
2007	1917.865
2007	1891.359
2007	1761.14
2007	1647.307
2007	1570.043
2007	1569.854
2007	1501.38
2007	1473.94
2007	1400.072
2007	1311.026
2007	1250.199
2007	1248.818
2007	1230.72
2007	1200.211
2007	1176.155
2007	1176.105
2007	1157.163
2007	1148.106
2007	1133.753
2007	1102.832
2007	1085.987
2007	1082.422
2007	1052.274
2007	1028.054
2007	979.626
2007	979.399
2007	964.662
2007	896.886
2007	891.063
2007	869.581
2007	810.862
2007	764.328
2007	739.222
2007	738.612
2007	721.547
2007	706.875
2007	686.032
2007	658.627
2007	653.816
2007	611.57
2007	565.278
2007	542.743
2007	542.156
2007	536.088
2007	535.501
2007	508.924
2007	506.831
2007	499.853
2007	493.463
2007	485.755
2007	480.966
2007	466.919
2007	452.017
2007	451.691
2007	437.1
2007	379.684
2007	377.329
2007	365.059
2007	355.081
2007	349.51
2007	348.785
2007	347.92
2007	344.201
2007	339.608
2007	332.31
2007	311.227
2007	298.244
2007	293.959
2007	288.18
2007	287.373
2007	269.823
2007	255.334
2007	254.769
2007	248.243
2007	246.276
2007	243.65
2007	239.197
2007	238.918
2007	236.302
2007	223.097
2007	216.97
2007	211.027
2007	205.12
2007	205.08
2007	203.55
2007	199.001
2007	170.472
2007	157.626
2007	139.004
2007	136.257
2007	135.518
2007	135.445
2007	134.352
2007	132.297
2007	127.299
2007	123.553
2007	114.226
2007	105.716
2007	104.485
2007	103.878
2007	97.056
2007	96.665
2007	95.452
2007	94.435
2007	80.908
2007	75.389
2007	74.544
2007	73.08
2007	72.97
2007	71.98
2007	71.899
2007	64.059
2007	51.918
2007	49.891
2007	44.977
2007	42.828
2007	42.303
2007	37.619
2007	36.5
2007	36.08
2007	33.987
2007	32.403
2007	31.771
2007	25.984
2007	25.221
2007	24.884
2007	23.601
2007	23.241
2007	21.419
2007	20.761
2007	18.311
2007	17.781
2007	16.374
2007	15.867
2007	13.785
2007	12.535
2007	11.962
2007	11.711
2007	11.471
2007	11.382
2007	9.927
2007	9.04
2007	8.454
2007	7.89
2007	7.103
2007	6.45
2007	5.275
2007	5.185
2007	4.967
2007	4.748
2007	4.063
2007	3.885
2007	3.238
2007	2.973
2007	2.469
2007	2.298
2007	2.229
2007	2.086
2007	1.981
2007	1.904
2007	1.838
2007	1.586
2007	1.384
2007	1.019
2007	0.986
2007	0.743
2007	0.736
2007	0.718
2007	0.7
2007	0.662
2007	0.472
2007	0.453
2007	0.147
2007	0.128
