1980	829700
1980	789714.5973
1980	683587.3665
1980	284503.255
1980	253517.2826
1980	247743.7064
1980	143757.936
1980	137244.3781
1980	131948.8744
1980	125845.3764
1980	115195.9463
1980	48618.54482
1980	45526.46225
1980	40441.59916
1980	38760.57434
1980	33304.13311
1980	30877.9458
1980	28687.65313
1980	25571.41892
1980	22822.25439
1980	22482.74249
1980	20776.3645
1980	20529.44676
1980	8838.33248
1980	5778.31615
1980	5732.01907
1980	5274.24103
1980	4532.70431
1980	4003.59486
1980	3454.6438
1980	3158.12205
1980	2836.79828
1980	2708.88938
1980	1905.27151
1980	1620.29002
1980	1563.07751
1980	1499.14345
1980	1421.98165
1980	1231.28179
1980	992.08022
1980	628.55116
1980	627.10493
1980	429.90143
1980	408.95751
1980	367.06968
1980	317.46567
1980	228.17845
1980	195.55004
1980	194.0068
1980	194.0068
1980	152.11897
1980	131.17505
1980	66.13868
1980	53.51722
1980	46.29708
1980	41.88783
1980	22.04623
1980	19.8416
1980	8.98384
1980	7.71618
1980	1.10231
1980	0.09921
1980	0.05512
1981	823775
1981	772800.7318
1981	685240.8335
1981	294023.9182
1981	249688.9222
1981	218874.9436
1981	149326.8129
1981	142947.7371
1981	140883.1079
1981	134745.4383
1981	133349.9121
1981	57235.29067
1981	50212.48705
1981	44189.45778
1981	40704.98543
1981	38308.62668
1981	32233.09432
1981	30109.63479
1981	28941.18474
1981	23540.96139
1981	22960.04331
1981	21897.41516
1981	21197.18554
1981	13971.79648
1981	6613.86816
1981	6271.04932
1981	4767.49663
1981	4743.24578
1981	3942.96773
1981	3374.17507
1981	3160.32667
1981	2786.52627
1981	2696.03312
1981	1883.39977
1981	1840.80996
1981	1697.55949
1981	1550.95208
1981	1342.61524
1981	1144.19919
1981	771.61795
1981	763.57108
1981	560.31478
1981	548.95106
1981	451.94766
1981	418.87832
1981	371.47893
1981	363.76275
1981	202.60483
1981	180.77906
1981	154.32359
1981	137.78892
1981	127.86812
1981	115.9356
1981	76.05948
1981	61.72944
1981	54.01326
1981	33.06934
1981	30.86472
1981	9.93183
1981	7.71618
1981	2.20462
1981	0.11023
1981	0.09921
1982	838112
1982	785677.9331
1982	734503.1282
1982	304279.8231
1982	250183.8931
1982	247738.8893
1982	154602.4751
1982	149364.2915
1982	139098.4658
1982	137695.2235
1982	137146.2724
1982	60256.63793
1982	52829.37422
1982	47296.8735
1982	43326.34799
1982	41730.75229
1982	35510.46441
1982	30202.22894
1982	29144.01003
1982	25433.63
1982	22174.09531
1982	21997.72549
1982	20147.55957
1982	14099.6646
1982	6995.26789
1982	6922.51534
1982	5934.23516
1982	4874.42083
1982	4742.14347
1982	3634.32055
1982	3052.30015
1982	2770.53173
1982	2627.44621
1982	2333.81872
1982	2144.64555
1982	2104.31239
1982	1873.92931
1982	1620.3977
1982	1237.89566
1982	1036.17268
1982	667.55755
1982	659.04992
1982	622.80592
1982	567.69035
1982	485.017
1982	456.3569
1982	221.56458
1982	196.76258
1982	180.77906
1982	159.83515
1982	135.5843
1982	90.74778
1982	73.85486
1982	68.3433
1982	62.83175
1982	56.21788
1982	49.60401
1982	14.33005
1982	9.72018
1982	7.71618
1982	2.20462
1982	0.22046
1982	0.11023
1983	787634.5357
1983	782091
1983	778853.5234
1983	306407.284
1983	257526.3891
1983	238238.1118
1983	160526.2964
1983	155891.0771
1983	152683.351
1983	141555.5179
1983	131809.9831
1983	65468.36603
1983	53423.52004
1983	49391.26509
1983	49078.09843
1983	44040.64575
1983	35704.17358
1983	33724.11373
1983	28280.90024
1983	28124.37203
1983	21893.00591
1983	21617.42807
1983	19622.15721
1983	12462.73223
1983	7426.27163
1983	6944.56157
1983	6021.92696
1983	5997.8455
1983	5723.20058
1983	3666.28758
1983	3352.12884
1983	3050.68086
1983	2464.83985
1983	2203.52041
1983	2039.27602
1983	1955.09048
1983	1933.45412
1983	1655.67166
1983	1130.97145
1983	1128.76683
1983	1092.39056
1983	737.00537
1983	555.56493
1983	535.72332
1983	500.01064
1983	435.41299
1983	204.14806
1983	159.83515
1983	143.30048
1983	124.56118
1983	115.85292
1983	112.43576
1983	82.67335
1983	78.26411
1983	63.93406
1983	59.52481
1983	40.78552
1983	14.33005
1983	10.0167
1983	7.71618
1983	4.40925
1983	0.33069
1983	0.22046
1984	895920.767
1984	869977.1943
1984	785338.4212
1984	326660.0506
1984	266726.2797
1984	236016.4584
1984	183867.7394
1984	179597.3852
1984	162789.3416
1984	144635.927
1984	71729.60479
1984	63274.87666
1984	56438.34161
1984	54796.99999
1984	48797.00903
1984	43642.71135
1984	37099.40214
1984	35827.32381
1984	33515.77689
1984	27927.05829
1984	23556.39375
1984	20965.96206
1984	19410.60073
1984	13134.03985
1984	8288.27911
1984	7310.52894
1984	6560.95721
1984	5986.65299
1984	5511.5568
1984	3427.08602
1984	3227.56766
1984	3101.51505
1984	2750.26684
1984	2216.50012
1984	2215.64583
1984	2123.43749
1984	1968.72809
1984	1847.47384
1984	1686.5915
1984	1367.9684
1984	1344.14745
1984	1320.56901
1984	566.87244
1984	559.97417
1984	497.14242
1984	433.20836
1984	213.8484
1984	165.3467
1984	163.14208
1984	137.78892
1984	133.37967
1984	132.30492
1984	95.90109
1984	91.49184
1984	77.1618
1984	56.21788
1984	44.09245
1984	14.33005
1984	9.22855
1984	7.71618
1984	3.30693
1984	0.44092
1984	0.44092
1985	961524.1527
1985	883638.117
1985	800718.9716
1985	344093.1047
1985	274903.2253
1985	233636.3698
1985	191262.044
1985	189934.8611
1985	177170.0956
1985	141544.4947
1985	103617.2678
1985	77011.88082
1985	67078.95316
1985	57320.1907
1985	51346.76544
1985	44544.40204
1985	43720.97545
1985	39559.75007
1985	34039.37478
1985	26556.88527
1985	24849.40498
1985	19032.50793
1985	18698.50759
1985	13005.06942
1985	9766.47865
1985	8501.0252
1985	7190.377
1985	6730.71316
1985	6166.32975
1985	5720.99596
1985	3432.59757
1985	3396.2213
1985	3002.70717
1985	2389.70521
1985	2369.96942
1985	2324.38885
1985	2104.31239
1985	2047.93798
1985	1708.58261
1985	1556.46364
1985	1395.04116
1985	1380.09382
1985	562.79609
1985	558.87186
1985	481.76849
1985	440.92454
1985	262.3501
1985	182.98369
1985	166.44902
1985	166.44902
1985	163.94126
1985	153.22128
1985	133.37967
1985	94.79878
1985	62.83175
1985	46.29708
1985	38.5809
1985	13.22774
1985	8.81849
1985	8.27285
1985	4.40925
1985	1.10231
1985	1.10231
1985	0.55116
1986	985510.4479
1986	890314.708
1986	828062.9072
1986	343105.4338
1986	285871.2234
1986	224870.7678
1986	208396.3718
1986	194766.2918
1986	189058.5236
1986	141079.3194
1986	119159.858
1986	77001.96002
1986	62884.65844
1986	56912.33549
1986	52379.63118
1986	51665.33342
1986	42240.5713
1986	41993.65355
1986	38826.71302
1986	26734.3574
1986	25751.09567
1986	18227.87576
1986	15274.72851
1986	11731.8998
1986	11294.28219
1986	8147.18326
1986	7786.72744
1986	7290.68733
1986	6748.35014
1986	6107.44868
1986	4461.05407
1986	3272.76243
1986	3070.24578
1986	3044.52555
1986	2388.70872
1986	2330.87264
1986	1901.51355
1986	1708.58261
1986	1649.05779
1986	1391.11694
1986	1366.31493
1986	1124.35759
1986	608.69633
1986	550.46453
1986	481.71006
1986	401.24133
1986	260.03525
1986	191.25102
1986	189.59755
1986	176.36982
1986	158.73284
1986	136.68661
1986	131.17505
1986	108.02651
1986	62.83175
1986	59.52481
1986	44.09245
1986	23.60379
1986	13.22774
1986	9.9208
1986	5.51156
1986	4.40925
1986	2.20462
1986	1.10231
1986	0.88185
1987	1022900.849
1987	918762.162
1987	837580.2634
1987	340587.7546
1987	293440.7955
1987	214906.6227
1987	213556.0928
1987	210728.8626
1987	194615.2752
1987	140836.8109
1987	115081.3059
1987	78771.16975
1987	67469.17138
1987	56814.22978
1987	55843.09347
1987	52307.31956
1987	49176.31437
1987	40586.00195
1987	38130.05224
1987	26757.50594
1987	25501.9733
1987	17419.82641
1987	14836.00859
1987	14530.66834
1987	8852.66253
1987	8559.44771
1987	8501.0252
1987	7648.33997
1987	7588.3114
1987	6979.83553
1987	5338.49391
1987	3550.3575
1987	3071.03945
1987	2645.54285
1987	2377.35932
1987	2352.33244
1987	1727.3219
1987	1652.62928
1987	1397.7308
1987	1366.86609
1987	1319.02577
1987	1072.54895
1987	638.68912
1987	510.40543
1987	439.82223
1987	411.16214
1987	287.26234
1987	184.086
1987	181.88137
1987	180.77906
1987	159.83515
1987	139.93843
1987	134.48199
1987	95.90109
1987	81.57104
1987	68.3433
1987	49.60401
1987	47.39939
1987	27.55778
1987	8.81849
1987	3.30693
1987	2.01723
1987	1.10231
1987	1.10231
1988	1080121.832
1988	950265.278
1988	851309.5514
1988	342062.6472
1988	293439.6932
1988	226404.8324
1988	209852.2164
1988	199915.1882
1988	193591.2279
1988	138308.1086
1988	114750.6125
1988	79999.14461
1988	77870.58137
1988	68662.97458
1988	64805.98714
1988	53266.99183
1988	43887.42447
1988	37640.62599
1988	35097.59369
1988	26780.65448
1988	23306.16907
1988	16607.42294
1988	15206.3852
1988	13783.30124
1988	9486.49156
1988	8081.04458
1988	8056.41784
1988	7903.57245
1988	6678.90453
1988	5583.20704
1988	4643.45353
1988	4590.0245
1988	3006.45172
1988	2826.40459
1988	2407.44801
1988	2346.82088
1988	2123.05168
1988	1475.65319
1988	1403.24236
1988	1388.91231
1988	1350.86824
1988	1201.51938
1988	1146.40381
1988	675.57687
1988	577.22645
1988	564.38342
1988	291.0102
1988	253.31115
1988	181.88137
1988	170.85826
1988	165.3467
1988	155.20544
1988	152.11897
1988	98.10571
1988	90.38953
1988	71.65024
1988	49.60401
1988	46.29708
1988	33.06934
1988	11.02311
1988	3.30693
1988	2.20462
1988	1.10231
1988	1.10231
1989	1162001.52
1989	980728.79
1989	816066.4526
1989	331859.6533
1989	274675.0469
1989	233784.807
1989	215457.7783
1989	208861.3818
1989	194471.9747
1989	131862.8941
1989	111443.6785
1989	82225.81355
1989	77742.71325
1989	66395.52012
1989	58023.46534
1989	57172.48097
1989	54633.85791
1989	40180.35137
1989	37807.07501
1989	22911.54161
1989	22401.17145
1989	20207.57184
1989	15034.42463
1989	12533.28016
1989	9940.66809
1989	9713.5677
1989	8868.09489
1989	8491.1044
1989	7353.51908
1989	5661.47114
1989	5060.71145
1989	4716.79031
1989	3090.89869
1989	2887.17391
1989	2417.36881
1989	2342.41164
1989	2277.37527
1989	2148.40484
1989	1363.57017
1989	1322.77363
1989	1183.8824
1989	1111.12985
1989	864.66295
1989	730.88204
1989	567.69035
1989	452.52417
1989	396.83209
1989	284.39633
1989	188.49524
1989	181.88137
1989	139.99354
1989	132.5805
1989	121.25425
1989	119.59417
1989	89.28722
1989	71.65024
1989	47.39939
1989	46.29708
1989	22.04623
1989	16.53467
1989	3.30693
1989	2.20462
1989	1.10231
1989	1.10231
1990	1190375.014
1990	1029075.527
1990	881835.8599
1990	308647.1807
1990	247569.2106
1990	237081.8203
1990	225491.0163
1990	205063.2909
1990	193181.1681
1990	117490.5287
1990	104054.8854
1990	83608.112
1990	75323.13982
1990	57205.55031
1990	52280.42316
1990	51029.29977
1990	42089.55464
1990	39179.45265
1990	34915.71231
1990	22562.10891
1990	19654.21154
1990	18978.49468
1990	14131.63163
1990	13732.014
1990	11628.28253
1990	11306.40761
1990	8587.00549
1990	7889.2424
1990	5464.15741
1990	5112.52009
1990	5065.1207
1990	3032.85648
1990	2848.65034
1990	2698.45821
1990	2692.94665
1990	2413.46663
1990	2406.3457
1990	2281.78451
1990	1370.17302
1990	1212.5425
1990	1159.63155
1990	1117.74372
1990	875.28041
1990	520.34608
1990	415.81169
1990	334.00034
1990	309.74949
1990	305.34025
1990	189.59755
1990	176.36982
1990	122.35656
1990	115.74269
1990	107.14577
1990	99.20802
1990	85.98029
1990	76.05948
1990	44.09245
1990	27.55778
1990	12.12542
1990	11.02311
1990	4.40925
1990	2.20462
1990	1.10231
1990	1.10231
1991	1195214.161
1991	995983.881
1991	701655.352
1991	388368.5428
1991	269934.0057
1991	242075.2907
1991	230860.375
1991	196427.475
1991	109269.7882
1991	104632.4944
1991	78411.81625
1991	78035.92808
1991	58086.29709
1991	50825.37217
1991	49338.35414
1991	36866.80342
1991	35721.50192
1991	27906.44507
1991	22037.4087
1991	18888.10515
1991	16598.60445
1991	16168.77051
1991	15204.18058
1991	13330.25127
1991	9582.39265
1991	7797.75056
1991	7756.96504
1991	6190.5806
1991	5718.79133
1991	5612.96944
1991	3183.24813
1991	2958.76573
1991	2433.90348
1991	2397.83585
1991	2322.57003
1991	2293.90994
1991	1394.42387
1991	1214.74712
1991	1198.21245
1991	1059.32122
1991	987.67098
1991	864.07211
1991	443.763
1991	380.66118
1991	363.76275
1991	321.87492
1991	297.95476
1991	198.27495
1991	189.59755
1991	135.72209
1991	110.23114
1991	103.61727
1991	88.18491
1991	82.67335
1991	62.60026
1991	46.29708
1991	30.86472
1991	16.53467
1991	4.40925
1991	2.20462
1991	2.20462
1991	1.10231
1991	1.10231
1991	1.10231
1992	1228581.126
1992	997544.933
1992	348764.7003
1992	346087.186
1992	279483.329
1992	251700.6735
1992	218439.5306
1992	201199.3291
1992	139489.7864
1992	128401.6364
1992	101899.8667
1992	93584.0298
1992	72327.05754
1992	60683.34265
1992	56691.87322
1992	43066.20251
1992	42345.29088
1992	42295.68687
1992	36816.0971
1992	29737.16378
1992	24762.32238
1992	24146.13033
1992	20800.61535
1992	17450.69113
1992	16987.23645
1992	16534.67039
1992	13194.66697
1992	12187.15439
1992	8617.87021
1992	7691.92867
1992	7242.18563
1992	6886.13906
1992	6124.44191
1992	6115.62342
1992	5511.5568
1992	5215.03504
1992	5137.87325
1992	3387.61555
1992	3289.30922
1992	2700.35418
1992	2371.07173
1992	1952.19342
1992	1834.2461
1992	1792.35827
1992	1319.4667
1992	1269.86269
1992	1070.34433
1992	993.68078
1992	909.40687
1992	465.16327
1992	403.44596
1992	395.72978
1992	369.07699
1992	286.60095
1992	243.50058
1992	235.89463
1992	222.66689
1992	193.63201
1992	187.39293
1992	155.4259
1992	132.27736
1992	110.78229
1992	95.90109
1992	94.77673
1992	93.69647
1992	80.46873
1992	61.72944
1992	48.0718
1992	44.09245
1992	40.78552
1992	16.53467
1992	4.40925
1992	1.10231
1992	1.10231
1992	1.10231
1992	1.10231
1993	1310566.245
1993	945424.286
1993	315631.4254
1993	315234.5934
1993	288092.3808
1993	249194.0175
1993	218251.0353
1993	203044.6501
1993	123318.8787
1993	109731.7889
1993	93895.98392
1993	76093.65546
1993	75176.53461
1993	60425.4018
1993	53528.23962
1993	43817.97885
1993	40632.29902
1993	39506.83913
1993	34727.21707
1993	32401.3401
1993	28225.8949
1993	23394.35398
1993	17145.27042
1993	16111.38283
1993	15002.4576
1993	14330.04767
1993	11296.48681
1993	10409.12617
1993	7936.64179
1993	7839.63839
1993	7624.68767
1993	6503.63702
1993	6191.68291
1993	5825.71554
1993	5644.93647
1993	5065.1207
1993	4206.42015
1993	4205.2517
1993	3909.89839
1993	3407.0008
1993	3388.91628
1993	1897.07785
1993	1864.00851
1993	1849.67846
1993	1493.63189
1993	1331.59212
1993	1070.34433
1993	1068.13971
1993	981.05711
1993	694.45616
1993	366.88119
1993	361.53388
1993	295.41944
1993	235.89463
1993	217.15534
1993	197.31373
1993	191.80218
1993	189.59755
1993	184.086
1993	165.3467
1993	133.37967
1993	126.87604
1993	101.41265
1993	91.59656
1993	63.93406
1993	54.83999
1993	52.459
1993	50.70632
1993	48.5017
1993	44.09245
1993	30.86472
1993	22.04623
1993	4.40925
1993	2.20462
1993	1.10231
1993	1.10231
1993	1.10231
1994	1407089.45
1994	1033504.293
1994	300807.5423
1994	291781.8202
1994	280687.053
1994	248463.1851
1994	220106.2253
1994	215838.5608
1994	115329.326
1994	88349.15315
1994	84816.24525
1994	80274.72245
1994	62470.18937
1994	59933.77093
1994	53921.76036
1994	44695.41869
1994	37203.00838
1994	37037.66168
1994	35647.20613
1994	32577.70992
1994	28254.44477
1994	24983.88696
1994	18857.09823
1994	15554.71559
1994	15119.30261
1994	10070.71658
1994	9963.79238
1994	8198.99189
1994	7561.85593
1994	7431.78319
1994	6283.17475
1994	5685.72199
1994	5659.26652
1994	5406.83722
1994	5350.61934
1994	4715.36833
1994	4238.38718
1994	4005.79948
1994	3543.34128
1994	3343.52641
1994	1597.24916
1994	1543.2359
1994	1509.06425
1994	1433.00477
1994	1425.28859
1994	1302.93203
1994	992.40871
1994	931.4531
1994	830.04045
1994	383.60435
1994	331.79572
1994	314.26787
1994	299.82869
1994	202.82529
1994	189.59755
1994	186.45597
1994	179.56542
1994	162.03977
1994	150.18992
1994	147.70972
1994	122.35656
1994	116.845
1994	113.75853
1994	103.61727
1994	70.54793
1994	69.47207
1994	58.4225
1994	57.39735
1994	50.70632
1994	44.09245
1994	27.55778
1994	22.04623
1994	6.61387
1994	1.10231
1994	1.10231
1994	0.53297
1994	0.0496
1995	1531464.12
1995	1032973.772
1995	320556.5526
1995	277356.8977
1995	270868.7658
1995	266546.6029
1995	227302.1139
1995	220943.982
1995	93138.69601
1995	82652.40805
1995	81937.00798
1995	79677.26969
1995	63561.47761
1995	60707.5935
1995	52481.85954
1995	45448.68316
1995	45328.14542
1995	44748.32964
1995	34502.34555
1995	31132.57973
1995	30559.16507
1995	28373.49439
1995	20310.96644
1995	16080.51811
1995	13705.03713
1995	10257.0072
1995	9275.95009
1995	9204.29985
1995	7990.65505
1995	6963.30086
1995	6305.22098
1995	5730.91676
1995	5532.50071
1995	5383.68868
1995	5118.03164
1995	4480.0469
1995	4143.5884
1995	3797.50452
1995	3414.96059
1995	3354.15599
1995	1807.79063
1995	1433.00477
1995	1430.80014
1995	1421.98165
1995	1254.43033
1995	1144.19919
1995	990.29779
1995	702.17234
1995	510.37016
1995	336.20496
1995	321.87492
1995	259.28678
1995	190.69987
1995	189.59755
1995	188.77082
1995	167.41244
1995	123.45887
1995	104.71958
1995	90.60999
1995	88.18491
1995	74.95717
1995	63.93406
1995	62.6664
1995	56.67644
1995	48.5017
1995	41.88783
1995	37.47859
1995	37.47859
1995	35.27396
1995	24.25085
1995	22.04623
1995	6.61387
1995	1.10231
1995	1.10231
1995	1.10231
1996	1538901.615
1996	1063855.513
1996	314853.1936
1996	272435.1502
1996	264991.2416
1996	264925.1029
1996	227475.1768
1996	222048.498
1996	85956.03519
1996	84021.47876
1996	83614.72587
1996	65897.27538
1996	62790.96197
1996	62129.57516
1996	55358.24182
1996	53503.98877
1996	46152.67431
1996	44673.37247
1996	33140.99102
1996	31131.47742
1996	30600.16334
1996	29684.1426
1996	23915.28098
1996	16744.10955
1996	15145.75808
1996	11359.31856
1996	10828.00448
1996	8939.74513
1996	7876.01466
1996	6796.85184
1996	5632.81105
1996	5457.54354
1996	5296.60608
1996	5254.71825
1996	4862.29541
1996	4220.7502
1996	4010.91421
1996	3868.37873
1996	3819.63673
1996	3127.25733
1996	1862.9062
1996	1334.89906
1996	1222.4633
1996	1221.36099
1996	1115.5391
1996	1106.7206
1996	841.32812
1996	617.29436
1996	443.12917
1996	342.81883
1996	253.53161
1996	241.40619
1996	190.69987
1996	186.29062
1996	162.5314
1996	151.01666
1996	142.61153
1996	133.37967
1996	124.56118
1996	104.71958
1996	73.08324
1996	70.54793
1996	68.25512
1996	62.83175
1996	58.4225
1996	39.68321
1996	22.81674
1996	22.04623
1996	22.04623
1996	17.63698
1996	13.22774
1996	8.81849
1996	8.81849
1996	1.10231
1996	1.10231
1997	1498692.604
1997	1089931.788
1997	338052.4385
1997	291515.0575
1997	252838.2589
1997	251737.0498
1997	244316.2897
1997	221175.4674
1997	86722.75117
1997	81036.4196
1997	80079.61334
1997	66060.41747
1997	64864.40964
1997	64567.88788
1997	60587.71714
1997	51787.68998
1997	47377.34223
1997	37265.84013
1997	35926.53183
1997	32747.46697
1997	30017.04063
1997	29145.11235
1997	25837.68884
1997	17183.93178
1997	14820.57623
1997	12553.12176
1997	11469.5497
1997	8204.50345
1997	7505.63805
1997	6224.75225
1997	6010.90384
1997	5672.52733
1997	5640.52723
1997	5427.78113
1997	4973.62885
1997	4414.75699
1997	4376.1761
1997	4315.54897
1997	4038.9063
1997	3854.17876
1997	3248.51158
1997	1333.79675
1997	1246.71415
1997	1189.39396
1997	1150.81306
1997	856.40443
1997	828.93814
1997	575.40653
1997	470.68695
1997	425.49218
1997	275.57784
1997	274.47553
1997	240.30388
1997	238.09925
1997	198.394
1997	191.80218
1997	165.3467
1997	109.22693
1997	102.51496
1997	74.09737
1997	59.52481
1997	54.01326
1997	53.50068
1997	52.91095
1997	42.99014
1997	30.86472
1997	24.30156
1997	22.04623
1997	19.8416
1997	17.63698
1997	12.12542
1997	11.02311
1997	5.95248
1997	1.10231
1998	1414071.467
1998	1117535.167
1998	343076.7737
1998	316750.2715
1998	246919.9492
1998	241034.7088
1998	232999.4212
1998	196556.4455
1998	82825.47093
1998	78071.20204
1998	74437.9838
1998	74288.06945
1998	68452.43312
1998	67113.12481
1998	65618.39061
1998	48585.47548
1998	44143.1607
1998	37204.1107
1998	33191.66428
1998	28914.72927
1998	28797.88427
1998	27102.5294
1998	22225.57325
1998	16148.86142
1998	13739.20879
1998	12866.17819
1998	12381.16119
1998	9012.49768
1998	8218.8335
1998	7754.76041
1998	6171.8413
1998	6080.34946
1998	5574.38855
1998	5392.50717
1998	4807.17984
1998	4587.82319
1998	4355.23218
1998	4076.34741
1998	3815.09962
1998	3641.90445
1998	3222.0561
1998	1355.84297
1998	1257.73726
1998	1101.20905
1998	1037.27499
1998	1023.05517
1998	593.04351
1998	482.81238
1998	361.55813
1998	347.22808
1998	343.92114
1998	342.81883
1998	318.56798
1998	220.46227
1998	213.80431
1998	208.33685
1998	191.80218
1998	105.82189
1998	87.23692
1998	78.26411
1998	61.50897
1998	57.32019
1998	55.11557
1998	54.01326
1998	49.60401
1998	23.18271
1998	20.94392
1998	19.8416
1998	16.53467
1998	13.22774
1998	12.12542
1998	8.81849
1998	8.81849
1998	1.10231
1999	1327563.174
1999	1100431.428
1999	356264.8268
1999	320774.8103
1999	259241.5855
1999	242993.5161
1999	226118.2315
1999	188319.975
1999	81405.6939
1999	79894.81194
1999	73896.74892
1999	69248.30192
1999	68399.52217
1999	65911.60543
1999	65182.97762
1999	39862.88569
1999	36486.506
1999	36105.10627
1999	30600.16334
1999	27906.77576
1999	26767.42674
1999	25223.08853
1999	20129.64725
1999	16035.32335
1999	11780.4015
1999	11382.4671
1999	10614.15608
1999	8129.54628
1999	7693.16326
1999	7464.85253
1999	6239.08229
1999	5612.96944
1999	5471.87359
1999	5099.29235
1999	5028.74442
1999	4626.40078
1999	4131.46298
1999	4067.52892
1999	3864.406
1999	3492.12239
1999	3273.86474
1999	1291.90891
1999	1254.43033
1999	1103.41367
1999	1041.68423
1999	534.62101
1999	459.66384
1999	445.33379
1999	432.10605
1999	401.24133
1999	369.93569
1999	330.69341
1999	284.39633
1999	273.37322
1999	208.42172
1999	207.23454
1999	192.90449
1999	126.76581
1999	105.82189
1999	101.05219
1999	83.48906
1999	82.67335
1999	69.44562
1999	55.11557
1999	54.01326
1999	42.99014
1999	23.7989
1999	22.04623
1999	19.8416
1999	18.73929
1999	17.63698
1999	17.63698
1999	16.87749
1999	5.51156
1999	1.10231
2000	1271545.916
2000	1073611.561
2000	370018.3656
2000	338103.1448
2000	264911.8752
2000	248934.9743
2000	226047.6064
2000	179246.6959
2000	85367.40093
2000	84540.66741
2000	76239.16056
2000	71828.81281
2000	70423.36583
2000	69741.03509
2000	68787.53577
2000	42044.35988
2000	40792.13417
2000	33730.7276
2000	32786.04677
2000	32281.18816
2000	29156.13546
2000	25872.34992
2000	19605.43096
2000	15468.73531
2000	12926.80531
2000	12796.73257
2000	12504.62006
2000	8691.33926
2000	8284.97218
2000	8200.0942
2000	7398.71385
2000	5715.4844
2000	4937.25258
2000	4695.84639
2000	4574.59214
2000	4021.23184
2000	3952.48619
2000	3816.20193
2000	3411.65366
2000	3267.25087
2000	2831.83788
2000	1492.52958
2000	1376.78689
2000	1373.47995
2000	1043.88886
2000	696.66078
2000	639.34059
2000	491.63087
2000	468.48233
2000	413.36676
2000	403.09322
2000	380.29742
2000	359.3535
2000	285.85138
2000	213.8484
2000	174.16519
2000	105.82189
2000	91.69026
2000	89.07778
2000	87.0826
2000	85.98029
2000	68.3433
2000	63.93406
2000	55.11557
2000	33.06934
2000	24.25085
2000	18.73929
2000	18.33144
2000	17.63698
2000	15.43236
2000	7.71618
2000	3.30693
2000	1.10231
2001	1405509.815
2001	1127688.806
2001	388674.9854
2001	362855.5464
2001	262391.9914
2001	250786.8574
2001	227112.5163
2001	180046.0921
2001	102053.088
2001	87167.47538
2001	77553.1157
2001	73131.74484
2001	72869.39473
2001	68450.22849
2001	67994.9739
2001	47885.50777
2001	39980.83301
2001	36694.84285
2001	34737.13787
2001	33660.17967
2001	29358.14504
2001	24998.21701
2001	21613.01331
2001	15337.56026
2001	14288.15984
2001	13049.16187
2001	12505.72237
2001	8935.33588
2001	8361.40645
2001	8324.65539
2001	6232.46843
2001	5666.9827
2001	4569.08059
2001	4555.85285
2001	4311.57624
2001	4207.52246
2001	3774.3141
2001	3668.4922
2001	3536.21484
2001	2988.3661
2001	2530.90688
2001	1970.93271
2001	1355.84297
2001	1329.3875
2001	1267.65806
2001	1025.14956
2001	707.68389
2001	634.68883
2001	541.23488
2001	540.13257
2001	523.5979
2001	364.86506
2001	240.30388
2001	223.76921
2001	205.51493
2001	179.67675
2001	153.22128
2001	109.12882
2001	85.98029
2001	60.62712
2001	52.91095
2001	40.78552
2001	30.86472
2001	28.6601
2001	26.45547
2001	23.14854
2001	20.78959
2001	11.02311
2001	4.40925
2001	3.30693
2001	1.10231
2002	1551257.423
2002	1094283.061
2002	395625.0585
2002	374673.4265
2002	261887.1328
2002	245766.9315
2002	232573.1574
2002	178249.8647
2002	114109.0673
2002	81566.63136
2002	77677.67688
2002	73312.5239
2002	69838.03849
2002	67853.87805
2002	59507.17643
2002	43576.57266
2002	42249.38979
2002	33525.69769
2002	32561.17525
2002	32360.55458
2002	28701.61942
2002	24288.3285
2002	21607.48963
2002	17526.75062
2002	14359.81008
2002	13668.66086
2002	12107.78797
2002	8725.89672
2002	8355.52011
2002	8122.76706
2002	6111.21418
2002	5670.28963
2002	5166.53334
2002	4915.13911
2002	4367.35761
2002	3752.26787
2002	3657.46909
2002	3650.85522
2002	3017.02619
2002	2350.12782
2002	1835.34841
2002	1797.86983
2002	1556.46364
2002	1354.74066
2002	1050.50273
2002	615.08974
2002	611.7828
2002	610.01911
2002	505.96091
2002	477.30082
2002	350.53501
2002	234.79232
2002	200.62067
2002	190.69987
2002	179.67675
2002	112.43576
2002	106.4943
2002	98.10571
2002	87.0826
2002	84.87797
2002	65.03637
2002	48.5017
2002	47.39939
2002	40.78552
2002	39.68321
2002	24.35006
2002	23.14854
2002	13.22774
2002	6.61387
2003	1863742.852
2003	1071752.573
2003	420525.1698
2003	376619.006
2003	283270.8709
2003	263784.3264
2003	229102.1883
2003	179212.6785
2003	133152.5984
2003	93819.92443
2003	75286.76354
2003	70803.66325
2003	70444.30974
2003	68513.06024
2003	55146.97283
2003	53531.54655
2003	44340.47444
2003	36445.72048
2003	33316.25853
2003	30599.06103
2003	30106.61445
2003	22665.72617
2003	20771.28836
2003	18408.5997
2003	16415.62077
2003	14661.84339
2003	10581.08674
2003	9848.04969
2003	8137.26246
2003	7289.26535
2003	5852.17101
2003	5709.87584
2003	5324.16387
2003	5121.33858
2003	3913.20533
2003	3635.42286
2003	3610.0697
2003	3413.85828
2003	3245.20464
2003	2108.72163
2003	2028.2529
2003	1916.91945
2003	1327.18288
2003	1269.86269
2003	1078.06051
2003	907.20225
2003	634.93134
2003	589.73658
2003	494.60711
2003	458.56153
2003	275.57784
2003	245.81543
2003	207.23454
2003	168.65364
2003	142.19817
2003	115.74269
2003	98.10571
2003	89.28722
2003	72.75255
2003	72.75255
2003	60.62712
2003	51.80863
2003	40.78552
2003	40.78552
2003	38.5809
2003	25.35316
2003	17.27322
2003	12.12542
2003	8.81849
2004	2299746.678
2004	1112098.87
2004	446683.0184
2004	388230.7539
2004	285436.9127
2004	267665.9141
2004	232672.5748
2004	178260.2815
2004	157170.8606
2004	95912.11139
2004	77206.98993
2004	72749.24279
2004	68122.84202
2004	65685.6316
2004	59186.40383
2004	51121.89392
2004	45288.46221
2004	35044.68274
2004	34955.39552
2004	29200.09564
2004	28108.93967
2004	27045.20921
2004	22583.05282
2004	22112.19391
2004	15424.64285
2004	12392.1843
2004	10893.04085
2004	9792.93412
2004	7986.2458
2004	7438.39705
2004	5959.09521
2004	5952.48134
2004	5682.84937
2004	5301.01533
2004	5056.30221
2004	3764.39329
2004	3517.47555
2004	3254.02313
2004	3201.11219
2004	3068.83482
2004	2735.93679
2004	1344.81986
2004	1159.63155
2004	1006.41027
2004	650.3637
2004	538.25864
2004	499.34705
2004	428.99313
2004	259.04317
2004	256.83855
2004	220.46227
2004	199.51836
2004	176.36982
2004	131.17505
2004	119.04963
2004	108.02651
2004	102.51496
2004	89.28722
2004	77.1618
2004	71.65024
2004	56.21788
2004	37.47859
2004	36.37627
2004	33.06934
2004	26.45547
2004	18.73929
2004	17.96768
2004	9.9208
2004	8.81849
2004	3.30693
2005	2500893.148
2005	1131498.099
2005	473266.3591
2005	404925.2594
2005	311822.9397
2005	270050.8507
2005	226993.4667
2005	188176.6745
2005	174987.5191
2005	96118.24362
2005	76498.20373
2005	72030.53579
2005	68371.96439
2005	66536.61597
2005	65106.73075
2005	64308.84471
2005	38691.12872
2005	38150.99615
2005	35710.4788
2005	34288.49715
2005	27221.57902
2005	23014.25057
2005	22055.04568
2005	21474.12759
2005	16083.82505
2005	11855.35867
2005	10549.11971
2005	10051.97729
2005	8295.99529
2005	7930.57908
2005	7585.00446
2005	6894.95755
2005	5806.05251
2005	5369.35863
2005	5003.39126
2005	3991.46943
2005	3390.70974
2005	3171.34978
2005	3121.74577
2005	2767.90382
2005	1716.29879
2005	1621.50001
2005	1183.8824
2005	1085.77669
2005	870.11719
2005	683.43304
2005	599.65738
2005	369.27431
2005	264.22403
2005	200.62067
2005	165.3467
2005	132.27736
2005	120.15194
2005	109.12882
2005	104.71958
2005	93.69647
2005	84.87797
2005	82.67335
2005	70.54793
2005	49.60401
2005	46.95846
2005	36.37627
2005	27.55778
2005	27.55778
2005	13.22774
2005	13.22774
2005	8.81849
2005	5.51156
2005	3.30693
2006	2573897.025
2006	1162749.659
2006	500192.5187
2006	405046.5137
2006	313680.3343
2006	269817.1607
2006	249699.9784
2006	220553.7638
2006	171134.9409
2006	106554.9276
2006	72756.95897
2006	72307.21594
2006	71415.44605
2006	70829.01641
2006	69338.69145
2006	67980.64385
2006	42890.935
2006	40543.0118
2006	38697.74259
2006	38496.01961
2006	28305.15109
2006	21021.74783
2006	20334.33765
2006	19928.68707
2006	15537.07861
2006	12662.25059
2006	11182.94874
2006	10970.20265
2006	8900.06192
2006	8676.29271
2006	7318.24512
2006	6490.40928
2006	5917.10927
2006	4984.65197
2006	4015.72028
2006	3799.66726
2006	3565.97725
2006	3112.92728
2006	2640.03571
2006	2593.73863
2006	2426.1873
2006	1685.44289
2006	1472.68798
2006	1410.95854
2006	1060.42353
2006	1016.11171
2006	742.95786
2006	687.84229
2006	497.14242
2006	353.84195
2006	342.37791
2006	201.72298
2006	155.4259
2006	135.5843
2006	115.74269
2006	113.17431
2006	108.02651
2006	88.18491
2006	70.54793
2006	70.54793
2006	60.62712
2006	45.19477
2006	36.37627
2006	30.86472
2006	27.55778
2006	23.14854
2006	22.04623
2006	9.9208
2006	8.81849
2006	4.40925
2007	2746302.93
2007	1146635.345
2007	531521.3098
2007	430104.2555
2007	318591.1314
2007	287227.0663
2007	273005.0452
2007	225526.2903
2007	159773.4177
2007	107836.9157
2007	83074.5933
2007	77053.98912
2007	76460.72514
2007	73092.06163
2007	69033.3512
2007	64953.69686
2007	46898.9391
2007	40948.66238
2007	39440.70044
2007	33441.92203
2007	31364.06511
2007	20105.25089
2007	18939.91378
2007	18236.63913
2007	18232.22989
2007	13794.32435
2007	11694.42121
2007	10822.49293
2007	10183.15234
2007	8428.8679
2007	7174.94464
2007	6575.28726
2007	5330.12517
2007	4998.98202
2007	4545.93205
2007	4489.71417
2007	3794.1557
2007	3745.654
2007	3568.18187
2007	3181.27058
2007	2326.97928
2007	1801.17676
2007	1576.30524
2007	1456.15331
2007	1161.70279
2007	912.71381
2007	687.84229
2007	435.41299
2007	397.9344
2007	345.02346
2007	267.86166
2007	199.51836
2007	198.41604
2007	174.16519
2007	138.89123
2007	121.25425
2007	118.01345
2007	108.02651
2007	93.69647
2007	70.54793
2007	55.11557
2007	38.5809
2007	27.55778
2007	26.45547
2007	15.43236
2007	15.43236
2007	15.43236
2007	8.81849
2008	3048535.761
2008	1171808.669
2008	568447.6381
2008	431453.4846
2008	336163.0768
2008	301586.8764
2008	278017.2549
2008	214268.3844
2008	157993.1849
2008	122437.0296
2008	87525.72657
2008	81022.08955
2008	74680.4923
2008	72443.90255
2008	66359.14384
2008	65728.62175
2008	44784.70591
2008	42669.37042
2008	39529.98766
2008	35641.03319
2008	31734.44173
2008	20157.40014
2008	19405.08917
2008	17765.95218
2008	12877.2013
2008	12599.41884
2008	11229.24582
2008	11101.3777
2008	10366.13603
2008	8429.37497
2008	8410.63567
2008	7288.48271
2008	5411.71054
2008	4983.54966
2008	4120.43986
2008	3978.2417
2008	3780.92796
2008	3626.60437
2008	3349.92422
2008	3056.7094
2008	2670.90042
2008	1753.77737
2008	1631.42081
2008	1627.01157
2008	1455.05099
2008	1003.10334
2008	925.94154
2008	735.24168
2008	687.84229
2008	542.33719
2008	350.53501
2008	219.35996
2008	198.41604
2008	149.62774
2008	142.19817
2008	128.97043
2008	121.25425
2008	108.02651
2008	99.20802
2008	93.69647
2008	55.11557
2008	41.88783
2008	38.5809
2008	27.55778
2008	16.53467
2008	12.12542
2008	8.81849
2008	1.10231
2009	3226093.87
2009	1074923.392
2009	613402.0999
2009	444101.4052
2009	332372.2281
2009	304228.0144
2009	276219.3851
2009	202409.7188
2009	148355.6766
2009	111172.5099
2009	87632.65077
2009	80255.98315
2009	71532.29105
2009	69375.06772
2009	62189.09997
2009	60644.76176
2009	48443.27732
2009	42437.88503
2009	37435.59608
2009	34784.53726
2009	29967.43662
2009	19605.70984
2009	19151.55756
2009	16467.4294
2009	15920.68297
2009	12642.40898
2009	11627.18022
2009	10415.74445
2009	9905.36988
2009	9691.52147
2009	8185.76416
2009	6297.5048
2009	5166.53334
2009	5030.22483
2009	4882.13701
2009	4027.84571
2009	3837.14584
2009	3303.62714
2009	2911.2043
2009	2836.24713
2009	2776.72231
2009	2772.31307
2009	1631.42081
2009	1500.24576
2009	1294.11354
2009	1102.31136
2009	813.50578
2009	701.07002
2009	687.84229
2009	663.59144
2009	350.53501
2009	234.79232
2009	218.25765
2009	198.41604
2009	173.56995
2009	146.60741
2009	108.02651
2009	104.71958
2009	90.38953
2009	79.36642
2009	55.11557
2009	41.88783
2009	38.5809
2009	27.55778
2009	24.25085
2009	17.63698
2009	8.81849
2009	1.10231
2010	3522972.775
2010	1085281.186
2010	622818.0436
2010	463256.2696
2010	370378.8214
2010	357043.0586
2010	280788.4657
2010	200954.6678
2010	146237.0342
2010	122134.9963
2010	81956.84958
2010	79089.73773
2010	74840.32744
2010	62302.63804
2010	60941.28351
2010	60116.75461
2010	49232.53225
2010	41169.12466
2010	34784.53726
2010	33985.36153
2010	32335.20142
2010	27831.15721
2010	20346.46307
2010	19768.85192
2010	19639.88149
2010	12146.36887
2010	10995.55581
2010	10005.68021
2010	9691.52147
2010	9293.58707
2010	7483.59182
2010	7165.02384
2010	6293.09555
2010	5875.8707
2010	4883.23932
2010	3730.22164
2010	3637.62749
2010	3303.62714
2010	2644.44495
2010	2622.39872
2010	2297.21687
2010	2132.97248
2010	1631.42081
2010	1482.60878
2010	1294.11354
2010	1102.31136
2010	813.50578
2010	687.84229
2010	682.33073
2010	665.79606
2010	354.94426
2010	350.53501
2010	234.79232
2010	218.25765
2010	198.41604
2010	146.60741
2010	111.33345
2010	108.02651
2010	104.71958
2010	90.38953
2010	55.11557
2010	41.88783
2010	38.5809
2010	26.45547
2010	24.25085
2010	17.63698
2010	8.81849
2010	1.10231
2011	3829471.406
2011	1094335.567
2011	637142.8586
2011	437417.3881
2011	435852.3776
2011	371681.824
2011	281630.8311
2011	208844
2011	152628
2011	127631.0712
2011	94578.20442
2011	83123.31436
2011	73979.7622
2011	67931.93271
2011	63806
2011	62605
2011	49774.09011
2011	40898
2011	39128
2011	37497.73117
2011	35752.60032
2011	30001.98747
2011	23744.32241
2011	20648
2011	19723
2011	12777.98005
2011	11611.30694
2011	10532
2011	9565.53169
2011	7938.84641
2011	7872.73859
2011	7256
2011	7004.21535
2011	5423.42866
2011	4961
2011	3577.28255
2011	3304
2011	2850.71166
2011	2619
2011	2307.64692
2011	1716.25469
2011	1598.25226
2011	1303.17233
2011	1188.29165
2011	1026
2011	815.9463
2011	741.49399
2011	351.58662
2011	199.01129
2011	147.04723
2011	117.12279
2011	116.45258
2011	105.03374
2011	55.28091
2011	42.0135
2011	26.53484
2011	19.01267
2011	8.84495
2011	1.10562
