1961	789679
1961	693200
1961	186100
1961	97588
1961	78100
1961	58000
1961	41205
1961	39980
1961	38400
1961	26992
1961	22736
1961	13209
1961	8900
1961	4339
1961	3900
1961	3700
1961	3500
1961	2682
1961	2020
1961	2000
1961	1602
1961	531
1961	500
1961	415
1961	300
1961	200
1961	110
1961	100
1961	82
1962	793561
1962	690300
1962	195400
1962	104046
1962	82870
1962	62000
1962	45392
1962	41559
1962	38200
1962	31357
1962	21631
1962	15081
1962	8800
1962	5100
1962	4576
1962	4500
1962	3500
1962	3387
1962	2000
1962	1730
1962	1617
1962	691
1962	500
1962	360
1962	300
1962	210
1962	205
1962	155
1962	100
1963	830956
1963	698900
1963	198300
1963	104751
1963	81180
1963	66000
1963	41342
1963	41100
1963	40755
1963	37200
1963	20558
1963	16200
1963	14225
1963	6700
1963	5200
1963	4836
1963	3600
1963	3222
1963	1775
1963	1600
1963	1390
1963	976
1963	558
1963	551
1963	500
1963	223
1963	155
1963	149
1963	100
1964	870761
1964	696800
1964	210600
1964	111562
1964	79200
1964	75000
1964	45759
1964	44248
1964	43315
1964	34500
1964	28323
1964	13390
1964	9830
1964	6002
1964	5020
1964	3700
1964	2698
1964	2100
1964	2045
1964	1570
1964	1524
1964	1199
1964	1100
1964	988
1964	500
1964	238
1964	200
1964	158
1964	155
1965	916906
1965	723000
1965	217400
1965	118311
1965	71000
1965	64800
1965	52654
1965	49387
1965	48781
1965	29290
1965	23700
1965	16600
1965	13189
1965	9300
1965	5942
1965	5266
1965	3800
1965	3552
1965	2562
1965	2428
1965	1524
1965	1120
1965	951
1965	914
1965	500
1965	394
1965	243
1965	200
1965	103
1966	972838
1966	736675
1966	218100
1966	131015
1966	73500
1966	55278
1966	53195
1966	51065
1966	49500
1966	28200
1966	24347
1966	23000
1966	11847
1966	11670
1966	6370
1966	6200
1966	4959
1966	3900
1966	2035
1966	2019
1966	1522
1966	1016
1966	995
1966	757
1966	500
1966	204
1966	200
1966	100
1966	82
1967	990449
1967	709251
1967	219300
1967	143204
1967	62590
1967	62502
1967	52982
1967	52000
1967	47310
1967	30900
1967	25100
1967	21494
1967	12840
1967	11248
1967	6512
1967	5857
1967	5525
1967	3988
1967	2505
1967	2000
1967	1686
1967	1016
1967	1014
1967	791
1967	514
1967	500
1967	250
1967	100
1967	70
1968	1100290
1968	755640
1968	257800
1968	148719
1968	68844
1968	64693
1968	55750
1968	49060
1968	40900
1968	34295
1968	22958
1968	21500
1968	12113
1968	10311
1968	6870
1968	5816
1968	4700
1968	4420
1968	1768
1968	1761
1968	1524
1968	810
1968	600
1968	250
1968	217
1968	80
1968	44
1968	30
1969	1268020
1969	773433
1969	281800
1969	150834
1969	79951
1969	65633
1969	60750
1969	45983
1969	45000
1969	32400
1969	31850
1969	23950
1969	12215
1969	11541
1969	8656
1969	6100
1969	5969
1969	4900
1969	3000
1969	2540
1969	2000
1969	1210
1969	800
1969	404
1969	300
1969	80
1969	16
1970	1269350
1970	802146
1970	287200
1970	159158
1970	89905
1970	83415
1970	65250
1970	46200
1970	42400
1970	33000
1970	24976
1970	12904
1970	12763
1970	12229
1970	10927
1970	9000
1970	6300
1970	5302
1970	4867
1970	3450
1970	2012
1970	1114
1970	805
1970	800
1970	400
1970	344
1970	80
1971	1318610
1971	780946
1971	316300
1971	140501
1971	92200
1971	84575
1971	61750
1971	52400
1971	40500
1971	37500
1971	24231
1971	14356
1971	13493
1971	13417
1971	11000
1971	9000
1971	7000
1971	5907
1971	5000
1971	2900
1971	1680
1971	1003
1971	800
1971	586
1971	500
1971	166
1971	80
1972	1304360
1972	800090
1972	336900
1972	143232
1972	101200
1972	83289
1972	57199
1972	49900
1972	38800
1972	25818
1972	22994
1972	17252
1972	15312
1972	14208
1972	14114
1972	9400
1972	7200
1972	5589
1972	5142
1972	3000
1972	1530
1972	800
1972	682
1972	500
1972	121
1972	80
1972	70
1973	1542520
1973	844255
1973	367700
1973	154675
1973	112400
1973	86000
1973	66250
1973	54300
1973	33000
1973	23402
1973	20600
1973	17982
1973	16500
1973	15205
1973	14958
1973	10300
1973	7600
1973	5845
1973	5216
1973	2000
1973	1205
1973	1035
1973	513
1973	500
1973	363
1973	80
1974	1524800
1974	816482
1974	382100
1974	132007
1974	125200
1974	88500
1974	78000
1974	46800
1974	31500
1974	21979
1974	18606
1974	17750
1974	16084
1974	15421
1974	10500
1974	9900
1974	9400
1974	6299
1974	5046
1974	2400
1974	975
1974	700
1974	614
1974	356
1974	150
1974	80
1975	1459330
1975	789847
1975	348700
1975	148751
1975	130100
1975	82300
1975	68600
1975	67750
1975	28800
1975	24200
1975	19348
1975	16280
1975	16043
1975	15154
1975	15000
1975	10300
1975	10000
1975	7852
1975	5555
1975	2650
1975	864
1975	800
1975	550
1975	400
1975	80
1976	1612480
1976	856548
1976	392500
1976	152134
1976	137800
1976	84500
1976	78800
1976	52500
1976	40226
1976	31100
1976	21000
1976	20298
1976	19000
1976	18385
1976	16435
1976	14515
1976	10100
1976	8349
1976	4059
1976	3185
1976	1000
1976	600
1976	423
1976	308
1976	80
1977	1588050
1977	853978
1977	430900
1977	149600
1977	146243
1977	91700
1977	77800
1977	59250
1977	43348
1977	29300
1977	22560
1977	19200
1977	17932
1977	17374
1977	15000
1977	14940
1977	9200
1977	8473
1977	4500
1977	3903
1977	1400
1977	600
1977	476
1977	160
1977	80
1977	45
1978	1582450
1978	884982
1978	467000
1978	155662
1978	147000
1978	101600
1978	78000
1978	57500
1978	41389
1978	23708
1978	20649
1978	18704
1978	18000
1978	18000
1978	15520
1978	15021
1978	9200
1978	8970
1978	4800
1978	3000
1978	1500
1978	710
1978	500
1978	145
1978	80
1978	40
1979	1570130
1979	963939
1979	534300
1979	152704
1979	135400
1979	108300
1979	78900
1979	56000
1979	42505
1979	24959
1979	20653
1979	19400
1979	19284
1979	16594
1979	15443
1979	10350
1979	10000
1979	9200
1979	4700
1979	4260
1979	1600
1979	600
1979	522
1979	140
1979	80
1979	40
1980	1530000
1980	1020000
1980	465200
1980	148400
1980	133151
1980	113000
1980	81400
1980	45000
1980	41000
1980	27813
1980	22400
1980	21626
1980	20468
1980	17365
1980	15686
1980	11200
1980	10340
1980	6000
1980	5527
1980	4800
1980	4563
1980	1744
1980	600
1980	520
1980	195
1980	80
1980	30
1981	1510220
1981	963238
1981	507700
1981	153100
1981	127700
1981	123946
1981	82300
1981	60000
1981	43578
1981	30257
1981	23800
1981	23464
1981	21495
1981	17566
1981	15835
1981	11900
1981	10531
1981	10100
1981	5000
1981	4800
1981	4543
1981	1800
1981	800
1981	781
1981	185
1981	80
1981	20
1982	1494180
1982	899214
1982	576000
1982	152900
1982	152600
1982	125230
1982	75000
1982	50000
1982	46018
1982	32795
1982	26728
1982	26000
1982	22585
1982	16027
1982	15995
1982	12328
1982	10175
1982	9000
1982	7550
1982	5000
1982	4301
1982	1850
1982	1000
1982	923
1982	175
1982	80
1982	17
1983	1563720
1983	1006980
1983	593900
1983	172400
1983	165900
1983	139997
1983	81000
1983	47215
1983	45000
1983	40500
1983	35220
1983	28899
1983	23705
1983	17108
1983	16413
1983	12364
1983	12000
1983	10612
1983	8900
1983	5000
1983	4400
1983	1900
1983	1200
1983	1061
1983	170
1983	8
1984	1530580
1984	1032600
1984	617200
1984	188779
1984	175300
1984	141924
1984	93517
1984	58000
1984	47225
1984	43300
1984	36006
1984	34056
1984	17679
1984	16000
1984	15760
1984	13000
1984	12374
1984	11748
1984	5200
1984	4693
1984	1900
1984	1795
1984	1000
1984	1000
1984	170
1985	1469450
1985	1054970
1985	773000
1985	187900
1985	186500
1985	137493
1985	97067
1985	60000
1985	47867
1985	44000
1985	40371
1985	38789
1985	22000
1985	18469
1985	15550
1985	15000
1985	11320
1985	11251
1985	5019
1985	5000
1985	2000
1985	1806
1985	1000
1985	1000
1985	180
1986	1538640
1986	1113130
1986	956000
1986	209709
1986	200500
1986	137810
1986	100692
1986	60000
1986	50000
1986	48200
1986	46814
1986	37603
1986	24000
1986	19900
1986	17560
1986	15069
1986	13388
1986	11612
1986	5105
1986	4500
1986	2415
1986	2000
1986	1000
1986	1000
1986	180
1987	1578700
1987	1130350
1987	1067000
1987	238000
1987	219500
1987	121806
1987	106800
1987	55300
1987	54577
1987	51700
1987	48600
1987	26588
1987	26300
1987	25000
1987	17000
1987	15031
1987	14950
1987	13680
1987	4252
1987	3600
1987	2000
1987	1300
1987	1232
1987	1000
1987	185
1988	1661600
1988	1173300
1988	1159000
1988	240000
1988	235200
1988	122393
1988	108400
1988	80500
1988	60957
1988	51600
1988	49700
1988	33200
1988	32916
1988	26500
1988	20438
1988	14960
1988	14885
1988	14660
1988	7000
1988	4921
1988	2000
1988	1500
1988	1500
1988	1058
1988	1000
1988	188
1989	1415300
1989	1311000
1989	1209040
1989	259200
1989	242766
1989	132000
1989	110968
1989	106000
1989	66960
1989	56700
1989	50600
1989	35900
1989	30657
1989	28000
1989	21943
1989	15500
1989	14790
1989	14377
1989	7900
1989	5052
1989	2900
1989	2000
1989	1900
1989	1267
1989	1000
1989	185
1990	1418000
1990	1291500
1990	1275300
1990	297300
1990	264248
1990	147000
1990	113096
1990	74034
1990	61179
1990	57939
1990	40000
1990	37222
1990	32000
1990	24284
1990	22574
1990	18080
1990	14805
1990	12790
1990	7500
1990	3600
1990	3223
1990	2000
1990	1973
1990	1715
1990	1500
1990	1300
1990	987
1990	180
1990	40
1991	1505000
1991	1328170
1991	1257200
1991	329600
1991	296353
1991	155000
1991	103854
1991	71482
1991	64563
1991	59633
1991	48374
1991	41000
1991	33000
1991	21362
1991	19000
1991	18488
1991	14534
1991	11157
1991	8400
1991	5800
1991	2772
1991	2086
1991	1800
1991	1424
1991	1250
1991	1100
1991	1029
1991	185
1991	41
1992	1712000
1992	1398450
1992	1173200
1992	366700
1992	309348
1992	129000
1992	106149
1992	72053
1992	67000
1992	56931
1992	43000
1992	36000
1992	32897
1992	32000
1992	22706
1992	21536
1992	15134
1992	9738
1992	8900
1992	7200
1992	3867
1992	2088
1992	1700
1992	1574
1992	1500
1992	1352
1992	1040
1992	175
1992	36
1993	1811000
1993	1475440
1993	1074300
1993	367000
1993	326062
1993	130000
1993	104200
1993	96880
1993	71678
1993	57638
1993	49700
1993	45000
1993	40663
1993	36000
1993	28334
1993	24100
1993	15531
1993	9200
1993	8497
1993	7000
1993	4848
1993	2913
1993	1702
1993	1500
1993	1431
1993	1300
1993	1159
1993	170
1993	42
1994	1988000
1994	1464500
1994	1100600
1994	394000
1994	374002
1994	128771
1994	105301
1994	105000
1994	71601
1994	59014
1994	48887
1994	45197
1994	37000
1994	31527
1994	25820
1994	16215
1994	10000
1994	9500
1994	9000
1994	7414
1994	5023
1994	4044
1994	2200
1994	1845
1994	1550
1994	1481
1994	1144
1994	178
1994	46
1995	2061000
1995	1532140
1995	1088900
1995	472000
1995	424025
1995	125000
1995	124700
1995	106717
1995	64251
1995	59934
1995	54726
1995	44355
1995	35429
1995	27789
1995	27487
1995	18214
1995	13000
1995	10000
1995	9500
1995	6510
1995	6450
1995	4879
1995	3000
1995	2000
1995	1850
1995	1621
1995	1252
1995	150
1995	41
1996	2120940
1996	1574030
1996	1082400
1996	507000
1996	402450
1996	142500
1996	130000
1996	112490
1996	89655
1996	63590
1996	55968
1996	53437
1996	40000
1996	33930
1996	30000
1996	25800
1996	19716
1996	10500
1996	8700
1996	7202
1996	7139
1996	5611
1996	4556
1996	3000
1996	2560
1996	1304
1996	1300
1996	154
1996	43
1997	2168720
1997	1548610
1997	971100
1997	550000
1997	451970
1997	186500
1997	120000
1997	107985
1997	105783
1997	73032
1997	67200
1997	58400
1997	57633
1997	37750
1997	34578
1997	25961
1997	22406
1997	10700
1997	10700
1997	10098
1997	5274
1997	4586
1997	4300
1997	4000
1997	3000
1997	1384
1997	1380
1997	180
1997	46
1998	2162410
1998	1564320
1998	885700
1998	605000
1998	462344
1998	193500
1998	123614
1998	105363
1998	95710
1998	75000
1998	73508
1998	66000
1998	53083
1998	40820
1998	35866
1998	27054
1998	22000
1998	10800
1998	10691
1998	10600
1998	7000
1998	4957
1998	4950
1998	3000
1998	2279
1998	1277
1998	1273
1998	178
1998	44
1999	2198540
1999	1604360
1999	768900
1999	622000
1999	489991
1999	248700
1999	118860
1999	107000
1999	100000
1999	96590
1999	70810
1999	70000
1999	58387
1999	45204
1999	36954
1999	23045
1999	22939
1999	11795
1999	11059
1999	10100
1999	6000
1999	5000
1999	4400
1999	3000
1999	2278
1999	1395
1999	1200
1999	195
1999	46
2000	2278650
2000	1501430
2000	928000
2000	630000
2000	481571
2000	290800
2000	123398
2000	107000
2000	105000
2000	87800
2000	87640
2000	71382
2000	58027
2000	43137
2000	42370
2000	28085
2000	26598
2000	11444
2000	11000
2000	8700
2000	7000
2000	4699
2000	4400
2000	4218
2000	2300
2000	1380
2000	1187
2000	200
2000	56
2001	2522510
2001	1607460
2001	882000
2001	631000
2001	477437
2001	312600
2001	127923
2001	108000
2001	107000
2001	88100
2001	87134
2001	86230
2001	52867
2001	47450
2001	38653
2001	35662
2001	22500
2001	11500
2001	10010
2001	8500
2001	8000
2001	5700
2001	4216
2001	4100
2001	4012
2001	1256
2001	1080
2001	210
2001	45
2002	2633120
2002	1630360
2002	890000
2002	649435
2002	527413
2002	298200
2002	135540
2002	112000
2002	109000
2002	95900
2002	90520
2002	88345
2002	52000
2002	49823
2002	36823
2002	32704
2002	24189
2002	12363
2002	8982
2002	8800
2002	8500
2002	8500
2002	5200
2002	4200
2002	3783
2002	1350
2002	1127
2002	213
2002	48
2003	2860090
2003	1792350
2003	985600
2003	711650
2003	565045
2003	363500
2003	142000
2003	124502
2003	107000
2003	93790
2003	92010
2003	90413
2003	49823
2003	45892
2003	39100
2003	32489
2003	26986
2003	12000
2003	10000
2003	9200
2003	8938
2003	8407
2003	5200
2003	4100
2003	3541
2003	1264
2003	1055
2003	234
2003	46
2004	3006720
2004	2065820
2004	1168700
2004	749665
2004	574739
2004	419000
2004	142000
2004	136776
2004	114500
2004	102727
2004	98813
2004	94700
2004	54523
2004	50000
2004	39200
2004	27254
2004	26056
2004	12500
2004	11670
2004	9988
2004	9300
2004	9000
2004	5300
2004	4967
2004	4600
2004	1502
2004	1253
2004	250
2004	62
2005	2979720
2005	2270890
2005	1126000
2005	802625
2005	513618
2005	481600
2005	170089
2005	158600
2005	111000
2005	104350
2005	104160
2005	103708
2005	58689
2005	57000
2005	51500
2005	24756
2005	20329
2005	13500
2005	11500
2005	10751
2005	10000
2005	10000
2005	9762
2005	5400
2005	5200
2005	1617
2005	1349
2005	257
2005	12
2006	3070520
2006	2637230
2006	1283600
2006	852895
2006	555400
2006	537982
2006	178257
2006	142500
2006	116013
2006	109140
2006	105434
2006	93500
2006	63200
2006	61736
2006	55000
2006	24145
2006	21389
2006	13600
2006	11800
2006	11309
2006	10500
2006	10500
2006	5721
2006	5500
2006	5300
2006	1701
2006	1419
2006	220
2006	12.8
2007	3024210
2007	2755170
2007	1199600
2007	825345
2007	605800
2007	588380
2007	188532
2007	143000
2007	133344
2007	120800
2007	117550
2007	113297
2007	72000
2007	70000
2007	46807
2007	27709
2007	17923
2007	14000
2007	13500
2007	12000
2007	12000
2007	11787
2007	11000
2007	7200
2007	5195
2007	1800
2007	1076
2007	222
2007	14
2008	3166910
2008	2751290
2008	1072400
2008	864000
2008	660000
2008	547861
2008	203000
2008	135645
2008	129240
2008	120905
2008	110424
2008	87200
2008	84800
2008	73000
2008	53477
2008	31676
2008	28000
2008	16550
2008	15000
2008	13900
2008	13710
2008	12806
2008	11326
2008	7900
2008	5500
2008	1850
2008	1229
2008	229
2008	15
2009	3090280
2009	2440350
2009	857019
2009	830600
2009	711300
2009	618866
2009	209524
2009	145000
2009	136000
2009	129017
2009	126973
2009	91800
2009	81000
2009	59500
2009	52321
2009	37380
2009	29405
2009	19134
2009	15400
2009	13600
2009	13449
2009	13414
2009	11326
2009	7500
2009	5700
2009	1900
2009	1202
2009	221.22
2009	219
2010	3051780
2010	2591940
2010	858900
2010	851000
2010	754482
2010	690812
2010	231451
2010	143500
2010	139300
2010	133097
2010	130430
2010	97900
2010	62100
2010	54864
2010	44300
2010	37500
2010	30800
2010	15400
2010	15000
2010	14000
2010	13700
2010	13449
2010	11500
2010	7500
2010	5800
2010	1950
2010	1300
2010	230
2010	221.22
