1961	436
1961	404
1961	337
1961	331
1961	325
1961	306
1961	293
1961	270
1961	255
1961	246
1961	245
1961	189
1961	176
1961	173
1961	157
1961	154
1961	148
1961	146
1961	138
1961	129
1961	129
1961	128
1961	126
1961	125
1961	121
1961	116
1961	101
1961	97
1961	95
1961	95
1961	91
1961	85
1961	83
1961	78
1961	78
1961	77
1961	77
1961	73
1961	73
1961	65
1961	60
1961	60
1961	58
1961	55
1961	52
1961	52
1961	47
1961	47
1961	45
1961	37
1961	37
1961	36
1961	32
1961	32
1961	31
1961	29
1961	26
1961	25
1961	24
1961	24
1961	23
1961	23
1961	22
1961	22
1961	21
1961	21
1961	21
1961	20
1961	20
1961	20
1961	17
1961	16
1961	15
1961	14
1961	14
1961	12
1961	12
1961	12
1961	11
1961	10
1961	10
1961	10
1961	8
1961	8
1961	8
1961	8
1961	8
1961	8
1961	7
1961	6
1961	6
1961	6
1961	6
1961	6
1961	5
1961	4
1961	4
1961	4
1961	4
1961	4
1961	4
1961	3
1961	3
1961	3
1961	3
1961	3
1961	3
1961	3
1961	2
1961	2
1961	2
1961	2
1961	2
1961	1
1961	1
1961	1
1961	1
1961	1
1961	1
1961	1
1961	1
1961	1
1962	451
1962	409
1962	327
1962	327
1962	318
1962	300
1962	294
1962	258
1962	250
1962	245
1962	225
1962	190
1962	181
1962	172
1962	163
1962	154
1962	149
1962	143
1962	136
1962	135
1962	130
1962	127
1962	126
1962	124
1962	119
1962	103
1962	102
1962	102
1962	96
1962	95
1962	94
1962	94
1962	94
1962	85
1962	82
1962	79
1962	79
1962	75
1962	74
1962	60
1962	56
1962	53
1962	52
1962	51
1962	51
1962	48
1962	45
1962	45
1962	45
1962	44
1962	42
1962	37
1962	37
1962	32
1962	31
1962	31
1962	27
1962	25
1962	25
1962	24
1962	24
1962	23
1962	23
1962	22
1962	22
1962	22
1962	22
1962	22
1962	21
1962	21
1962	21
1962	17
1962	16
1962	14
1962	13
1962	13
1962	11
1962	10
1962	10
1962	9
1962	9
1962	8
1962	8
1962	8
1962	8
1962	8
1962	8
1962	8
1962	7
1962	7
1962	6
1962	6
1962	6
1962	6
1962	6
1962	6
1962	5
1962	5
1962	5
1962	4
1962	4
1962	4
1962	4
1962	4
1962	4
1962	3
1962	3
1962	3
1962	3
1962	3
1962	3
1962	2
1962	2
1962	2
1962	1
1962	1
1962	1
1962	1
1962	1
1962	1
1962	1
1962	1
1962	1
1963	442
1963	431
1963	340
1963	329
1963	297
1963	296
1963	294
1963	276
1963	246
1963	246
1963	203
1963	187
1963	183
1963	180
1963	153
1963	153
1963	146
1963	140
1963	136
1963	131
1963	128
1963	127
1963	122
1963	121
1963	117
1963	104
1963	102
1963	101
1963	92
1963	91
1963	91
1963	87
1963	87
1963	86
1963	85
1963	77
1963	76
1963	76
1963	73
1963	71
1963	67
1963	55
1963	54
1963	48
1963	46
1963	46
1963	44
1963	44
1963	42
1963	40
1963	39
1963	37
1963	36
1963	36
1963	31
1963	31
1963	30
1963	26
1963	25
1963	25
1963	24
1963	24
1963	24
1963	22
1963	21
1963	21
1963	21
1963	21
1963	19
1963	18
1963	17
1963	15
1963	15
1963	15
1963	14
1963	13
1963	12
1963	10
1963	10
1963	9
1963	9
1963	9
1963	9
1963	9
1963	8
1963	8
1963	8
1963	8
1963	8
1963	7
1963	7
1963	7
1963	7
1963	7
1963	6
1963	6
1963	6
1963	5
1963	5
1963	5
1963	4
1963	4
1963	4
1963	4
1963	4
1963	3
1963	3
1963	3
1963	3
1963	3
1963	2
1963	2
1963	2
1963	2
1963	2
1963	1
1963	1
1963	1
1963	1
1963	1
1963	1
1963	1
1964	472
1964	424
1964	336
1964	325
1964	313
1964	303
1964	301
1964	268
1964	251
1964	249
1964	232
1964	186
1964	181
1964	176
1964	164
1964	152
1964	151
1964	137
1964	136
1964	132
1964	130
1964	124
1964	122
1964	122
1964	120
1964	119
1964	117
1964	93
1964	92
1964	92
1964	89
1964	88
1964	85
1964	83
1964	80
1964	77
1964	75
1964	75
1964	74
1964	65
1964	58
1964	57
1964	56
1964	56
1964	54
1964	52
1964	47
1964	47
1964	46
1964	43
1964	37
1964	36
1964	35
1964	34
1964	32
1964	30
1964	28
1964	26
1964	25
1964	25
1964	24
1964	24
1964	23
1964	22
1964	22
1964	22
1964	22
1964	21
1964	20
1964	18
1964	17
1964	16
1964	15
1964	14
1964	14
1964	12
1964	12
1964	11
1964	10
1964	10
1964	10
1964	10
1964	8
1964	8
1964	8
1964	8
1964	8
1964	8
1964	7
1964	7
1964	7
1964	7
1964	7
1964	6
1964	6
1964	6
1964	6
1964	5
1964	5
1964	5
1964	5
1964	4
1964	4
1964	4
1964	4
1964	4
1964	3
1964	3
1964	3
1964	3
1964	3
1964	3
1964	3
1964	2
1964	2
1964	1
1964	1
1964	1
1964	1
1964	1
1964	1
1964	1
1964	1
1965	474
1965	410
1965	358
1965	330
1965	328
1965	311
1965	298
1965	267
1965	258
1965	244
1965	226
1965	182
1965	179
1965	176
1965	167
1965	159
1965	148
1965	145
1965	135
1965	130
1965	127
1965	124
1965	120
1965	119
1965	115
1965	110
1965	109
1965	101
1965	96
1965	93
1965	87
1965	86
1965	83
1965	83
1965	82
1965	77
1965	74
1965	71
1965	71
1965	69
1965	67
1965	67
1965	58
1965	51
1965	51
1965	50
1965	44
1965	43
1965	43
1965	39
1965	38
1965	35
1965	34
1965	34
1965	32
1965	31
1965	30
1965	27
1965	26
1965	26
1965	25
1965	24
1965	23
1965	23
1965	22
1965	22
1965	21
1965	19
1965	16
1965	15
1965	15
1965	14
1965	14
1965	13
1965	11
1965	10
1965	10
1965	10
1965	10
1965	9
1965	9
1965	9
1965	9
1965	8
1965	8
1965	8
1965	8
1965	8
1965	8
1965	8
1965	7
1965	6
1965	6
1965	6
1965	6
1965	6
1965	6
1965	6
1965	5
1965	5
1965	5
1965	5
1965	5
1965	4
1965	4
1965	4
1965	4
1965	3
1965	3
1965	3
1965	3
1965	3
1965	2
1965	2
1965	2
1965	2
1965	2
1965	2
1965	1
1965	1
1965	1
1965	1
1965	1
1966	462
1966	402
1966	328
1966	321
1966	321
1966	313
1966	300
1966	274
1966	237
1966	234
1966	229
1966	195
1966	178
1966	176
1966	156
1966	156
1966	140
1966	139
1966	136
1966	131
1966	125
1966	121
1966	116
1966	115
1966	114
1966	113
1966	111
1966	105
1966	104
1966	95
1966	88
1966	86
1966	83
1966	83
1966	80
1966	77
1966	76
1966	74
1966	74
1966	70
1966	63
1966	61
1966	59
1966	55
1966	50
1966	47
1966	46
1966	44
1966	42
1966	40
1966	39
1966	39
1966	37
1966	35
1966	34
1966	32
1966	30
1966	29
1966	29
1966	29
1966	27
1966	25
1966	23
1966	22
1966	22
1966	22
1966	21
1966	17
1966	16
1966	16
1966	16
1966	15
1966	14
1966	13
1966	13
1966	12
1966	11
1966	11
1966	11
1966	10
1966	10
1966	10
1966	9
1966	9
1966	9
1966	9
1966	9
1966	9
1966	9
1966	8
1966	8
1966	8
1966	7
1966	7
1966	6
1966	6
1966	6
1966	6
1966	4
1966	4
1966	4
1966	4
1966	4
1966	4
1966	3
1966	3
1966	3
1966	3
1966	3
1966	3
1966	2
1966	2
1966	2
1966	2
1966	2
1966	2
1966	2
1966	2
1966	1
1966	1
1966	1
1966	1
1966	1
1967	469
1967	408
1967	357
1967	335
1967	325
1967	323
1967	300
1967	269
1967	255
1967	237
1967	236
1967	193
1967	178
1967	176
1967	159
1967	144
1967	142
1967	136
1967	131
1967	125
1967	121
1967	121
1967	120
1967	118
1967	115
1967	115
1967	114
1967	113
1967	109
1967	102
1967	85
1967	85
1967	85
1967	78
1967	78
1967	76
1967	75
1967	73
1967	72
1967	72
1967	71
1967	63
1967	55
1967	55
1967	54
1967	52
1967	50
1967	47
1967	46
1967	45
1967	44
1967	42
1967	39
1967	39
1967	35
1967	34
1967	33
1967	33
1967	30
1967	30
1967	28
1967	28
1967	27
1967	25
1967	24
1967	23
1967	23
1967	21
1967	20
1967	20
1967	19
1967	15
1967	15
1967	15
1967	14
1967	14
1967	13
1967	13
1967	11
1967	11
1967	11
1967	11
1967	10
1967	10
1967	10
1967	9
1967	9
1967	9
1967	8
1967	8
1967	8
1967	8
1967	7
1967	7
1967	7
1967	7
1967	7
1967	6
1967	6
1967	6
1967	5
1967	4
1967	4
1967	4
1967	4
1967	4
1967	3
1967	3
1967	3
1967	3
1967	3
1967	3
1967	3
1967	2
1967	2
1967	2
1967	2
1967	2
1967	1
1967	1
1967	1
1967	1
1967	1
1967	1
1968	470
1968	406
1968	365
1968	347
1968	341
1968	331
1968	297
1968	272
1968	270
1968	244
1968	237
1968	198
1968	178
1968	171
1968	168
1968	168
1968	144
1968	143
1968	137
1968	127
1968	126
1968	125
1968	123
1968	110
1968	108
1968	107
1968	103
1968	103
1968	100
1968	99
1968	87
1968	82
1968	80
1968	80
1968	74
1968	73
1968	73
1968	71
1968	63
1968	60
1968	57
1968	56
1968	56
1968	53
1968	50
1968	46
1968	41
1968	41
1968	38
1968	36
1968	36
1968	34
1968	33
1968	32
1968	31
1968	31
1968	30
1968	26
1968	26
1968	26
1968	25
1968	25
1968	24
1968	24
1968	22
1968	21
1968	20
1968	20
1968	18
1968	17
1968	16
1968	16
1968	16
1968	14
1968	13
1968	13
1968	13
1968	13
1968	11
1968	10
1968	10
1968	10
1968	9
1968	9
1968	8
1968	8
1968	8
1968	8
1968	8
1968	8
1968	8
1968	8
1968	8
1968	7
1968	7
1968	7
1968	6
1968	6
1968	6
1968	5
1968	5
1968	4
1968	4
1968	4
1968	4
1968	4
1968	4
1968	3
1968	3
1968	3
1968	3
1968	3
1968	3
1968	2
1968	2
1968	2
1968	2
1968	1
1968	1
1968	1
1968	1
1968	1
1968	1
1969	462
1969	400
1969	353
1969	349
1969	342
1969	332
1969	312
1969	272
1969	257
1969	238
1969	232
1969	188
1969	178
1969	176
1969	166
1969	151
1969	150
1969	140
1969	134
1969	130
1969	128
1969	125
1969	123
1969	122
1969	119
1969	113
1969	110
1969	109
1969	95
1969	90
1969	89
1969	88
1969	85
1969	81
1969	80
1969	75
1969	73
1969	72
1969	67
1969	67
1969	65
1969	65
1969	53
1969	52
1969	51
1969	51
1969	50
1969	48
1969	43
1969	43
1969	41
1969	35
1969	34
1969	34
1969	34
1969	32
1969	32
1969	29
1969	29
1969	27
1969	26
1969	25
1969	25
1969	24
1969	23
1969	23
1969	21
1969	20
1969	20
1969	20
1969	17
1969	17
1969	14
1969	14
1969	13
1969	13
1969	11
1969	10
1969	10
1969	10
1969	9
1969	9
1969	8
1969	8
1969	8
1969	8
1969	8
1969	8
1969	8
1969	8
1969	8
1969	8
1969	8
1969	7
1969	7
1969	7
1969	7
1969	7
1969	6
1969	6
1969	5
1969	4
1969	4
1969	4
1969	4
1969	4
1969	3
1969	3
1969	3
1969	3
1969	3
1969	3
1969	3
1969	2
1969	2
1969	2
1969	2
1969	2
1969	2
1969	1
1969	1
1969	1
1969	1
1969	1
1970	486
1970	369
1970	338
1970	336
1970	334
1970	323
1970	312
1970	270
1970	245
1970	238
1970	237
1970	188
1970	186
1970	170
1970	168
1970	142
1970	140
1970	134
1970	133
1970	133
1970	132
1970	128
1970	118
1970	117
1970	109
1970	108
1970	102
1970	95
1970	93
1970	92
1970	90
1970	88
1970	85
1970	80
1970	77
1970	77
1970	72
1970	72
1970	63
1970	60
1970	54
1970	54
1970	54
1970	54
1970	50
1970	46
1970	41
1970	41
1970	39
1970	39
1970	39
1970	36
1970	34
1970	34
1970	32
1970	32
1970	31
1970	28
1970	27
1970	26
1970	25
1970	24
1970	24
1970	23
1970	22
1970	22
1970	22
1970	20
1970	19
1970	18
1970	17
1970	17
1970	15
1970	14
1970	14
1970	13
1970	13
1970	11
1970	10
1970	10
1970	9
1970	9
1970	9
1970	9
1970	9
1970	9
1970	8
1970	8
1970	8
1970	8
1970	8
1970	8
1970	7
1970	7
1970	7
1970	7
1970	7
1970	6
1970	5
1970	5
1970	5
1970	4
1970	4
1970	4
1970	4
1970	3
1970	3
1970	3
1970	3
1970	3
1970	3
1970	3
1970	2
1970	2
1970	2
1970	2
1970	2
1970	1
1970	1
1970	1
1970	1
1970	1
1971	474
1971	380
1971	337
1971	337
1971	308
1971	300
1971	299
1971	264
1971	236
1971	234
1971	216
1971	212
1971	190
1971	188
1971	187
1971	164
1971	146
1971	144
1971	143
1971	143
1971	130
1971	128
1971	118
1971	118
1971	118
1971	108
1971	108
1971	93
1971	92
1971	89
1971	88
1971	86
1971	80
1971	78
1971	71
1971	70
1971	69
1971	63
1971	61
1971	61
1971	56
1971	49
1971	49
1971	47
1971	47
1971	45
1971	44
1971	43
1971	42
1971	41
1971	40
1971	38
1971	35
1971	35
1971	34
1971	34
1971	28
1971	28
1971	28
1971	27
1971	26
1971	25
1971	24
1971	24
1971	22
1971	22
1971	21
1971	20
1971	19
1971	19
1971	19
1971	18
1971	18
1971	17
1971	16
1971	14
1971	14
1971	13
1971	13
1971	12
1971	11
1971	11
1971	11
1971	9
1971	9
1971	9
1971	9
1971	9
1971	8
1971	8
1971	8
1971	8
1971	8
1971	8
1971	8
1971	7
1971	6
1971	6
1971	6
1971	6
1971	5
1971	5
1971	4
1971	4
1971	4
1971	4
1971	4
1971	3
1971	3
1971	3
1971	3
1971	3
1971	3
1971	3
1971	3
1971	3
1971	2
1971	2
1971	1
1971	1
1971	1
1971	1
1971	1
1972	468
1972	370
1972	345
1972	332
1972	326
1972	319
1972	301
1972	299
1972	259
1972	230
1972	226
1972	197
1972	184
1972	184
1972	167
1972	162
1972	142
1972	140
1972	137
1972	136
1972	129
1972	123
1972	120
1972	117
1972	113
1972	113
1972	105
1972	91
1972	84
1972	83
1972	83
1972	82
1972	79
1972	78
1972	74
1972	71
1972	69
1972	63
1972	61
1972	55
1972	54
1972	53
1972	49
1972	45
1972	45
1972	44
1972	41
1972	40
1972	39
1972	37
1972	36
1972	36
1972	34
1972	34
1972	33
1972	32
1972	30
1972	29
1972	28
1972	27
1972	25
1972	24
1972	24
1972	24
1972	24
1972	22
1972	21
1972	19
1972	17
1972	17
1972	16
1972	16
1972	15
1972	15
1972	13
1972	13
1972	13
1972	12
1972	12
1972	12
1972	11
1972	10
1972	9
1972	9
1972	9
1972	9
1972	8
1972	8
1972	8
1972	8
1972	8
1972	8
1972	8
1972	8
1972	8
1972	7
1972	7
1972	7
1972	6
1972	6
1972	5
1972	5
1972	5
1972	5
1972	4
1972	3
1972	3
1972	3
1972	3
1972	3
1972	3
1972	3
1972	3
1972	3
1972	3
1972	2
1972	2
1972	2
1972	2
1972	1
1972	1
1972	1
1972	1
1973	458
1973	400
1973	349
1973	331
1973	316
1973	312
1973	305
1973	261
1973	259
1973	223
1973	207
1973	201
1973	200
1973	181
1973	163
1973	144
1973	142
1973	140
1973	139
1973	131
1973	129
1973	120
1973	119
1973	115
1973	114
1973	106
1973	103
1973	99
1973	94
1973	85
1973	79
1973	73
1973	70
1973	70
1973	69
1973	68
1973	68
1973	66
1973	60
1973	59
1973	57
1973	55
1973	46
1973	46
1973	45
1973	45
1973	43
1973	43
1973	42
1973	42
1973	36
1973	35
1973	34
1973	33
1973	31
1973	29
1973	29
1973	28
1973	28
1973	28
1973	25
1973	25
1973	24
1973	24
1973	23
1973	22
1973	22
1973	22
1973	20
1973	20
1973	18
1973	16
1973	16
1973	14
1973	13
1973	13
1973	13
1973	12
1973	12
1973	12
1973	12
1973	11
1973	11
1973	10
1973	9
1973	9
1973	9
1973	9
1973	9
1973	9
1973	8
1973	8
1973	8
1973	8
1973	7
1973	7
1973	7
1973	7
1973	7
1973	6
1973	6
1973	6
1973	5
1973	5
1973	5
1973	5
1973	5
1973	4
1973	4
1973	4
1973	4
1973	3
1973	3
1973	3
1973	2
1973	2
1973	2
1973	2
1973	2
1973	1
1973	1
1973	1
1973	1
1973	1
1974	453
1974	429
1974	329
1974	329
1974	324
1974	308
1974	302
1974	249
1974	235
1974	218
1974	218
1974	209
1974	193
1974	176
1974	161
1974	155
1974	149
1974	147
1974	143
1974	143
1974	138
1974	133
1974	121
1974	121
1974	119
1974	115
1974	110
1974	97
1974	82
1974	78
1974	77
1974	73
1974	69
1974	69
1974	68
1974	65
1974	65
1974	61
1974	61
1974	60
1974	57
1974	56
1974	55
1974	52
1974	51
1974	43
1974	42
1974	41
1974	40
1974	40
1974	39
1974	38
1974	36
1974	36
1974	32
1974	32
1974	31
1974	30
1974	29
1974	28
1974	26
1974	26
1974	26
1974	24
1974	23
1974	23
1974	22
1974	22
1974	20
1974	19
1974	18
1974	17
1974	17
1974	17
1974	16
1974	16
1974	14
1974	13
1974	13
1974	13
1974	13
1974	13
1974	12
1974	12
1974	12
1974	11
1974	11
1974	11
1974	11
1974	10
1974	10
1974	9
1974	8
1974	8
1974	8
1974	8
1974	7
1974	7
1974	7
1974	6
1974	6
1974	6
1974	5
1974	5
1974	5
1974	4
1974	4
1974	4
1974	4
1974	4
1974	4
1974	3
1974	3
1974	3
1974	2
1974	2
1974	2
1974	2
1974	1
1974	1
1974	1
1974	1
1974	1
1974	1
1974	1
1975	437
1975	424
1975	335
1975	332
1975	331
1975	311
1975	305
1975	270
1975	267
1975	251
1975	225
1975	222
1975	213
1975	193
1975	173
1975	160
1975	158
1975	142
1975	141
1975	140
1975	140
1975	137
1975	134
1975	132
1975	120
1975	105
1975	100
1975	92
1975	90
1975	75
1975	74
1975	72
1975	69
1975	68
1975	68
1975	68
1975	65
1975	64
1975	59
1975	54
1975	54
1975	54
1975	51
1975	50
1975	44
1975	41
1975	40
1975	38
1975	37
1975	37
1975	37
1975	36
1975	33
1975	32
1975	32
1975	32
1975	31
1975	30
1975	29
1975	29
1975	28
1975	28
1975	26
1975	25
1975	25
1975	23
1975	23
1975	23
1975	22
1975	21
1975	20
1975	20
1975	18
1975	18
1975	17
1975	15
1975	15
1975	14
1975	13
1975	13
1975	12
1975	11
1975	11
1975	11
1975	11
1975	10
1975	9
1975	9
1975	9
1975	9
1975	8
1975	8
1975	8
1975	7
1975	7
1975	7
1975	7
1975	7
1975	6
1975	6
1975	5
1975	5
1975	5
1975	4
1975	4
1975	4
1975	4
1975	4
1975	4
1975	4
1975	4
1975	3
1975	3
1975	3
1975	3
1975	2
1975	2
1975	2
1975	2
1975	2
1975	1
1975	1
1975	1
1975	1
1975	1
1976	429
1976	414
1976	357
1976	336
1976	334
1976	297
1976	292
1976	270
1976	266
1976	251
1976	213
1976	209
1976	209
1976	195
1976	169
1976	156
1976	148
1976	143
1976	136
1976	135
1976	135
1976	132
1976	124
1976	120
1976	118
1976	115
1976	109
1976	99
1976	92
1976	88
1976	85
1976	84
1976	73
1976	72
1976	72
1976	69
1976	68
1976	67
1976	66
1976	63
1976	60
1976	52
1976	51
1976	49
1976	48
1976	45
1976	41
1976	41
1976	39
1976	38
1976	37
1976	37
1976	35
1976	35
1976	34
1976	32
1976	32
1976	30
1976	29
1976	27
1976	27
1976	27
1976	26
1976	25
1976	25
1976	24
1976	23
1976	22
1976	21
1976	20
1976	20
1976	20
1976	18
1976	18
1976	18
1976	17
1976	16
1976	16
1976	12
1976	12
1976	12
1976	11
1976	11
1976	11
1976	10
1976	9
1976	9
1976	9
1976	9
1976	8
1976	8
1976	8
1976	8
1976	7
1976	7
1976	7
1976	7
1976	7
1976	7
1976	6
1976	5
1976	5
1976	5
1976	5
1976	5
1976	5
1976	4
1976	4
1976	4
1976	4
1976	4
1976	4
1976	4
1976	4
1976	3
1976	3
1976	3
1976	3
1976	2
1976	1
1976	1
1976	1
1976	1
1976	1
1976	1
1976	1
1977	462
1977	423
1977	380
1977	348
1977	336
1977	302
1977	283
1977	265
1977	221
1977	216
1977	204
1977	203
1977	201
1977	174
1977	172
1977	158
1977	154
1977	140
1977	133
1977	131
1977	123
1977	121
1977	116
1977	112
1977	109
1977	106
1977	104
1977	97
1977	91
1977	82
1977	79
1977	79
1977	75
1977	73
1977	73
1977	68
1977	64
1977	63
1977	63
1977	63
1977	57
1977	56
1977	54
1977	54
1977	52
1977	43
1977	43
1977	39
1977	36
1977	35
1977	35
1977	35
1977	35
1977	34
1977	33
1977	32
1977	31
1977	30
1977	30
1977	29
1977	29
1977	28
1977	26
1977	25
1977	25
1977	22
1977	22
1977	22
1977	21
1977	21
1977	20
1977	20
1977	19
1977	18
1977	18
1977	18
1977	18
1977	17
1977	16
1977	12
1977	12
1977	12
1977	12
1977	12
1977	12
1977	11
1977	11
1977	10
1977	10
1977	9
1977	8
1977	8
1977	8
1977	8
1977	7
1977	7
1977	7
1977	7
1977	6
1977	6
1977	6
1977	5
1977	5
1977	5
1977	5
1977	5
1977	5
1977	5
1977	5
1977	4
1977	4
1977	4
1977	4
1977	3
1977	2
1977	2
1977	2
1977	2
1977	2
1977	2
1977	1
1977	1
1977	1
1977	1
1977	1
1978	439
1978	438
1978	386
1978	338
1978	336
1978	324
1978	279
1978	259
1978	246
1978	222
1978	200
1978	193
1978	181
1978	181
1978	159
1978	159
1978	152
1978	142
1978	136
1978	131
1978	125
1978	125
1978	118
1978	118
1978	110
1978	110
1978	104
1978	103
1978	102
1978	101
1978	84
1978	76
1978	75
1978	71
1978	68
1978	68
1978	67
1978	66
1978	63
1978	63
1978	62
1978	60
1978	56
1978	55
1978	52
1978	48
1978	45
1978	38
1978	37
1978	35
1978	35
1978	35
1978	35
1978	32
1978	32
1978	31
1978	31
1978	31
1978	31
1978	29
1978	29
1978	29
1978	27
1978	26
1978	26
1978	25
1978	24
1978	24
1978	22
1978	21
1978	20
1978	20
1978	18
1978	17
1978	17
1978	17
1978	16
1978	16
1978	15
1978	14
1978	13
1978	13
1978	13
1978	13
1978	12
1978	12
1978	12
1978	11
1978	10
1978	10
1978	9
1978	8
1978	8
1978	8
1978	8
1978	8
1978	8
1978	7
1978	7
1978	7
1978	6
1978	6
1978	6
1978	6
1978	6
1978	6
1978	5
1978	5
1978	4
1978	4
1978	4
1978	4
1978	4
1978	3
1978	3
1978	3
1978	3
1978	2
1978	2
1978	2
1978	2
1978	1
1978	1
1978	1
1978	1
1979	449
1979	441
1979	382
1979	337
1979	335
1979	325
1979	284
1979	278
1979	256
1979	253
1979	231
1979	196
1979	194
1979	187
1979	174
1979	158
1979	152
1979	149
1979	148
1979	130
1979	127
1979	122
1979	119
1979	117
1979	110
1979	101
1979	96
1979	88
1979	84
1979	82
1979	77
1979	76
1979	75
1979	75
1979	74
1979	74
1979	71
1979	69
1979	62
1979	62
1979	61
1979	59
1979	57
1979	53
1979	52
1979	50
1979	43
1979	41
1979	40
1979	36
1979	36
1979	36
1979	35
1979	33
1979	33
1979	32
1979	31
1979	30
1979	30
1979	30
1979	29
1979	28
1979	27
1979	26
1979	26
1979	26
1979	25
1979	25
1979	21
1979	21
1979	18
1979	18
1979	17
1979	17
1979	17
1979	17
1979	16
1979	15
1979	14
1979	13
1979	13
1979	13
1979	12
1979	11
1979	11
1979	10
1979	10
1979	10
1979	9
1979	9
1979	9
1979	9
1979	8
1979	8
1979	8
1979	8
1979	8
1979	7
1979	7
1979	7
1979	7
1979	7
1979	6
1979	6
1979	6
1979	6
1979	6
1979	6
1979	5
1979	5
1979	5
1979	4
1979	4
1979	4
1979	4
1979	3
1979	3
1979	3
1979	3
1979	2
1979	2
1979	2
1979	2
1979	2
1979	2
1979	1
1979	1
1979	1
1980	446
1980	437
1980	384
1980	330
1980	329
1980	312
1980	283
1980	260
1980	254
1980	237
1980	231
1980	220
1980	207
1980	192
1980	174
1980	167
1980	165
1980	156
1980	141
1980	133
1980	129
1980	124
1980	122
1980	118
1980	111
1980	99
1980	99
1980	98
1980	95
1980	93
1980	87
1980	86
1980	84
1980	73
1980	73
1980	70
1980	68
1980	63
1980	62
1980	61
1980	61
1980	61
1980	60
1980	59
1980	55
1980	53
1980	50
1980	44
1980	41
1980	40
1980	40
1980	40
1980	39
1980	38
1980	38
1980	37
1980	35
1980	34
1980	32
1980	32
1980	31
1980	31
1980	30
1980	30
1980	23
1980	23
1980	22
1980	22
1980	22
1980	22
1980	21
1980	21
1980	20
1980	19
1980	19
1980	18
1980	17
1980	16
1980	16
1980	15
1980	14
1980	13
1980	13
1980	13
1980	13
1980	12
1980	11
1980	10
1980	10
1980	9
1980	9
1980	9
1980	9
1980	9
1980	9
1980	8
1980	8
1980	8
1980	7
1980	7
1980	7
1980	6
1980	6
1980	6
1980	6
1980	6
1980	6
1980	5
1980	5
1980	5
1980	5
1980	5
1980	4
1980	4
1980	4
1980	4
1980	4
1980	4
1980	4
1980	3
1980	3
1980	3
1980	2
1980	2
1980	2
1980	2
1980	2
1980	1
1980	1
1981	451
1981	435
1981	364
1981	332
1981	327
1981	321
1981	314
1981	313
1981	266
1981	261
1981	236
1981	230
1981	180
1981	177
1981	176
1981	152
1981	146
1981	139
1981	135
1981	124
1981	122
1981	112
1981	111
1981	110
1981	107
1981	98
1981	95
1981	88
1981	86
1981	85
1981	83
1981	79
1981	77
1981	77
1981	72
1981	67
1981	64
1981	63
1981	63
1981	62
1981	61
1981	61
1981	60
1981	52
1981	51
1981	49
1981	48
1981	43
1981	42
1981	40
1981	40
1981	38
1981	38
1981	37
1981	35
1981	34
1981	34
1981	33
1981	32
1981	30
1981	29
1981	29
1981	26
1981	25
1981	23
1981	23
1981	22
1981	22
1981	21
1981	21
1981	20
1981	20
1981	20
1981	19
1981	18
1981	18
1981	18
1981	18
1981	17
1981	15
1981	14
1981	13
1981	13
1981	13
1981	12
1981	12
1981	12
1981	12
1981	10
1981	10
1981	10
1981	9
1981	9
1981	9
1981	9
1981	9
1981	9
1981	9
1981	8
1981	8
1981	8
1981	7
1981	6
1981	6
1981	6
1981	6
1981	6
1981	5
1981	5
1981	5
1981	5
1981	5
1981	5
1981	4
1981	4
1981	4
1981	4
1981	3
1981	3
1981	3
1981	3
1981	3
1981	2
1981	2
1981	2
1981	2
1981	1
1981	1
1981	1
1982	437
1982	419
1982	383
1982	353
1982	332
1982	325
1982	313
1982	311
1982	254
1982	235
1982	230
1982	197
1982	197
1982	184
1982	181
1982	150
1982	138
1982	138
1982	133
1982	117
1982	116
1982	115
1982	112
1982	107
1982	97
1982	94
1982	88
1982	87
1982	82
1982	82
1982	81
1982	81
1982	76
1982	72
1982	70
1982	70
1982	66
1982	66
1982	63
1982	61
1982	59
1982	57
1982	54
1982	47
1982	46
1982	45
1982	44
1982	43
1982	42
1982	41
1982	40
1982	39
1982	38
1982	37
1982	35
1982	35
1982	34
1982	33
1982	33
1982	31
1982	29
1982	29
1982	28
1982	27
1982	26
1982	26
1982	26
1982	26
1982	26
1982	26
1982	23
1982	23
1982	23
1982	22
1982	20
1982	20
1982	19
1982	18
1982	17
1982	16
1982	15
1982	15
1982	14
1982	14
1982	13
1982	13
1982	12
1982	12
1982	11
1982	11
1982	11
1982	10
1982	10
1982	10
1982	9
1982	9
1982	9
1982	8
1982	8
1982	7
1982	7
1982	7
1982	7
1982	7
1982	7
1982	6
1982	6
1982	6
1982	6
1982	6
1982	6
1982	4
1982	4
1982	4
1982	4
1982	4
1982	4
1982	4
1982	3
1982	3
1982	3
1982	3
1982	2
1982	2
1982	1
1982	1
1982	1
1982	1
1982	1
1983	455
1983	435
1983	359
1983	339
1983	303
1983	297
1983	297
1983	277
1983	264
1983	261
1983	239
1983	238
1983	194
1983	182
1983	175
1983	150
1983	141
1983	136
1983	134
1983	125
1983	117
1983	113
1983	111
1983	102
1983	99
1983	92
1983	89
1983	87
1983	81
1983	81
1983	80
1983	79
1983	78
1983	77
1983	77
1983	76
1983	69
1983	68
1983	67
1983	61
1983	61
1983	58
1983	57
1983	55
1983	48
1983	45
1983	44
1983	44
1983	40
1983	40
1983	39
1983	39
1983	37
1983	37
1983	36
1983	36
1983	35
1983	35
1983	35
1983	34
1983	33
1983	33
1983	33
1983	31
1983	30
1983	26
1983	26
1983	26
1983	25
1983	25
1983	24
1983	23
1983	23
1983	21
1983	20
1983	19
1983	18
1983	18
1983	18
1983	17
1983	17
1983	15
1983	15
1983	14
1983	14
1983	14
1983	14
1983	13
1983	13
1983	12
1983	12
1983	12
1983	10
1983	10
1983	10
1983	10
1983	9
1983	9
1983	9
1983	9
1983	8
1983	8
1983	8
1983	8
1983	7
1983	7
1983	7
1983	7
1983	7
1983	6
1983	6
1983	6
1983	6
1983	5
1983	4
1983	4
1983	4
1983	4
1983	3
1983	2
1983	2
1983	2
1983	2
1983	1
1983	1
1983	1
1983	1
1983	1
1983	1
1983	1
1984	427
1984	420
1984	361
1984	340
1984	306
1984	287
1984	279
1984	259
1984	259
1984	249
1984	244
1984	209
1984	183
1984	174
1984	165
1984	155
1984	148
1984	140
1984	135
1984	126
1984	118
1984	113
1984	110
1984	108
1984	98
1984	97
1984	91
1984	90
1984	90
1984	87
1984	85
1984	79
1984	77
1984	75
1984	73
1984	72
1984	71
1984	71
1984	70
1984	68
1984	65
1984	61
1984	58
1984	55
1984	49
1984	46
1984	45
1984	44
1984	44
1984	43
1984	43
1984	42
1984	42
1984	42
1984	38
1984	37
1984	36
1984	34
1984	34
1984	33
1984	33
1984	33
1984	31
1984	30
1984	28
1984	27
1984	27
1984	26
1984	24
1984	24
1984	24
1984	23
1984	22
1984	22
1984	19
1984	19
1984	18
1984	18
1984	18
1984	17
1984	17
1984	16
1984	15
1984	14
1984	14
1984	14
1984	13
1984	13
1984	13
1984	11
1984	11
1984	11
1984	10
1984	10
1984	9
1984	9
1984	9
1984	8
1984	8
1984	8
1984	8
1984	8
1984	8
1984	7
1984	7
1984	7
1984	7
1984	7
1984	6
1984	6
1984	6
1984	6
1984	4
1984	4
1984	4
1984	4
1984	4
1984	3
1984	3
1984	3
1984	3
1984	3
1984	2
1984	2
1984	1
1984	1
1984	1
1984	1
1984	1
1984	1
1985	431
1985	422
1985	377
1985	350
1985	336
1985	306
1985	302
1985	285
1985	265
1985	242
1985	221
1985	214
1985	184
1985	171
1985	167
1985	166
1985	166
1985	165
1985	153
1985	145
1985	140
1985	134
1985	131
1985	129
1985	112
1985	101
1985	93
1985	91
1985	87
1985	86
1985	85
1985	80
1985	80
1985	78
1985	78
1985	75
1985	71
1985	68
1985	68
1985	66
1985	64
1985	62
1985	58
1985	56
1985	56
1985	54
1985	54
1985	51
1985	50
1985	45
1985	43
1985	43
1985	42
1985	42
1985	39
1985	39
1985	38
1985	38
1985	37
1985	37
1985	35
1985	34
1985	34
1985	33
1985	33
1985	32
1985	31
1985	29
1985	29
1985	27
1985	26
1985	25
1985	24
1985	24
1985	23
1985	23
1985	22
1985	20
1985	19
1985	19
1985	18
1985	17
1985	17
1985	15
1985	14
1985	13
1985	13
1985	13
1985	12
1985	12
1985	12
1985	10
1985	10
1985	9
1985	9
1985	9
1985	9
1985	9
1985	9
1985	8
1985	8
1985	8
1985	8
1985	8
1985	7
1985	6
1985	6
1985	6
1985	6
1985	6
1985	6
1985	5
1985	4
1985	4
1985	4
1985	4
1985	3
1985	3
1985	3
1985	3
1985	2
1985	2
1985	2
1985	2
1985	2
1985	2
1985	2
1985	2
1985	1
1985	1
1985	1
1986	423
1986	413
1986	395
1986	359
1986	342
1986	336
1986	297
1986	276
1986	263
1986	239
1986	233
1986	204
1986	199
1986	183
1986	168
1986	167
1986	155
1986	141
1986	139
1986	134
1986	123
1986	119
1986	113
1986	108
1986	107
1986	107
1986	103
1986	99
1986	92
1986	90
1986	85
1986	81
1986	78
1986	78
1986	77
1986	76
1986	73
1986	73
1986	69
1986	69
1986	65
1986	63
1986	63
1986	62
1986	62
1986	58
1986	52
1986	50
1986	49
1986	49
1986	48
1986	46
1986	46
1986	45
1986	45
1986	41
1986	40
1986	40
1986	40
1986	40
1986	40
1986	39
1986	37
1986	36
1986	34
1986	34
1986	34
1986	33
1986	30
1986	30
1986	28
1986	27
1986	26
1986	26
1986	26
1986	25
1986	21
1986	21
1986	19
1986	19
1986	18
1986	18
1986	15
1986	13
1986	13
1986	13
1986	12
1986	12
1986	12
1986	11
1986	10
1986	10
1986	10
1986	10
1986	10
1986	10
1986	9
1986	9
1986	9
1986	9
1986	9
1986	9
1986	8
1986	8
1986	8
1986	8
1986	8
1986	8
1986	7
1986	7
1986	7
1986	6
1986	5
1986	4
1986	4
1986	4
1986	4
1986	4
1986	3
1986	3
1986	2
1986	2
1986	2
1986	2
1986	1
1986	1
1986	1
1986	1
1986	1
1986	1
1987	426
1987	416
1987	410
1987	358
1987	330
1987	315
1987	291
1987	277
1987	266
1987	262
1987	224
1987	217
1987	189
1987	181
1987	180
1987	163
1987	158
1987	142
1987	142
1987	139
1987	119
1987	106
1987	98
1987	95
1987	94
1987	91
1987	91
1987	88
1987	86
1987	85
1987	84
1987	83
1987	83
1987	81
1987	80
1987	80
1987	78
1987	76
1987	74
1987	68
1987	65
1987	65
1987	64
1987	61
1987	55
1987	55
1987	53
1987	51
1987	48
1987	46
1987	46
1987	46
1987	45
1987	45
1987	44
1987	41
1987	40
1987	39
1987	39
1987	37
1987	36
1987	35
1987	34
1987	34
1987	34
1987	33
1987	32
1987	31
1987	28
1987	27
1987	27
1987	26
1987	26
1987	24
1987	24
1987	22
1987	21
1987	18
1987	17
1987	16
1987	15
1987	15
1987	14
1987	14
1987	14
1987	13
1987	13
1987	12
1987	11
1987	10
1987	10
1987	10
1987	10
1987	10
1987	10
1987	9
1987	9
1987	9
1987	9
1987	9
1987	9
1987	9
1987	8
1987	8
1987	8
1987	8
1987	8
1987	8
1987	7
1987	7
1987	7
1987	6
1987	5
1987	5
1987	5
1987	4
1987	4
1987	4
1987	4
1987	4
1987	3
1987	3
1987	3
1987	2
1987	2
1987	2
1987	2
1987	2
1987	2
1987	1
1987	1
1987	1
1987	1
1988	439
1988	423
1988	380
1988	369
1988	344
1988	312
1988	273
1988	262
1988	260
1988	253
1988	232
1988	230
1988	194
1988	168
1988	153
1988	147
1988	143
1988	139
1988	134
1988	133
1988	129
1988	125
1988	121
1988	117
1988	109
1988	102
1988	89
1988	83
1988	83
1988	83
1988	82
1988	81
1988	80
1988	79
1988	78
1988	76
1988	76
1988	74
1988	71
1988	70
1988	65
1988	61
1988	61
1988	58
1988	54
1988	51
1988	50
1988	49
1988	49
1988	48
1988	48
1988	46
1988	46
1988	44
1988	41
1988	41
1988	41
1988	40
1988	40
1988	38
1988	37
1988	36
1988	36
1988	35
1988	35
1988	33
1988	32
1988	31
1988	30
1988	29
1988	27
1988	27
1988	24
1988	24
1988	23
1988	22
1988	22
1988	21
1988	20
1988	19
1988	19
1988	18
1988	15
1988	14
1988	14
1988	14
1988	14
1988	13
1988	12
1988	11
1988	11
1988	10
1988	10
1988	10
1988	10
1988	10
1988	9
1988	9
1988	9
1988	8
1988	8
1988	8
1988	8
1988	7
1988	7
1988	7
1988	7
1988	7
1988	6
1988	6
1988	6
1988	5
1988	5
1988	5
1988	5
1988	4
1988	4
1988	4
1988	4
1988	3
1988	2
1988	2
1988	2
1988	2
1988	2
1988	2
1988	1
1988	1
1988	1
1988	1
1988	1
1988	1
1989	415
1989	413
1989	373
1989	365
1989	314
1989	307
1989	306
1989	265
1989	259
1989	258
1989	240
1989	237
1989	201
1989	177
1989	173
1989	168
1989	154
1989	153
1989	144
1989	123
1989	117
1989	115
1989	114
1989	114
1989	106
1989	105
1989	102
1989	93
1989	81
1989	80
1989	78
1989	77
1989	76
1989	74
1989	73
1989	71
1989	70
1989	70
1989	68
1989	67
1989	66
1989	65
1989	65
1989	60
1989	60
1989	59
1989	57
1989	57
1989	53
1989	53
1989	49
1989	48
1989	48
1989	48
1989	47
1989	45
1989	42
1989	41
1989	39
1989	39
1989	38
1989	37
1989	36
1989	36
1989	36
1989	35
1989	32
1989	30
1989	28
1989	27
1989	26
1989	26
1989	25
1989	24
1989	24
1989	23
1989	21
1989	21
1989	20
1989	18
1989	18
1989	18
1989	15
1989	13
1989	13
1989	13
1989	12
1989	12
1989	11
1989	11
1989	10
1989	10
1989	10
1989	9
1989	9
1989	9
1989	8
1989	8
1989	8
1989	8
1989	8
1989	8
1989	8
1989	7
1989	7
1989	7
1989	7
1989	7
1989	7
1989	6
1989	6
1989	5
1989	5
1989	5
1989	4
1989	4
1989	4
1989	4
1989	4
1989	3
1989	3
1989	3
1989	2
1989	2
1989	2
1989	2
1989	2
1989	2
1989	1
1989	1
1989	1
1989	1
1989	1
1990	398
1990	395
1990	364
1990	348
1990	327
1990	313
1990	295
1990	276
1990	242
1990	242
1990	217
1990	215
1990	206
1990	170
1990	155
1990	153
1990	149
1990	143
1990	138
1990	129
1990	116
1990	110
1990	107
1990	103
1990	97
1990	96
1990	95
1990	95
1990	95
1990	95
1990	91
1990	89
1990	88
1990	84
1990	83
1990	77
1990	77
1990	77
1990	75
1990	72
1990	69
1990	65
1990	64
1990	62
1990	62
1990	62
1990	59
1990	59
1990	56
1990	56
1990	53
1990	53
1990	53
1990	52
1990	48
1990	48
1990	48
1990	47
1990	45
1990	41
1990	41
1990	39
1990	39
1990	36
1990	36
1990	36
1990	35
1990	34
1990	33
1990	32
1990	28
1990	27
1990	26
1990	24
1990	21
1990	21
1990	20
1990	20
1990	19
1990	18
1990	17
1990	15
1990	14
1990	13
1990	12
1990	12
1990	12
1990	12
1990	11
1990	11
1990	11
1990	10
1990	10
1990	10
1990	9
1990	9
1990	8
1990	8
1990	8
1990	8
1990	8
1990	8
1990	8
1990	7
1990	7
1990	7
1990	7
1990	7
1990	7
1990	7
1990	6
1990	5
1990	5
1990	4
1990	4
1990	4
1990	4
1990	4
1990	4
1990	3
1990	3
1990	3
1990	3
1990	3
1990	2
1990	2
1990	2
1990	2
1990	1
1990	1
1990	1
1990	1
1990	1
1991	427
1991	388
1991	387
1991	353
1991	325
1991	313
1991	295
1991	271
1991	240
1991	238
1991	214
1991	211
1991	195
1991	161
1991	157
1991	156
1991	155
1991	148
1991	134
1991	125
1991	125
1991	123
1991	116
1991	114
1991	113
1991	110
1991	104
1991	103
1991	103
1991	102
1991	95
1991	94
1991	90
1991	87
1991	81
1991	79
1991	77
1991	76
1991	75
1991	75
1991	72
1991	69
1991	69
1991	68
1991	61
1991	59
1991	59
1991	58
1991	56
1991	56
1991	53
1991	51
1991	51
1991	49
1991	43
1991	42
1991	41
1991	40
1991	39
1991	38
1991	38
1991	37
1991	37
1991	37
1991	35
1991	33
1991	32
1991	30
1991	29
1991	27
1991	27
1991	27
1991	27
1991	21
1991	21
1991	21
1991	20
1991	17
1991	17
1991	16
1991	16
1991	14
1991	14
1991	13
1991	13
1991	13
1991	13
1991	12
1991	12
1991	12
1991	12
1991	11
1991	11
1991	10
1991	10
1991	9
1991	9
1991	8
1991	8
1991	8
1991	7
1991	7
1991	7
1991	7
1991	7
1991	7
1991	6
1991	6
1991	5
1991	5
1991	5
1991	5
1991	5
1991	4
1991	4
1991	4
1991	4
1991	4
1991	4
1991	3
1991	3
1991	2
1991	2
1991	2
1991	2
1991	2
1991	2
1991	2
1991	1
1991	1
1991	1
1991	1
1991	1
1992	394
1992	383
1992	356
1992	341
1992	322
1992	297
1992	294
1992	267
1992	257
1992	248
1992	236
1992	227
1992	226
1992	210
1992	158
1992	154
1992	154
1992	149
1992	143
1992	136
1992	136
1992	136
1992	120
1992	114
1992	112
1992	111
1992	110
1992	103
1992	98
1992	96
1992	95
1992	90
1992	85
1992	82
1992	80
1992	80
1992	79
1992	76
1992	75
1992	74
1992	73
1992	73
1992	72
1992	70
1992	70
1992	69
1992	64
1992	60
1992	58
1992	57
1992	57
1992	56
1992	53
1992	53
1992	50
1992	48
1992	48
1992	47
1992	46
1992	41
1992	41
1992	39
1992	38
1992	38
1992	38
1992	37
1992	34
1992	32
1992	32
1992	30
1992	30
1992	29
1992	28
1992	28
1992	25
1992	25
1992	23
1992	23
1992	23
1992	23
1992	22
1992	22
1992	20
1992	19
1992	17
1992	16
1992	16
1992	15
1992	15
1992	14
1992	14
1992	13
1992	12
1992	12
1992	12
1992	12
1992	12
1992	12
1992	12
1992	11
1992	10
1992	9
1992	9
1992	9
1992	9
1992	9
1992	8
1992	8
1992	8
1992	8
1992	7
1992	7
1992	7
1992	7
1992	6
1992	6
1992	6
1992	5
1992	5
1992	5
1992	5
1992	5
1992	5
1992	4
1992	4
1992	4
1992	4
1992	4
1992	4
1992	4
1992	3
1992	3
1992	3
1992	2
1992	2
1992	2
1992	2
1992	2
1992	2
1992	1
1992	1
1992	1
1992	1
1993	380
1993	366
1993	356
1993	339
1993	330
1993	317
1993	315
1993	259
1993	250
1993	234
1993	232
1993	232
1993	230
1993	204
1993	176
1993	176
1993	160
1993	159
1993	146
1993	144
1993	143
1993	134
1993	132
1993	118
1993	116
1993	112
1993	112
1993	103
1993	102
1993	101
1993	95
1993	90
1993	85
1993	85
1993	84
1993	82
1993	82
1993	81
1993	80
1993	79
1993	77
1993	74
1993	71
1993	70
1993	67
1993	65
1993	64
1993	63
1993	62
1993	60
1993	60
1993	59
1993	58
1993	58
1993	55
1993	51
1993	50
1993	46
1993	43
1993	43
1993	43
1993	40
1993	39
1993	39
1993	38
1993	37
1993	37
1993	37
1993	36
1993	35
1993	34
1993	33
1993	30
1993	28
1993	28
1993	28
1993	26
1993	26
1993	25
1993	25
1993	22
1993	22
1993	21
1993	21
1993	21
1993	21
1993	20
1993	19
1993	18
1993	17
1993	17
1993	16
1993	16
1993	15
1993	15
1993	15
1993	15
1993	14
1993	13
1993	13
1993	13
1993	12
1993	12
1993	10
1993	10
1993	9
1993	9
1993	9
1993	9
1993	9
1993	8
1993	8
1993	8
1993	8
1993	8
1993	8
1993	7
1993	7
1993	6
1993	6
1993	6
1993	6
1993	6
1993	6
1993	5
1993	5
1993	5
1993	4
1993	4
1993	4
1993	4
1993	3
1993	3
1993	2
1993	2
1993	2
1993	2
1993	2
1993	2
1993	1
1993	1
1993	1
1993	1
1993	1
1994	383
1994	381
1994	377
1994	332
1994	324
1994	309
1994	298
1994	255
1994	248
1994	248
1994	244
1994	232
1994	200
1994	197
1994	168
1994	166
1994	164
1994	156
1994	155
1994	143
1994	140
1994	140
1994	134
1994	117
1994	115
1994	112
1994	107
1994	106
1994	102
1994	100
1994	100
1994	97
1994	94
1994	93
1994	89
1994	88
1994	81
1994	80
1994	78
1994	76
1994	73
1994	70
1994	67
1994	66
1994	66
1994	65
1994	65
1994	65
1994	65
1994	61
1994	60
1994	59
1994	58
1994	58
1994	58
1994	56
1994	55
1994	54
1994	52
1994	46
1994	44
1994	43
1994	42
1994	40
1994	38
1994	37
1994	35
1994	35
1994	34
1994	33
1994	32
1994	30
1994	28
1994	28
1994	27
1994	24
1994	24
1994	24
1994	24
1994	23
1994	23
1994	23
1994	22
1994	22
1994	22
1994	22
1994	21
1994	21
1994	18
1994	17
1994	17
1994	17
1994	15
1994	15
1994	15
1994	13
1994	13
1994	12
1994	12
1994	12
1994	12
1994	12
1994	11
1994	11
1994	10
1994	10
1994	9
1994	9
1994	8
1994	8
1994	8
1994	8
1994	8
1994	8
1994	7
1994	7
1994	7
1994	7
1994	6
1994	6
1994	6
1994	6
1994	6
1994	6
1994	6
1994	5
1994	5
1994	5
1994	5
1994	5
1994	4
1994	4
1994	4
1994	3
1994	3
1994	2
1994	2
1994	2
1994	2
1994	2
1994	2
1994	2
1994	1
1994	1
1994	1
1994	1
1995	403
1995	393
1995	369
1995	348
1995	315
1995	304
1995	286
1995	258
1995	256
1995	251
1995	249
1995	221
1995	204
1995	197
1995	157
1995	154
1995	152
1995	149
1995	148
1995	133
1995	133
1995	127
1995	125
1995	124
1995	122
1995	112
1995	112
1995	112
1995	107
1995	105
1995	100
1995	99
1995	99
1995	95
1995	91
1995	90
1995	90
1995	89
1995	86
1995	78
1995	75
1995	75
1995	74
1995	70
1995	70
1995	64
1995	62
1995	62
1995	60
1995	59
1995	59
1995	58
1995	57
1995	56
1995	56
1995	53
1995	52
1995	52
1995	51
1995	48
1995	46
1995	43
1995	42
1995	40
1995	38
1995	38
1995	37
1995	35
1995	35
1995	33
1995	32
1995	31
1995	31
1995	31
1995	29
1995	28
1995	28
1995	27
1995	25
1995	23
1995	22
1995	21
1995	21
1995	21
1995	21
1995	20
1995	20
1995	19
1995	19
1995	18
1995	17
1995	17
1995	17
1995	16
1995	15
1995	15
1995	15
1995	14
1995	14
1995	13
1995	12
1995	12
1995	12
1995	11
1995	11
1995	11
1995	11
1995	10
1995	10
1995	10
1995	10
1995	9
1995	9
1995	9
1995	9
1995	9
1995	9
1995	7
1995	7
1995	7
1995	7
1995	7
1995	6
1995	6
1995	6
1995	6
1995	6
1995	6
1995	5
1995	5
1995	5
1995	5
1995	4
1995	4
1995	4
1995	3
1995	3
1995	2
1995	2
1995	2
1995	2
1995	2
1995	2
1995	2
1995	1
1995	1
1995	1
1995	1
1996	394
1996	383
1996	378
1996	348
1996	315
1996	305
1996	287
1996	253
1996	251
1996	250
1996	240
1996	230
1996	207
1996	180
1996	166
1996	165
1996	161
1996	156
1996	149
1996	148
1996	147
1996	134
1996	129
1996	121
1996	119
1996	112
1996	111
1996	109
1996	106
1996	105
1996	105
1996	103
1996	92
1996	90
1996	90
1996	86
1996	86
1996	85
1996	78
1996	75
1996	75
1996	74
1996	73
1996	73
1996	65
1996	61
1996	60
1996	60
1996	59
1996	58
1996	57
1996	55
1996	55
1996	53
1996	53
1996	51
1996	51
1996	50
1996	49
1996	49
1996	48
1996	45
1996	43
1996	42
1996	38
1996	37
1996	36
1996	35
1996	33
1996	31
1996	31
1996	29
1996	27
1996	27
1996	27
1996	25
1996	23
1996	23
1996	23
1996	22
1996	22
1996	22
1996	20
1996	19
1996	19
1996	19
1996	19
1996	18
1996	18
1996	18
1996	18
1996	17
1996	17
1996	16
1996	15
1996	15
1996	15
1996	14
1996	14
1996	14
1996	13
1996	13
1996	12
1996	12
1996	12
1996	11
1996	11
1996	10
1996	10
1996	10
1996	10
1996	10
1996	9
1996	9
1996	9
1996	9
1996	8
1996	7
1996	7
1996	7
1996	7
1996	7
1996	6
1996	6
1996	6
1996	6
1996	6
1996	6
1996	5
1996	5
1996	5
1996	5
1996	4
1996	4
1996	4
1996	3
1996	3
1996	3
1996	2
1996	2
1996	2
1996	2
1996	2
1996	2
1996	2
1996	1
1996	1
1996	1
1996	1
1997	391
1997	371
1997	365
1997	342
1997	309
1997	281
1997	280
1997	263
1997	256
1997	239
1997	228
1997	202
1997	201
1997	187
1997	181
1997	176
1997	158
1997	157
1997	154
1997	147
1997	132
1997	131
1997	131
1997	122
1997	121
1997	113
1997	111
1997	110
1997	108
1997	107
1997	107
1997	96
1997	95
1997	89
1997	87
1997	85
1997	85
1997	84
1997	81
1997	78
1997	77
1997	77
1997	73
1997	70
1997	68
1997	65
1997	65
1997	62
1997	61
1997	56
1997	54
1997	54
1997	53
1997	52
1997	51
1997	49
1997	49
1997	48
1997	46
1997	43
1997	43
1997	42
1997	38
1997	37
1997	37
1997	36
1997	33
1997	33
1997	31
1997	31
1997	31
1997	30
1997	29
1997	29
1997	29
1997	29
1997	28
1997	28
1997	27
1997	27
1997	24
1997	23
1997	22
1997	21
1997	19
1997	19
1997	17
1997	17
1997	17
1997	17
1997	17
1997	16
1997	16
1997	16
1997	15
1997	15
1997	14
1997	14
1997	14
1997	14
1997	13
1997	13
1997	13
1997	12
1997	12
1997	12
1997	12
1997	12
1997	12
1997	11
1997	10
1997	10
1997	10
1997	9
1997	9
1997	9
1997	8
1997	8
1997	7
1997	7
1997	7
1997	7
1997	6
1997	6
1997	6
1997	6
1997	6
1997	6
1997	6
1997	6
1997	5
1997	5
1997	4
1997	4
1997	4
1997	3
1997	3
1997	3
1997	3
1997	3
1997	3
1997	2
1997	2
1997	2
1997	2
1997	2
1997	1
1997	1
1997	1
1997	1
1997	1
1997	1
1998	397
1998	374
1998	362
1998	349
1998	310
1998	293
1998	271
1998	260
1998	246
1998	226
1998	219
1998	215
1998	206
1998	206
1998	186
1998	175
1998	161
1998	152
1998	143
1998	143
1998	131
1998	128
1998	128
1998	115
1998	114
1998	114
1998	111
1998	110
1998	109
1998	108
1998	108
1998	95
1998	94
1998	92
1998	80
1998	77
1998	74
1998	73
1998	72
1998	70
1998	70
1998	66
1998	65
1998	64
1998	60
1998	58
1998	57
1998	57
1998	55
1998	54
1998	52
1998	52
1998	51
1998	51
1998	48
1998	48
1998	47
1998	46
1998	46
1998	45
1998	43
1998	42
1998	41
1998	40
1998	39
1998	38
1998	37
1998	35
1998	33
1998	30
1998	30
1998	30
1998	28
1998	28
1998	28
1998	26
1998	25
1998	25
1998	25
1998	25
1998	24
1998	24
1998	23
1998	23
1998	20
1998	20
1998	19
1998	19
1998	19
1998	19
1998	18
1998	18
1998	18
1998	17
1998	17
1998	16
1998	16
1998	16
1998	15
1998	15
1998	15
1998	14
1998	14
1998	13
1998	13
1998	13
1998	13
1998	12
1998	12
1998	12
1998	12
1998	11
1998	11
1998	11
1998	10
1998	10
1998	10
1998	10
1998	9
1998	9
1998	8
1998	8
1998	7
1998	7
1998	7
1998	6
1998	6
1998	6
1998	6
1998	6
1998	5
1998	5
1998	4
1998	4
1998	4
1998	4
1998	3
1998	3
1998	3
1998	3
1998	3
1998	2
1998	2
1998	2
1998	2
1998	1
1998	1
1998	1
1998	1
1998	1
1998	1
1998	1
1998	1
1998	1
1999	394
1999	378
1999	352
1999	347
1999	314
1999	290
1999	259
1999	250
1999	236
1999	218
1999	210
1999	206
1999	205
1999	204
1999	195
1999	171
1999	168
1999	162
1999	145
1999	142
1999	136
1999	129
1999	125
1999	119
1999	117
1999	116
1999	115
1999	114
1999	113
1999	109
1999	106
1999	102
1999	94
1999	79
1999	79
1999	71
1999	69
1999	68
1999	67
1999	63
1999	62
1999	61
1999	60
1999	59
1999	59
1999	58
1999	57
1999	54
1999	52
1999	52
1999	50
1999	50
1999	49
1999	48
1999	48
1999	47
1999	46
1999	45
1999	43
1999	43
1999	43
1999	43
1999	43
1999	41
1999	38
1999	37
1999	36
1999	35
1999	34
1999	32
1999	30
1999	30
1999	30
1999	28
1999	28
1999	26
1999	25
1999	25
1999	24
1999	23
1999	23
1999	22
1999	22
1999	21
1999	21
1999	20
1999	19
1999	19
1999	19
1999	18
1999	18
1999	17
1999	17
1999	17
1999	16
1999	16
1999	14
1999	14
1999	14
1999	14
1999	13
1999	13
1999	13
1999	13
1999	13
1999	12
1999	12
1999	12
1999	12
1999	11
1999	11
1999	11
1999	11
1999	11
1999	11
1999	10
1999	9
1999	9
1999	9
1999	9
1999	9
1999	8
1999	8
1999	8
1999	7
1999	7
1999	6
1999	6
1999	6
1999	6
1999	6
1999	5
1999	5
1999	4
1999	4
1999	4
1999	4
1999	4
1999	3
1999	3
1999	3
1999	3
1999	3
1999	3
1999	2
1999	2
1999	2
1999	2
1999	1
1999	1
1999	1
1999	1
1999	1
1999	1
1999	1
2000	395
2000	383
2000	350
2000	327
2000	312
2000	304
2000	262
2000	246
2000	236
2000	219
2000	214
2000	201
2000	201
2000	190
2000	186
2000	180
2000	173
2000	163
2000	149
2000	147
2000	143
2000	123
2000	122
2000	121
2000	119
2000	119
2000	117
2000	116
2000	115
2000	114
2000	108
2000	104
2000	101
2000	93
2000	93
2000	83
2000	83
2000	81
2000	67
2000	65
2000	64
2000	64
2000	62
2000	62
2000	61
2000	59
2000	57
2000	56
2000	55
2000	54
2000	52
2000	52
2000	51
2000	49
2000	48
2000	48
2000	46
2000	46
2000	45
2000	43
2000	43
2000	43
2000	42
2000	41
2000	38
2000	37
2000	37
2000	37
2000	37
2000	36
2000	35
2000	35
2000	33
2000	30
2000	30
2000	29
2000	29
2000	28
2000	28
2000	27
2000	27
2000	27
2000	25
2000	25
2000	24
2000	23
2000	23
2000	23
2000	23
2000	22
2000	21
2000	20
2000	20
2000	20
2000	19
2000	19
2000	18
2000	18
2000	18
2000	16
2000	16
2000	16
2000	15
2000	15
2000	15
2000	14
2000	14
2000	13
2000	13
2000	13
2000	13
2000	13
2000	13
2000	12
2000	12
2000	11
2000	11
2000	11
2000	11
2000	10
2000	9
2000	9
2000	9
2000	9
2000	8
2000	8
2000	8
2000	7
2000	6
2000	6
2000	6
2000	6
2000	5
2000	5
2000	5
2000	5
2000	5
2000	4
2000	4
2000	4
2000	4
2000	3
2000	3
2000	3
2000	3
2000	3
2000	3
2000	2
2000	2
2000	2
2000	1
2000	1
2000	1
2000	1
2000	1
2000	1
2000	1
2001	398
2001	375
2001	352
2001	323
2001	309
2001	308
2001	274
2001	248
2001	233
2001	221
2001	220
2001	214
2001	202
2001	188
2001	185
2001	168
2001	166
2001	158
2001	152
2001	147
2001	139
2001	126
2001	118
2001	117
2001	112
2001	112
2001	111
2001	110
2001	103
2001	103
2001	101
2001	93
2001	86
2001	85
2001	83
2001	83
2001	81
2001	74
2001	74
2001	65
2001	65
2001	63
2001	63
2001	62
2001	61
2001	58
2001	58
2001	57
2001	57
2001	54
2001	54
2001	54
2001	52
2001	52
2001	51
2001	51
2001	51
2001	50
2001	50
2001	49
2001	48
2001	46
2001	44
2001	43
2001	43
2001	42
2001	39
2001	39
2001	38
2001	38
2001	37
2001	37
2001	35
2001	34
2001	34
2001	33
2001	31
2001	29
2001	29
2001	29
2001	27
2001	27
2001	27
2001	26
2001	26
2001	25
2001	25
2001	25
2001	23
2001	23
2001	22
2001	22
2001	21
2001	20
2001	20
2001	20
2001	19
2001	18
2001	18
2001	17
2001	17
2001	17
2001	16
2001	14
2001	13
2001	13
2001	13
2001	12
2001	12
2001	12
2001	11
2001	11
2001	11
2001	11
2001	11
2001	10
2001	10
2001	10
2001	9
2001	9
2001	9
2001	9
2001	9
2001	8
2001	8
2001	8
2001	8
2001	8
2001	7
2001	6
2001	6
2001	6
2001	6
2001	5
2001	5
2001	5
2001	4
2001	4
2001	4
2001	3
2001	3
2001	3
2001	3
2001	3
2001	3
2001	3
2001	3
2001	2
2001	2
2001	2
2001	1
2001	1
2001	1
2001	1
2001	1
2001	1
2001	1
2002	404
2002	370
2002	347
2002	322
2002	314
2002	307
2002	280
2002	254
2002	228
2002	221
2002	215
2002	203
2002	202
2002	185
2002	175
2002	166
2002	162
2002	156
2002	148
2002	148
2002	131
2002	129
2002	118
2002	114
2002	113
2002	111
2002	110
2002	110
2002	104
2002	104
2002	103
2002	97
2002	94
2002	89
2002	84
2002	82
2002	78
2002	71
2002	68
2002	65
2002	65
2002	63
2002	62
2002	62
2002	60
2002	59
2002	57
2002	56
2002	56
2002	55
2002	55
2002	54
2002	52
2002	50
2002	50
2002	49
2002	46
2002	45
2002	44
2002	44
2002	44
2002	42
2002	41
2002	41
2002	41
2002	38
2002	38
2002	38
2002	37
2002	37
2002	36
2002	36
2002	35
2002	35
2002	35
2002	34
2002	34
2002	32
2002	31
2002	30
2002	29
2002	29
2002	29
2002	27
2002	26
2002	26
2002	25
2002	25
2002	23
2002	23
2002	23
2002	22
2002	22
2002	22
2002	22
2002	20
2002	20
2002	20
2002	19
2002	19
2002	18
2002	17
2002	15
2002	15
2002	15
2002	14
2002	14
2002	14
2002	14
2002	13
2002	13
2002	12
2002	12
2002	12
2002	11
2002	11
2002	10
2002	10
2002	10
2002	10
2002	10
2002	10
2002	9
2002	9
2002	9
2002	9
2002	9
2002	8
2002	7
2002	6
2002	6
2002	6
2002	6
2002	5
2002	4
2002	4
2002	4
2002	4
2002	4
2002	4
2002	3
2002	3
2002	3
2002	3
2002	3
2002	3
2002	3
2002	3
2002	2
2002	2
2002	2
2002	2
2002	1
2002	1
2002	1
2002	1
2002	1
2003	410
2003	361
2003	342
2003	322
2003	313
2003	309
2003	283
2003	234
2003	226
2003	222
2003	221
2003	207
2003	199
2003	194
2003	188
2003	183
2003	165
2003	160
2003	158
2003	151
2003	147
2003	126
2003	121
2003	117
2003	116
2003	113
2003	111
2003	108
2003	106
2003	104
2003	102
2003	101
2003	98
2003	93
2003	88
2003	84
2003	81
2003	75
2003	71
2003	70
2003	70
2003	66
2003	65
2003	64
2003	64
2003	63
2003	60
2003	58
2003	58
2003	57
2003	57
2003	57
2003	56
2003	55
2003	54
2003	53
2003	52
2003	48
2003	47
2003	46
2003	46
2003	43
2003	43
2003	43
2003	42
2003	41
2003	40
2003	39
2003	39
2003	38
2003	38
2003	38
2003	37
2003	36
2003	36
2003	36
2003	36
2003	35
2003	35
2003	33
2003	32
2003	30
2003	30
2003	28
2003	28
2003	27
2003	26
2003	26
2003	25
2003	24
2003	24
2003	23
2003	23
2003	23
2003	20
2003	20
2003	20
2003	19
2003	19
2003	19
2003	18
2003	18
2003	17
2003	17
2003	16
2003	16
2003	15
2003	15
2003	15
2003	14
2003	13
2003	12
2003	12
2003	12
2003	12
2003	10
2003	10
2003	10
2003	10
2003	10
2003	9
2003	9
2003	9
2003	8
2003	8
2003	8
2003	7
2003	7
2003	7
2003	7
2003	6
2003	6
2003	6
2003	6
2003	4
2003	4
2003	4
2003	4
2003	4
2003	4
2003	4
2003	3
2003	3
2003	3
2003	3
2003	3
2003	3
2003	3
2003	3
2003	3
2003	2
2003	2
2003	1
2003	1
2003	1
2003	1
2003	1
2003	1
2004	413
2004	370
2004	340
2004	311
2004	305
2004	299
2004	255
2004	236
2004	229
2004	226
2004	216
2004	207
2004	195
2004	188
2004	180
2004	175
2004	160
2004	158
2004	157
2004	149
2004	147
2004	123
2004	118
2004	116
2004	112
2004	112
2004	108
2004	107
2004	106
2004	103
2004	102
2004	97
2004	96
2004	96
2004	95
2004	92
2004	79
2004	76
2004	76
2004	74
2004	74
2004	73
2004	70
2004	69
2004	66
2004	65
2004	65
2004	63
2004	63
2004	63
2004	61
2004	61
2004	59
2004	58
2004	57
2004	56
2004	55
2004	54
2004	54
2004	53
2004	52
2004	50
2004	48
2004	48
2004	43
2004	42
2004	42
2004	42
2004	41
2004	41
2004	39
2004	38
2004	38
2004	37
2004	36
2004	36
2004	36
2004	36
2004	35
2004	35
2004	34
2004	32
2004	32
2004	30
2004	30
2004	29
2004	29
2004	29
2004	28
2004	27
2004	27
2004	26
2004	26
2004	26
2004	25
2004	22
2004	21
2004	19
2004	19
2004	18
2004	17
2004	17
2004	16
2004	16
2004	16
2004	16
2004	16
2004	15
2004	14
2004	14
2004	14
2004	12
2004	12
2004	12
2004	11
2004	11
2004	10
2004	10
2004	10
2004	9
2004	9
2004	9
2004	9
2004	8
2004	8
2004	8
2004	8
2004	7
2004	7
2004	7
2004	7
2004	7
2004	7
2004	6
2004	6
2004	6
2004	4
2004	4
2004	4
2004	4
2004	4
2004	4
2004	4
2004	3
2004	3
2004	3
2004	3
2004	3
2004	2
2004	2
2004	2
2004	1
2004	1
2004	1
2004	1
2004	1
2004	1
2005	417
2005	376
2005	330
2005	310
2005	307
2005	300
2005	234
2005	229
2005	227
2005	225
2005	222
2005	206
2005	189
2005	177
2005	174
2005	160
2005	159
2005	155
2005	154
2005	148
2005	147
2005	119
2005	118
2005	114
2005	114
2005	112
2005	110
2005	108
2005	106
2005	104
2005	101
2005	101
2005	100
2005	98
2005	97
2005	88
2005	87
2005	85
2005	84
2005	82
2005	78
2005	73
2005	73
2005	73
2005	72
2005	68
2005	65
2005	64
2005	62
2005	62
2005	62
2005	62
2005	61
2005	60
2005	56
2005	55
2005	55
2005	54
2005	54
2005	53
2005	53
2005	51
2005	50
2005	48
2005	44
2005	43
2005	41
2005	41
2005	41
2005	40
2005	38
2005	37
2005	37
2005	36
2005	36
2005	36
2005	35
2005	35
2005	33
2005	33
2005	32
2005	32
2005	32
2005	31
2005	31
2005	29
2005	29
2005	28
2005	28
2005	27
2005	25
2005	24
2005	23
2005	23
2005	23
2005	21
2005	20
2005	19
2005	19
2005	19
2005	18
2005	17
2005	17
2005	16
2005	16
2005	14
2005	14
2005	14
2005	13
2005	13
2005	13
2005	13
2005	12
2005	12
2005	12
2005	12
2005	11
2005	11
2005	10
2005	9
2005	9
2005	9
2005	9
2005	9
2005	8
2005	8
2005	8
2005	7
2005	7
2005	7
2005	7
2005	6
2005	6
2005	6
2005	6
2005	6
2005	5
2005	4
2005	4
2005	4
2005	4
2005	4
2005	4
2005	3
2005	3
2005	3
2005	3
2005	3
2005	2
2005	2
2005	2
2005	1
2005	1
2005	1
2005	1
2005	1
2005	1
2006	416
2006	376
2006	334
2006	315
2006	303
2006	281
2006	231
2006	230
2006	229
2006	225
2006	201
2006	191
2006	188
2006	186
2006	178
2006	162
2006	159
2006	157
2006	153
2006	151
2006	142
2006	130
2006	118
2006	117
2006	116
2006	116
2006	115
2006	108
2006	107
2006	107
2006	101
2006	100
2006	99
2006	96
2006	95
2006	92
2006	86
2006	84
2006	84
2006	78
2006	77
2006	74
2006	73
2006	72
2006	72
2006	69
2006	67
2006	67
2006	65
2006	62
2006	61
2006	61
2006	59
2006	59
2006	57
2006	56
2006	56
2006	55
2006	54
2006	54
2006	53
2006	52
2006	50
2006	49
2006	48
2006	45
2006	44
2006	39
2006	38
2006	38
2006	37
2006	36
2006	36
2006	36
2006	36
2006	36
2006	36
2006	36
2006	36
2006	34
2006	34
2006	34
2006	33
2006	32
2006	32
2006	32
2006	31
2006	30
2006	28
2006	28
2006	27
2006	26
2006	24
2006	23
2006	23
2006	22
2006	21
2006	20
2006	18
2006	18
2006	18
2006	18
2006	18
2006	17
2006	17
2006	15
2006	14
2006	14
2006	14
2006	13
2006	13
2006	13
2006	13
2006	12
2006	12
2006	12
2006	12
2006	12
2006	11
2006	10
2006	10
2006	9
2006	9
2006	9
2006	9
2006	9
2006	9
2006	8
2006	7
2006	6
2006	6
2006	6
2006	6
2006	6
2006	6
2006	5
2006	5
2006	5
2006	5
2006	4
2006	4
2006	4
2006	3
2006	3
2006	3
2006	3
2006	3
2006	2
2006	2
2006	2
2006	2
2006	1
2006	1
2006	1
2006	1
2006	1
2006	1
2006	1
2006	1
2006	1
2007	404
2007	367
2007	331
2007	311
2007	305
2007	278
2007	231
2007	227
2007	221
2007	218
2007	211
2007	198
2007	194
2007	187
2007	186
2007	161
2007	160
2007	155
2007	152
2007	149
2007	146
2007	144
2007	123
2007	117
2007	113
2007	112
2007	112
2007	109
2007	107
2007	101
2007	100
2007	100
2007	99
2007	99
2007	92
2007	90
2007	89
2007	87
2007	86
2007	86
2007	85
2007	85
2007	82
2007	78
2007	73
2007	72
2007	69
2007	69
2007	67
2007	66
2007	65
2007	64
2007	63
2007	61
2007	59
2007	58
2007	57
2007	56
2007	54
2007	53
2007	52
2007	51
2007	48
2007	48
2007	48
2007	47
2007	46
2007	45
2007	44
2007	40
2007	38
2007	38
2007	37
2007	36
2007	36
2007	36
2007	35
2007	34
2007	34
2007	34
2007	33
2007	33
2007	32
2007	32
2007	31
2007	30
2007	30
2007	29
2007	27
2007	27
2007	26
2007	25
2007	25
2007	23
2007	22
2007	21
2007	20
2007	19
2007	18
2007	18
2007	18
2007	17
2007	17
2007	17
2007	16
2007	16
2007	16
2007	15
2007	15
2007	15
2007	15
2007	14
2007	14
2007	12
2007	12
2007	12
2007	12
2007	12
2007	11
2007	11
2007	11
2007	11
2007	10
2007	9
2007	9
2007	9
2007	8
2007	8
2007	7
2007	7
2007	7
2007	7
2007	7
2007	6
2007	6
2007	5
2007	4
2007	4
2007	4
2007	4
2007	3
2007	3
2007	3
2007	3
2007	3
2007	3
2007	3
2007	2
2007	2
2007	2
2007	2
2007	2
2007	1
2007	1
2007	1
2007	1
2007	1
2007	1
2007	1
2008	417
2008	366
2008	339
2008	297
2008	295
2008	270
2008	248
2008	233
2008	226
2008	211
2008	208
2008	201
2008	196
2008	193
2008	181
2008	179
2008	170
2008	160
2008	158
2008	153
2008	150
2008	145
2008	124
2008	120
2008	118
2008	115
2008	112
2008	107
2008	105
2008	103
2008	102
2008	101
2008	97
2008	94
2008	92
2008	91
2008	86
2008	85
2008	85
2008	83
2008	80
2008	79
2008	76
2008	74
2008	69
2008	69
2008	68
2008	68
2008	68
2008	65
2008	64
2008	64
2008	63
2008	62
2008	61
2008	60
2008	58
2008	55
2008	53
2008	53
2008	52
2008	50
2008	46
2008	45
2008	44
2008	44
2008	43
2008	43
2008	41
2008	40
2008	36
2008	36
2008	36
2008	35
2008	35
2008	35
2008	35
2008	34
2008	33
2008	33
2008	33
2008	32
2008	32
2008	31
2008	31
2008	30
2008	29
2008	29
2008	27
2008	27
2008	27
2008	26
2008	25
2008	25
2008	24
2008	23
2008	23
2008	22
2008	19
2008	19
2008	18
2008	18
2008	17
2008	16
2008	15
2008	14
2008	14
2008	14
2008	14
2008	13
2008	13
2008	13
2008	13
2008	12
2008	11
2008	11
2008	11
2008	11
2008	10
2008	9
2008	9
2008	9
2008	8
2008	8
2008	7
2008	7
2008	7
2008	7
2008	6
2008	6
2008	6
2008	6
2008	6
2008	5
2008	5
2008	4
2008	4
2008	4
2008	4
2008	4
2008	4
2008	3
2008	3
2008	3
2008	3
2008	3
2008	3
2008	2
2008	2
2008	2
2008	2
2008	2
2008	2
2008	2
2008	1
2008	1
2008	1
2008	1
2009	409
2009	365
2009	330
2009	303
2009	302
2009	284
2009	245
2009	236
2009	224
2009	215
2009	212
2009	202
2009	199
2009	191
2009	187
2009	186
2009	176
2009	165
2009	159
2009	152
2009	150
2009	147
2009	140
2009	122
2009	121
2009	121
2009	111
2009	110
2009	109
2009	105
2009	103
2009	102
2009	100
2009	96
2009	94
2009	90
2009	89
2009	87
2009	83
2009	81
2009	80
2009	80
2009	79
2009	77
2009	76
2009	73
2009	71
2009	67
2009	67
2009	65
2009	65
2009	62
2009	62
2009	61
2009	60
2009	60
2009	57
2009	55
2009	54
2009	54
2009	54
2009	53
2009	52
2009	52
2009	46
2009	46
2009	45
2009	43
2009	42
2009	40
2009	39
2009	38
2009	38
2009	36
2009	36
2009	36
2009	35
2009	35
2009	34
2009	34
2009	33
2009	33
2009	32
2009	31
2009	31
2009	31
2009	30
2009	28
2009	28
2009	27
2009	27
2009	27
2009	25
2009	25
2009	25
2009	24
2009	22
2009	22
2009	21
2009	19
2009	18
2009	18
2009	17
2009	16
2009	15
2009	15
2009	14
2009	14
2009	14
2009	14
2009	13
2009	13
2009	13
2009	12
2009	12
2009	12
2009	11
2009	11
2009	11
2009	11
2009	10
2009	10
2009	9
2009	9
2009	9
2009	9
2009	8
2009	8
2009	8
2009	7
2009	7
2009	7
2009	6
2009	6
2009	6
2009	6
2009	5
2009	5
2009	4
2009	4
2009	4
2009	3
2009	3
2009	3
2009	3
2009	3
2009	3
2009	3
2009	2
2009	2
2009	2
2009	2
2009	2
2009	1
2009	1
2009	1
2009	1
2009	1
2009	1
