1980	743212
1980	438614
1980	80848
1980	60603
1980	58044
1980	50073
1980	44007
1980	40660
1980	39577
1980	33680
1980	30529
1980	26182
1980	25805
1980	24942
1980	24165
1980	19303
1980	17615
1980	15706
1980	14965
1980	14468
1980	14058
1980	13369
1980	12617
1980	12215
1980	10922
1980	10598
1980	10466
1980	9992
1980	9849
1980	9394
1980	8447
1980	8001
1980	7612
1980	7267
1980	7128
1980	7098
1980	7087
1980	6879
1980	6720
1980	6662
1980	6654
1980	6647
1980	6399
1980	6281
1980	5817
1980	5487
1980	5431
1980	5411
1980	5406
1980	5317
1980	5292
1980	5192
1980	4915
1980	4815
1980	4450
1980	4355
1980	4314
1980	4214
1980	4031
1980	4007
1980	3947
1980	3898
1980	3847
1980	3735
1980	3659
1980	3268
1980	3246
1980	2998
1980	2821
1980	2762
1980	2736
1980	2639
1980	2582
1980	2580
1980	2578
1980	2418
1980	2388
1980	2306
1980	2291
1980	2191
1980	2181
1980	2060
1980	2025
1980	1925
1980	1921
1980	1905
1980	1833
1980	1764
1980	1538
1980	1474
1980	1471
1980	1448
1980	1264
1980	1081
1980	1028
1980	955
1980	785
1980	784
1980	742
1980	729
1980	687
1980	672
1980	664
1980	656
1980	636
1980	625
1980	620
1980	612
1980	599
1980	589
1980	567
1980	559
1980	533
1980	487
1980	447
1980	403
1980	398
1980	393
1980	379
1980	373
1980	355
1980	354
1980	345
1980	319
1980	307
1980	295
1980	287
1980	265
1980	257
1980	244
1980	226
1980	207
1980	179
1980	175
1980	172
1980	145
1980	116
1980	111
1980	93
1980	86
1980	85
1980	75
1980	74
1980	70
1980	68
1980	61
1980	58
1980	56
1980	53
1980	47
1980	46
1980	46
1980	44
1980	42
1980	41
1980	40
1980	38
1980	34
1980	30
1980	30
1980	26
1980	26
1980	25
1980	25
1980	24
1980	23
1980	21
1980	20
1980	19
1980	16
1980	14
1980	14
1980	12
1980	10
1980	9
1980	7
1980	6
1980	6
1980	5
1980	5
1980	4
1980	4
1980	4
1980	4
1980	4
1980	3
1980	3
1980	3
1980	2
1980	2
1980	2
1980	2
1980	2
1980	2
1980	1
1980	1
1980	1
1981	751366
1981	445216
1981	82272
1981	60300
1981	59093
1981	51799
1981	43446
1981	40883
1981	40266
1981	34380
1981	30798
1981	26024
1981	25812
1981	25357
1981	24550
1981	19740
1981	17709
1981	16177
1981	15239
1981	14913
1981	14391
1981	13844
1981	12121
1981	11894
1981	11221
1981	10493
1981	10457
1981	10071
1981	9815
1981	9406
1981	8358
1981	8065
1981	7619
1981	7238
1981	7160
1981	7074
1981	6895
1981	6836
1981	6811
1981	6804
1981	6691
1981	6685
1981	6505
1981	6394
1981	6005
1981	5691
1981	5516
1981	5496
1981	5434
1981	5380
1981	5325
1981	5174
1981	5006
1981	4963
1981	4449
1981	4448
1981	4321
1981	4242
1981	4114
1981	4054
1981	4045
1981	3972
1981	3961
1981	3799
1981	3591
1981	3287
1981	3128
1981	3065
1981	2803
1981	2791
1981	2762
1981	2625
1981	2603
1981	2601
1981	2522
1981	2469
1981	2384
1981	2351
1981	2314
1981	2194
1981	2153
1981	2052
1981	2007
1981	1966
1981	1920
1981	1883
1981	1848
1981	1695
1981	1561
1981	1516
1981	1469
1981	1454
1981	1261
1981	1087
1981	1044
1981	954
1981	788
1981	772
1981	747
1981	726
1981	680
1981	676
1981	662
1981	661
1981	628
1981	626
1981	617
1981	604
1981	602
1981	593
1981	587
1981	550
1981	550
1981	489
1981	451
1981	414
1981	397
1981	387
1981	376
1981	365
1981	356
1981	348
1981	346
1981	322
1981	304
1981	302
1981	298
1981	273
1981	250
1981	242
1981	222
1981	203
1981	185
1981	180
1981	168
1981	136
1981	118
1981	110
1981	93
1981	89
1981	85
1981	75
1981	75
1981	70
1981	69
1981	59
1981	57
1981	57
1981	54
1981	54
1981	49
1981	46
1981	45
1981	41
1981	40
1981	40
1981	35
1981	34
1981	30
1981	30
1981	26
1981	25
1981	25
1981	24
1981	23
1981	23
1981	22
1981	20
1981	20
1981	16
1981	14
1981	14
1981	12
1981	9
1981	8
1981	7
1981	7
1981	6
1981	6
1981	5
1981	4
1981	4
1981	4
1981	4
1981	4
1981	3
1981	3
1981	3
1981	2
1981	2
1981	2
1981	2
1981	2
1981	2
1981	1
1981	1
1981	1
1982	759779
1982	451905
1982	83695
1982	60115
1982	59992
1982	52686
1982	42844
1982	41078
1982	41038
1982	35233
1982	31044
1982	25976
1982	25827
1982	25766
1982	24934
1982	20167
1982	17891
1982	16664
1982	15563
1982	15373
1982	14735
1982	14335
1982	11659
1982	11572
1982	11527
1982	10549
1982	10303
1982	10288
1982	9562
1982	9418
1982	8273
1982	8122
1982	7631
1982	7390
1982	7195
1982	7044
1982	6982
1982	6888
1982	6872
1982	6733
1982	6687
1982	6617
1982	6509
1982	6480
1982	6211
1982	5895
1982	5683
1982	5633
1982	5577
1982	5453
1982	5325
1982	5181
1982	5105
1982	4934
1982	4586
1982	4554
1982	4247
1982	4203
1982	4193
1982	4169
1982	4121
1982	4084
1982	4052
1982	3862
1982	3513
1982	3429
1982	3118
1982	2984
1982	2872
1982	2819
1982	2680
1982	2680
1982	2638
1982	2567
1982	2523
1982	2455
1982	2395
1982	2375
1982	2313
1982	2205
1982	2112
1982	2041
1982	2016
1982	1987
1982	1939
1982	1929
1982	1790
1982	1624
1982	1584
1982	1561
1982	1494
1982	1426
1982	1271
1982	1093
1982	1062
1982	954
1982	800
1982	761
1982	760
1982	710
1982	679
1982	672
1982	669
1982	658
1982	639
1982	622
1982	617
1982	616
1982	615
1982	589
1982	587
1982	570
1982	535
1982	499
1982	454
1982	424
1982	398
1982	397
1982	359
1982	359
1982	357
1982	344
1982	340
1982	324
1982	310
1982	305
1982	300
1982	282
1982	243
1982	241
1982	219
1982	198
1982	193
1982	190
1982	161
1982	128
1982	120
1982	110
1982	93
1982	91
1982	85
1982	76
1982	74
1982	70
1982	70
1982	61
1982	59
1982	58
1982	55
1982	54
1982	50
1982	48
1982	45
1982	42
1982	40
1982	39
1982	34
1982	33
1982	30
1982	30
1982	26
1982	24
1982	24
1982	23
1982	23
1982	22
1982	22
1982	20
1982	20
1982	17
1982	14
1982	14
1982	12
1982	9
1982	8
1982	8
1982	7
1982	6
1982	6
1982	5
1982	4
1982	4
1982	4
1982	4
1982	4
1982	3
1982	3
1982	3
1982	2
1982	2
1982	2
1982	2
1982	2
1982	1
1982	1
1982	1
1982	1
1983	768665
1983	458571
1983	85097
1983	61124
1983	59687
1983	53299
1983	42197
1983	41870
1983	41217
1983	36206
1983	31262
1983	26170
1983	26094
1983	25864
1983	25320
1983	20608
1983	18086
1983	17164
1983	15890
1983	15828
1983	15088
1983	14840
1983	11849
1983	11247
1983	11157
1983	10575
1983	10482
1983	10141
1983	9427
1983	9269
1983	8201
1983	8175
1983	7646
1983	7545
1983	7272
1983	7226
1983	7161
1983	6895
1983	6767
1983	6734
1983	6670
1983	6663
1983	6468
1983	6423
1983	6266
1983	6099
1983	5878
1983	5776
1983	5721
1983	5593
1983	5413
1983	5268
1983	5254
1983	4728
1983	4696
1983	4662
1983	4292
1983	4287
1983	4230
1983	4216
1983	4202
1983	4138
1983	4064
1983	3921
1983	3443
1983	3439
1983	3166
1983	2943
1983	2845
1983	2836
1983	2743
1983	2665
1983	2613
1983	2577
1983	2527
1983	2441
1983	2383
1983	2365
1983	2315
1983	2211
1983	2067
1983	2066
1983	2028
1983	2000
1983	1965
1983	1937
1983	1731
1983	1607
1983	1602
1983	1551
1983	1520
1983	1397
1983	1268
1983	1097
1983	1076
1983	954
1983	809
1983	772
1983	749
1983	695
1983	683
1983	676
1983	661
1983	661
1983	655
1983	646
1983	629
1983	627
1983	601
1983	591
1983	586
1983	572
1983	518
1983	516
1983	458
1983	434
1983	409
1983	398
1983	360
1983	350
1983	343
1983	343
1983	332
1983	327
1983	318
1983	311
1983	297
1983	290
1983	239
1983	235
1983	215
1983	208
1983	196
1983	193
1983	154
1983	123
1983	118
1983	110
1983	93
1983	92
1983	84
1983	77
1983	73
1983	71
1983	71
1983	68
1983	60
1983	59
1983	55
1983	52
1983	51
1983	51
1983	44
1983	42
1983	40
1983	37
1983	33
1983	31
1983	31
1983	30
1983	26
1983	24
1983	24
1983	22
1983	22
1983	22
1983	22
1983	20
1983	20
1983	17
1983	14
1983	13
1983	13
1983	9
1983	8
1983	8
1983	8
1983	6
1983	6
1983	5
1983	4
1983	4
1983	4
1983	4
1983	4
1983	3
1983	3
1983	3
1983	2
1983	2
1983	2
1983	2
1983	2
1983	1
1983	1
1983	1
1983	1
1984	778050
1984	465218
1984	86467
1984	62144
1984	59384
1984	54142
1984	42728
1984	41463
1984	41362
1984	37249
1984	31473
1984	26568
1984	25971
1984	25780
1984	25757
1984	21082
1984	18261
1984	17675
1984	16239
1984	16195
1984	15450
1984	15359
1984	12194
1984	10894
1984	10635
1984	10602
1984	10588
1984	9972
1984	9429
1984	8980
1984	8227
1984	8117
1984	7708
1984	7657
1984	7498
1984	7346
1984	7241
1984	6879
1984	6844
1984	6837
1984	6793
1984	6632
1984	6454
1984	6296
1984	6254
1984	6074
1984	6045
1984	5919
1984	5863
1984	5778
1984	5666
1984	5423
1984	5208
1984	4872
1984	4770
1984	4467
1984	4396
1984	4373
1984	4352
1984	4291
1984	4233
1984	4182
1984	3952
1984	3932
1984	3453
1984	3356
1984	3246
1984	3014
1984	2871
1984	2812
1984	2690
1984	2688
1984	2634
1984	2525
1984	2491
1984	2480
1984	2351
1984	2334
1984	2319
1984	2216
1984	2116
1984	2062
1984	2022
1984	2014
1984	1943
1984	1943
1984	1670
1984	1632
1984	1632
1984	1546
1984	1477
1984	1370
1984	1274
1984	1100
1984	1088
1984	953
1984	815
1984	784
1984	739
1984	687
1984	686
1984	681
1984	674
1984	668
1984	650
1984	645
1984	645
1984	630
1984	614
1984	586
1984	583
1984	556
1984	533
1984	503
1984	461
1984	445
1984	422
1984	398
1984	363
1984	343
1984	342
1984	331
1984	325
1984	325
1984	324
1984	321
1984	297
1984	293
1984	231
1984	227
1984	223
1984	210
1984	201
1984	187
1984	146
1984	125
1984	111
1984	108
1984	93
1984	92
1984	84
1984	78
1984	75
1984	72
1984	72
1984	71
1984	60
1984	60
1984	55
1984	54
1984	53
1984	48
1984	44
1984	42
1984	39
1984	36
1984	33
1984	31
1984	30
1984	29
1984	26
1984	25
1984	23
1984	23
1984	22
1984	21
1984	21
1984	20
1984	20
1984	17
1984	13
1984	13
1984	13
1984	9
1984	8
1984	8
1984	8
1984	6
1984	6
1984	5
1984	4
1984	4
1984	4
1984	4
1984	4
1984	3
1984	3
1984	3
1984	2
1984	2
1984	2
1984	2
1984	2
1984	1
1984	1
1984	1
1984	1
1985	787985
1985	471845
1985	87796
1985	63191
1985	59077
1985	54386
1985	43584
1985	41501
1985	40633
1985	38323
1985	31689
1985	26960
1985	26238
1985	25879
1985	25649
1985	21577
1985	18449
1985	18198
1985	16620
1985	16493
1985	15888
1985	15820
1985	12567
1985	10735
1985	10621
1985	10525
1985	10054
1985	9799
1985	9420
1985	8736
1985	8281
1985	8030
1985	7879
1985	7715
1985	7662
1985	7539
1985	7248
1985	7016
1985	6938
1985	6879
1985	6827
1985	6801
1985	6498
1985	6276
1985	6245
1985	6043
1985	6031
1985	6023
1985	6019
1985	5912
1985	5817
1985	5622
1985	5145
1985	5028
1985	4888
1985	4514
1985	4491
1985	4458
1985	4383
1985	4337
1985	4239
1985	4092
1985	3978
1985	3801
1985	3458
1985	3329
1985	3255
1985	3085
1985	2898
1985	2883
1985	2719
1985	2692
1985	2545
1985	2540
1985	2444
1985	2436
1985	2387
1985	2335
1985	2255
1985	2215
1985	2161
1985	2124
1985	1999
1985	1977
1985	1946
1985	1919
1985	1662
1985	1646
1985	1607
1985	1573
1985	1403
1985	1349
1985	1280
1985	1103
1985	1099
1985	951
1985	822
1985	795
1985	730
1985	703
1985	702
1985	690
1985	677
1985	665
1985	660
1985	643
1985	640
1985	633
1985	624
1985	580
1985	569
1985	549
1985	539
1985	489
1985	464
1985	457
1985	432
1985	397
1985	365
1985	341
1985	336
1985	335
1985	335
1985	329
1985	318
1985	307
1985	305
1985	290
1985	236
1985	228
1985	218
1985	207
1985	206
1985	181
1985	139
1985	127
1985	111
1985	97
1985	93
1985	93
1985	84
1985	84
1985	79
1985	73
1985	72
1985	71
1985	61
1985	61
1985	57
1985	56
1985	56
1985	45
1985	43
1985	43
1985	39
1985	34
1985	33
1985	31
1985	30
1985	26
1985	26
1985	25
1985	24
1985	23
1985	21
1985	21
1985	20
1985	19
1985	19
1985	18
1985	13
1985	13
1985	12
1985	10
1985	8
1985	8
1985	8
1985	6
1985	6
1985	4
1985	4
1985	4
1985	4
1985	3
1985	3
1985	3
1985	3
1985	2
1985	2
1985	2
1985	2
1985	2
1985	2
1985	1
1985	1
1985	1
1985	1
1986	798580
1986	478439
1986	89073
1986	64264
1986	58743
1986	55317
1986	44431
1986	41636
1986	39722
1986	39421
1986	31908
1986	27347
1986	26672
1986	25909
1986	25533
1986	22096
1986	18728
1986	18640
1986	16963
1986	16760
1986	16428
1986	16199
1986	12972
1986	10771
1986	10621
1986	10145
1986	9623
1986	9487
1986	9399
1986	8530
1986	8331
1986	8061
1986	7942
1986	7918
1986	7739
1986	7660
1986	7239
1986	7185
1986	7026
1986	7003
1986	6880
1986	6816
1986	6690
1986	6474
1986	6344
1986	6179
1986	6144
1986	6143
1986	6040
1986	5870
1986	5810
1986	5582
1986	5190
1986	5078
1986	5010
1986	4631
1986	4619
1986	4542
1986	4473
1986	4452
1986	4015
1986	4013
1986	3962
1986	3666
1986	3460
1986	3411
1986	3155
1986	3137
1986	2957
1986	2926
1986	2750
1986	2749
1986	2609
1986	2408
1986	2403
1986	2394
1986	2341
1986	2314
1986	2212
1986	2202
1986	2185
1986	2184
1986	1985
1986	1947
1986	1932
1986	1896
1986	1696
1986	1645
1986	1601
1986	1542
1986	1329
1986	1324
1986	1273
1986	1104
1986	1103
1986	948
1986	824
1986	809
1986	726
1986	721
1986	721
1986	695
1986	678
1986	673
1986	669
1986	651
1986	634
1986	633
1986	597
1986	577
1986	563
1986	553
1986	522
1986	476
1986	472
1986	467
1986	440
1986	396
1986	368
1986	357
1986	343
1986	339
1986	332
1986	325
1986	312
1986	311
1986	287
1986	287
1986	247
1986	222
1986	212
1986	209
1986	201
1986	176
1986	132
1986	128
1986	110
1986	94
1986	94
1986	92
1986	87
1986	84
1986	80
1986	74
1986	72
1986	71
1986	62
1986	62
1986	59
1986	58
1986	56
1986	43
1986	43
1986	41
1986	39
1986	33
1986	32
1986	30
1986	29
1986	26
1986	26
1986	24
1986	23
1986	22
1986	21
1986	20
1986	20
1986	19
1986	18
1986	17
1986	13
1986	13
1986	12
1986	11
1986	8
1986	8
1986	7
1986	6
1986	6
1986	4
1986	4
1986	4
1986	4
1986	3
1986	3
1986	3
1986	3
1986	2
1986	2
1986	2
1986	2
1986	2
1986	2
1986	1
1986	1
1986	1
1986	1
1987	809734
1987	484980
1987	90338
1987	65346
1987	58400
1987	56253
1987	45272
1987	41751
1987	40552
1987	38647
1987	32125
1987	27728
1987	27086
1987	25828
1987	25410
1987	22638
1987	19267
1987	18859
1987	17276
1987	17061
1987	16974
1987	16587
1987	13406
1987	10757
1987	10570
1987	9752
1987	9435
1987	9368
1987	8901
1987	8397
1987	8370
1987	8254
1987	8111
1987	7947
1987	7857
1987	7650
1987	7351
1987	7215
1987	7168
1987	7103
1987	6994
1987	6877
1987	6818
1987	6725
1987	6668
1987	6366
1987	6343
1987	6272
1987	6154
1987	5836
1987	5584
1987	5351
1987	5331
1987	5137
1987	5009
1987	4771
1987	4716
1987	4626
1987	4577
1987	4564
1987	4047
1987	3795
1987	3792
1987	3532
1987	3492
1987	3456
1987	3224
1987	3034
1987	3029
1987	2954
1987	2810
1987	2785
1987	2678
1987	2422
1987	2370
1987	2291
1987	2251
1987	2246
1987	2244
1987	2238
1987	2204
1987	2113
1987	1970
1987	1946
1987	1888
1987	1872
1987	1734
1987	1629
1987	1628
1987	1476
1987	1303
1987	1261
1987	1254
1987	1113
1987	1103
1987	947
1987	824
1987	823
1987	747
1987	743
1987	704
1987	699
1987	699
1987	699
1987	685
1987	636
1987	631
1987	622
1987	574
1987	574
1987	566
1987	537
1987	505
1987	488
1987	470
1987	461
1987	445
1987	395
1987	384
1987	372
1987	351
1987	339
1987	332
1987	319
1987	318
1987	303
1987	284
1987	267
1987	255
1987	217
1987	215
1987	200
1987	196
1987	170
1987	129
1987	125
1987	109
1987	105
1987	95
1987	92
1987	84
1987	81
1987	76
1987	75
1987	72
1987	70
1987	63
1987	62
1987	61
1987	60
1987	57
1987	44
1987	42
1987	39
1987	37
1987	32
1987	32
1987	30
1987	28
1987	26
1987	26
1987	25
1987	22
1987	22
1987	20
1987	20
1987	19
1987	19
1987	18
1987	15
1987	13
1987	12
1987	11
1987	11
1987	8
1987	7
1987	7
1987	7
1987	6
1987	4
1987	4
1987	4
1987	4
1987	3
1987	3
1987	3
1987	3
1987	2
1987	2
1987	2
1987	2
1987	2
1987	2
1987	1
1987	1
1987	1
1988	821026
1988	491444
1988	91567
1988	66410
1988	58033
1988	57158
1988	46112
1988	41841
1988	41719
1988	37529
1988	32313
1988	28100
1988	27478
1988	25745
1988	25237
1988	23214
1988	19824
1988	19061
1988	17575
1988	17528
1988	17325
1988	16987
1988	13862
1988	10738
1988	10552
1988	9351
1988	9327
1988	9251
1988	8459
1988	8458
1988	8322
1988	8301
1988	8265
1988	8162
1988	7775
1988	7636
1988	7512
1988	7336
1988	7180
1988	7178
1988	7122
1988	7068
1988	7061
1988	6853
1988	6807
1988	6583
1988	6516
1988	6412
1988	6394
1988	5627
1988	5515
1988	5353
1988	5267
1988	5081
1988	4932
1988	4909
1988	4804
1988	4708
1988	4708
1988	4672
1988	4065
1988	3587
1988	3579
1988	3572
1988	3448
1988	3396
1988	3293
1988	3114
1988	2982
1988	2917
1988	2873
1988	2819
1988	2740
1988	2436
1988	2335
1988	2302
1988	2273
1988	2263
1988	2194
1988	2158
1988	2092
1988	2045
1988	1955
1988	1943
1988	1847
1988	1844
1988	1770
1988	1656
1988	1602
1988	1408
1988	1284
1988	1248
1988	1176
1988	1127
1988	1101
1988	947
1988	837
1988	816
1988	769
1988	767
1988	731
1988	718
1988	703
1988	699
1988	695
1988	629
1988	623
1988	610
1988	585
1988	571
1988	530
1988	523
1988	504
1988	487
1988	473
1988	449
1988	448
1988	413
1988	393
1988	376
1988	358
1988	340
1988	330
1988	326
1988	311
1988	299
1988	282
1988	262
1988	247
1988	223
1988	205
1988	191
1988	190
1988	165
1988	129
1988	118
1988	117
1988	108
1988	96
1988	91
1988	84
1988	82
1988	76
1988	72
1988	70
1988	65
1988	64
1988	63
1988	63
1988	61
1988	57
1988	45
1988	42
1988	39
1988	34
1988	31
1988	30
1988	29
1988	27
1988	27
1988	26
1988	26
1988	22
1988	21
1988	19
1988	19
1988	18
1988	18
1988	17
1988	13
1988	13
1988	12
1988	12
1988	11
1988	8
1988	7
1988	7
1988	6
1988	6
1988	4
1988	4
1988	4
1988	3
1988	3
1988	3
1988	3
1988	3
1988	2
1988	2
1988	2
1988	2
1988	2
1988	1
1988	1
1988	1
1988	1
1989	831884
1989	497805
1989	92743
1989	67427
1989	57743
1989	57567
1989	46965
1989	42925
1989	41909
1989	36337
1989	32432
1989	28461
1989	27824
1989	25674
1989	25012
1989	23849
1989	20411
1989	19362
1989	18085
1989	17883
1989	17523
1989	17400
1989	14326
1989	10774
1989	10487
1989	9279
1989	9052
1989	8950
1989	8670
1989	8513
1989	8494
1989	8467
1989	8385
1989	7691
1989	7685
1989	7622
1989	7615
1989	7506
1989	7474
1989	7269
1989	7252
1989	7139
1989	7136
1989	7029
1989	6803
1989	6781
1989	6696
1989	6557
1989	6542
1989	5676
1989	5408
1989	5399
1989	5122
1989	5038
1989	4891
1989	4845
1989	4844
1989	4835
1989	4820
1989	4792
1989	4081
1989	3652
1989	3474
1989	3364
1989	3363
1989	3350
1989	3257
1989	3197
1989	3011
1989	2942
1989	2850
1989	2799
1989	2789
1989	2459
1989	2355
1989	2309
1989	2296
1989	2231
1989	2179
1989	2063
1989	1975
1989	1942
1989	1937
1989	1929
1989	1823
1989	1801
1989	1795
1989	1682
1989	1571
1989	1338
1989	1260
1989	1233
1989	1137
1989	1099
1989	1096
1989	945
1989	852
1989	818
1989	792
1989	790
1989	763
1989	721
1989	712
1989	704
1989	688
1989	625
1989	609
1989	598
1989	597
1989	569
1989	515
1989	506
1989	491
1989	476
1989	469
1989	452
1989	440
1989	435
1989	391
1989	382
1989	365
1989	342
1989	332
1989	329
1989	304
1989	293
1989	280
1989	269
1989	228
1989	228
1989	199
1989	186
1989	181
1989	161
1989	130
1989	130
1989	111
1989	107
1989	97
1989	89
1989	85
1989	82
1989	78
1989	73
1989	69
1989	68
1989	64
1989	63
1989	63
1989	58
1989	53
1989	45
1989	41
1989	39
1989	31
1989	30
1989	28
1989	28
1989	27
1989	27
1989	26
1989	25
1989	22
1989	20
1989	20
1989	18
1989	18
1989	18
1989	14
1989	13
1989	12
1989	12
1989	11
1989	11
1989	8
1989	7
1989	7
1989	6
1989	6
1989	5
1989	4
1989	4
1989	3
1989	3
1989	3
1989	3
1989	3
1989	2
1989	2
1989	2
1989	2
1989	1
1989	1
1989	1
1989	1
1989	1
1990	841893
1990	504038
1990	93867
1990	68375
1990	58217
1990	57003
1990	47833
1990	44173
1990	41925
1990	35006
1990	32469
1990	28809
1990	28112
1990	25567
1990	24555
1990	24516
1990	21035
1990	19164
1990	18647
1990	18214
1990	17830
1990	17638
1990	14793
1990	10907
1990	10408
1990	9227
1990	8889
1990	8868
1990	8855
1990	8697
1990	8616
1990	8559
1990	8542
1990	7854
1990	7738
1990	7699
1990	7616
1990	7610
1990	7437
1990	7378
1990	7195
1990	7191
1990	7105
1990	7028
1990	6937
1990	6888
1990	6749
1990	6745
1990	6536
1990	5835
1990	5535
1990	5175
1990	5156
1990	5019
1990	5004
1990	4981
1990	4889
1990	4877
1990	4745
1990	4587
1990	4112
1990	3732
1990	3497
1990	3435
1990	3283
1990	3151
1990	3116
1990	3085
1990	3040
1990	3019
1990	2868
1990	2819
1990	2674
1990	2480
1990	2404
1990	2349
1990	2255
1990	2195
1990	2160
1990	1973
1990	1930
1990	1929
1990	1907
1990	1805
1990	1799
1990	1759
1990	1757
1990	1721
1990	1538
1990	1266
1990	1241
1990	1219
1990	1145
1990	1096
1990	1012
1990	943
1990	867
1990	819
1990	817
1990	810
1990	792
1990	726
1990	724
1990	701
1990	680
1990	620
1990	613
1990	596
1990	584
1990	567
1990	519
1990	490
1990	479
1990	465
1990	461
1990	451
1990	449
1990	423
1990	389
1990	382
1990	368
1990	343
1990	339
1990	329
1990	297
1990	286
1990	277
1990	276
1990	234
1990	211
1990	193
1990	182
1990	173
1990	157
1990	143
1990	134
1990	106
1990	104
1990	97
1990	87
1990	85
1990	83
1990	79
1990	73
1990	71
1990	69
1990	64
1990	64
1990	63
1990	59
1990	45
1990	42
1990	41
1990	38
1990	30
1990	28
1990	27
1990	27
1990	26
1990	26
1990	25
1990	24
1990	22
1990	20
1990	20
1990	18
1990	18
1990	17
1990	13
1990	13
1990	12
1990	11
1990	10
1990	10
1990	7
1990	7
1990	7
1990	6
1990	5
1990	5
1990	4
1990	4
1990	3
1990	3
1990	3
1990	3
1990	3
1990	2
1990	2
1990	2
1990	2
1990	1
1990	1
1990	1
1990	1
1990	1
1991	847357
1991	510619
1991	94133
1991	69014
1991	59926
1991	55851
1991	48596
1991	45444
1991	41959
1991	34216
1991	32376
1991	29122
1991	28469
1991	25573
1991	25323
1991	24283
1991	21634
1991	19186
1991	19066
1991	18479
1991	18270
1991	17647
1991	15231
1991	11146
1991	10392
1991	9499
1991	9113
1991	9034
1991	8907
1991	8851
1991	8728
1991	8598
1991	8091
1991	7942
1991	7907
1991	7864
1991	7567
1991	7554
1991	7504
1991	7462
1991	7324
1991	7240
1991	7231
1991	7089
1991	7050
1991	6951
1991	6881
1991	6598
1991	6310
1991	5966
1991	5681
1991	5284
1991	5262
1991	5103
1991	5093
1991	4936
1991	4934
1991	4701
1991	4665
1991	4387
1991	3794
1991	3773
1991	3504
1991	3481
1991	3370
1991	3091
1991	3078
1991	3031
1991	3005
1991	2979
1991	2822
1991	2809
1991	2616
1991	2494
1991	2437
1991	2387
1991	2226
1991	2213
1991	2168
1991	1928
1991	1919
1991	1906
1991	1852
1991	1775
1991	1768
1991	1754
1991	1695
1991	1633
1991	1503
1991	1220
1991	1218
1991	1179
1991	1157
1991	1124
1991	986
1991	937
1991	883
1991	840
1991	827
1991	822
1991	818
1991	733
1991	718
1991	694
1991	663
1991	637
1991	632
1991	577
1991	575
1991	551
1991	516
1991	481
1991	475
1991	474
1991	470
1991	435
1991	432
1991	412
1991	389
1991	380
1991	372
1991	346
1991	341
1991	323
1991	288
1991	283
1991	275
1991	267
1991	239
1991	202
1991	184
1991	180
1991	169
1991	153
1991	144
1991	125
1991	106
1991	101
1991	99
1991	87
1991	85
1991	83
1991	80
1991	75
1991	74
1991	68
1991	65
1991	64
1991	59
1991	45
1991	40
1991	39
1991	38
1991	30
1991	30
1991	27
1991	27
1991	27
1991	26
1991	25
1991	24
1991	23
1991	22
1991	20
1991	20
1991	18
1991	17
1991	17
1991	15
1991	14
1991	13
1991	12
1991	11
1991	10
1991	10
1991	9
1991	8
1991	7
1991	7
1991	6
1991	5
1991	5
1991	5
1991	4
1991	3
1991	3
1991	3
1991	3
1991	3
1991	3
1991	2
1991	2
1991	2
1991	2
1991	1
1991	1
1991	1
1991	1
1991	1
1992	851795
1992	517045
1992	94331
1992	69458
1992	60828
1992	49359
1992	46741
1992	41961
1992	33400
1992	32202
1992	29418
1992	28712
1992	26125
1992	25402
1992	24106
1992	22261
1992	19725
1992	19304
1992	18765
1992	18762
1992	18723
1992	17637
1992	15668
1992	11483
1992	10593
1992	10379
1992	10318
1992	9345
1992	9125
1992	9094
1992	8839
1992	8651
1992	8633
1992	8149
1992	8020
1992	7902
1992	7665
1992	7659
1992	7651
1992	7525
1992	7450
1992	7438
1992	7308
1992	7296
1992	7262
1992	7236
1992	7182
1992	7003
1992	6980
1992	6267
1992	6074
1992	5921
1992	5830
1992	5596
1992	5357
1992	5225
1992	5180
1992	5039
1992	4694
1992	4652
1992	4452
1992	4193
1992	3858
1992	3856
1992	3753
1992	3576
1992	3462
1992	3458
1992	3143
1992	3142
1992	2920
1992	2917
1992	2892
1992	2847
1992	2774
1992	2773
1992	2563
1992	2477
1992	2463
1992	2426
1992	2263
1992	2242
1992	2180
1992	2177
1992	2170
1992	2082
1992	1882
1992	1878
1992	1864
1992	1816
1992	1778
1992	1741
1992	1706
1992	1632
1992	1467
1992	1418
1992	1378
1992	1345
1992	1320
1992	1221
1992	1198
1992	1167
1992	1150
1992	1095
1992	962
1992	931
1992	898
1992	865
1992	842
1992	841
1992	819
1992	751
1992	743
1992	715
1992	683
1992	655
1992	653
1992	651
1992	647
1992	570
1992	570
1992	557
1992	543
1992	507
1992	483
1992	483
1992	478
1992	458
1992	420
1992	414
1992	402
1992	400
1992	391
1992	384
1992	379
1992	377
1992	374
1992	352
1992	343
1992	322
1992	291
1992	281
1992	265
1992	257
1992	245
1992	210
1992	196
1992	178
1992	174
1992	166
1992	150
1992	145
1992	125
1992	106
1992	101
1992	99
1992	86
1992	86
1992	86
1992	83
1992	81
1992	79
1992	74
1992	67
1992	66
1992	64
1992	59
1992	46
1992	39
1992	37
1992	37
1992	31
1992	29
1992	27
1992	27
1992	26
1992	25
1992	24
1992	22
1992	22
1992	22
1992	20
1992	19
1992	18
1992	17
1992	16
1992	15
1992	15
1992	13
1992	11
1992	11
1992	10
1992	9
1992	9
1992	8
1992	7
1992	7
1992	6
1992	5
1992	5
1992	4
1992	4
1992	4
1992	3
1992	3
1992	3
1992	3
1992	3
1992	2
1992	2
1992	2
1992	2
1992	1
1992	1
1992	1
1992	1
1992	1
1993	855326
1993	523300
1993	94499
1993	69813
1993	61838
1993	50093
1993	45536
1993	41934
1993	32714
1993	31981
1993	29703
1993	28968
1993	26985
1993	25208
1993	24040
1993	22898
1993	20258
1993	19191
1993	19070
1993	18854
1993	17825
1993	17590
1993	16103
1993	11883
1993	11365
1993	10251
1993	10238
1993	9587
1993	9348
1993	9345
1993	8670
1993	8643
1993	8598
1993	8373
1993	8090
1993	7891
1993	7810
1993	7768
1993	7654
1993	7538
1993	7520
1993	7481
1993	7477
1993	7289
1993	7247
1993	7181
1993	7159
1993	7077
1993	6948
1993	6184
1993	5979
1993	5947
1993	5924
1993	5486
1993	5440
1993	5349
1993	5266
1993	5111
1993	4600
1993	4457
1993	4242
1993	4009
1993	3922
1993	3740
1993	3731
1993	3649
1993	3546
1993	3440
1993	3205
1993	3195
1993	2827
1993	2823
1993	2808
1993	2728
1993	2723
1993	2718
1993	2516
1993	2515
1993	2489
1993	2470
1993	2468
1993	2264
1993	2254
1993	2176
1993	2175
1993	2138
1993	2056
1993	1856
1993	1817
1993	1807
1993	1799
1993	1777
1993	1699
1993	1579
1993	1442
1993	1440
1993	1358
1993	1296
1993	1263
1993	1224
1993	1178
1993	1177
1993	1176
1993	1066
1993	1016
1993	938
1993	924
1993	914
1993	888
1993	863
1993	854
1993	815
1993	752
1993	720
1993	714
1993	674
1993	673
1993	671
1993	631
1993	617
1993	594
1993	564
1993	539
1993	538
1993	535
1993	495
1993	488
1993	486
1993	484
1993	441
1993	405
1993	398
1993	391
1993	383
1993	375
1993	374
1993	371
1993	360
1993	359
1993	347
1993	344
1993	322
1993	300
1993	273
1993	256
1993	251
1993	248
1993	201
1993	190
1993	177
1993	163
1993	162
1993	147
1993	146
1993	125
1993	106
1993	102
1993	97
1993	87
1993	85
1993	84
1993	83
1993	82
1993	78
1993	75
1993	67
1993	66
1993	63
1993	60
1993	46
1993	38
1993	37
1993	35
1993	31
1993	28
1993	27
1993	26
1993	26
1993	25
1993	23
1993	22
1993	21
1993	21
1993	20
1993	19
1993	19
1993	17
1993	16
1993	15
1993	15
1993	13
1993	11
1993	11
1993	9
1993	9
1993	9
1993	8
1993	7
1993	7
1993	6
1993	5
1993	5
1993	4
1993	4
1993	4
1993	3
1993	3
1993	3
1993	3
1993	3
1993	2
1993	2
1993	2
1993	1
1993	1
1993	1
1993	1
1993	1
1993	1
1994	858198
1994	529372
1994	94607
1994	70100
1994	62790
1994	50761
1994	46844
1994	41874
1994	31974
1994	31760
1994	29989
1994	29261
1994	27815
1994	24970
1994	24017
1994	23517
1994	20776
1994	19671
1994	19341
1994	18396
1994	18336
1994	17544
1994	16534
1994	12295
1994	12285
1994	10221
1994	9873
1994	9837
1994	9604
1994	9570
1994	8697
1994	8632
1994	8572
1994	8445
1994	8151
1994	7980
1994	7888
1994	7857
1994	7848
1994	7755
1994	7723
1994	7628
1994	7427
1994	7311
1994	7169
1994	7158
1994	6995
1994	6877
1994	6857
1994	6290
1994	6227
1994	6128
1994	5639
1994	5509
1994	5466
1994	5350
1994	5202
1994	5167
1994	4546
1994	4229
1994	4045
1994	3986
1994	3830
1994	3724
1994	3709
1994	3633
1994	3618
1994	3413
1994	3264
1994	3247
1994	2747
1994	2724
1994	2701
1994	2687
1994	2670
1994	2597
1994	2520
1994	2514
1994	2508
1994	2478
1994	2470
1994	2263
1994	2261
1994	2179
1994	2168
1994	2098
1994	2036
1994	1815
1994	1796
1994	1769
1994	1737
1994	1736
1994	1655
1994	1529
1994	1463
1994	1437
1994	1340
1994	1246
1994	1225
1994	1207
1994	1206
1994	1185
1994	1157
1994	1034
1994	942
1994	930
1994	916
1994	915
1994	903
1994	885
1994	866
1994	813
1994	761
1994	710
1994	693
1994	689
1994	689
1994	658
1994	617
1994	583
1994	583
1994	558
1994	527
1994	522
1994	508
1994	494
1994	492
1994	485
1994	485
1994	429
1994	391
1994	382
1994	382
1994	381
1994	381
1994	374
1994	366
1994	359
1994	345
1994	344
1994	322
1994	308
1994	303
1994	266
1994	257
1994	249
1994	240
1994	193
1994	184
1994	175
1994	159
1994	155
1994	146
1994	144
1994	123
1994	105
1994	104
1994	95
1994	88
1994	87
1994	84
1994	83
1994	82
1994	75
1994	70
1994	67
1994	65
1994	63
1994	60
1994	46
1994	38
1994	36
1994	33
1994	31
1994	28
1994	27
1994	26
1994	25
1994	24
1994	22
1994	21
1994	20
1994	20
1994	20
1994	19
1994	18
1994	17
1994	16
1994	15
1994	15
1994	13
1994	11
1994	10
1994	9
1994	9
1994	8
1994	8
1994	7
1994	7
1994	6
1994	5
1994	5
1994	4
1994	4
1994	4
1994	3
1994	3
1994	3
1994	3
1994	3
1994	2
1994	2
1994	2
1994	1
1994	1
1994	1
1994	1
1994	1
1994	1
1995	860598
1995	534938
1995	94619
1995	70331
1995	63101
1995	51336
1995	48118
1995	41791
1995	31575
1995	31234
1995	30280
1995	29412
1995	28537
1995	24630
1995	24100
1995	23852
1995	21275
1995	20162
1995	19618
1995	18179
1995	17931
1995	17524
1995	16964
1995	13018
1995	12682
1995	10118
1995	10095
1995	9871
1995	9784
1995	9500
1995	8843
1995	8707
1995	8507
1995	8248
1995	8206
1995	8155
1995	8029
1995	8000
1995	7953
1995	7939
1995	7934
1995	7706
1995	7362
1995	7329
1995	7215
1995	7146
1995	6865
1995	6791
1995	6483
1995	6474
1995	6406
1995	6274
1995	5579
1995	5565
1995	5431
1995	5342
1995	5279
1995	5094
1995	4491
1995	4048
1995	4013
1995	3856
1995	3799
1995	3716
1995	3686
1995	3660
1995	3493
1995	3384
1995	3318
1995	3298
1995	2662
1995	2647
1995	2611
1995	2609
1995	2592
1995	2561
1995	2546
1995	2525
1995	2495
1995	2480
1995	2426
1995	2270
1995	2255
1995	2178
1995	2160
1995	2056
1995	2049
1995	1822
1995	1735
1995	1722
1995	1698
1995	1665
1995	1616
1995	1488
1995	1480
1995	1466
1995	1326
1995	1236
1995	1223
1995	1211
1995	1194
1995	1155
1995	1138
1995	1003
1995	946
1995	908
1995	907
1995	906
1995	891
1995	879
1995	875
1995	811
1995	771
1995	711
1995	710
1995	697
1995	658
1995	645
1995	602
1995	568
1995	555
1995	548
1995	518
1995	503
1995	502
1995	492
1995	484
1995	482
1995	480
1995	414
1995	385
1995	379
1995	376
1995	374
1995	374
1995	370
1995	367
1995	346
1995	345
1995	329
1995	321
1995	316
1995	269
1995	262
1995	259
1995	242
1995	232
1995	185
1995	177
1995	173
1995	156
1995	147
1995	147
1995	141
1995	121
1995	105
1995	105
1995	93
1995	92
1995	87
1995	83
1995	83
1995	83
1995	76
1995	68
1995	65
1995	64
1995	64
1995	60
1995	46
1995	37
1995	36
1995	32
1995	31
1995	27
1995	27
1995	25
1995	25
1995	24
1995	22
1995	20
1995	20
1995	20
1995	19
1995	18
1995	18
1995	17
1995	17
1995	15
1995	14
1995	12
1995	11
1995	10
1995	8
1995	8
1995	8
1995	8
1995	7
1995	7
1995	5
1995	5
1995	5
1995	4
1995	4
1995	4
1995	3
1995	3
1995	3
1995	3
1995	3
1995	2
1995	2
1995	2
1995	1
1995	1
1995	1
1995	1
1995	1
1995	1
1996	862547
1996	540298
1996	94569
1996	70505
1996	64338
1996	51811
1996	49347
1996	41688
1996	31423
1996	30582
1996	30516
1996	29690
1996	29078
1996	24643
1996	24513
1996	23750
1996	21754
1996	20663
1996	19898
1996	17988
1996	17541
1996	17430
1996	17390
1996	13517
1996	13034
1996	10362
1996	10146
1996	10094
1996	9991
1996	9115
1996	9065
1996	8704
1996	8438
1996	8333
1996	8254
1996	8253
1996	8194
1996	8095
1996	8050
1996	8039
1996	8006
1996	7778
1996	7343
1996	7283
1996	7258
1996	7110
1996	6740
1996	6686
1996	6653
1996	6534
1996	6416
1996	6127
1996	5696
1996	5606
1996	5508
1996	5332
1996	5302
1996	5058
1996	4436
1996	3879
1996	3807
1996	3803
1996	3795
1996	3674
1996	3651
1996	3496
1996	3366
1996	3363
1996	3352
1996	3346
1996	2629
1996	2613
1996	2580
1996	2566
1996	2556
1996	2552
1996	2489
1996	2485
1996	2483
1996	2384
1996	2370
1996	2272
1996	2244
1996	2170
1996	2154
1996	2041
1996	2012
1996	1837
1996	1675
1996	1675
1996	1659
1996	1595
1996	1581
1996	1532
1996	1491
1996	1436
1996	1317
1996	1265
1996	1224
1996	1210
1996	1142
1996	1119
1996	1108
1996	973
1996	963
1996	929
1996	901
1996	898
1996	891
1996	868
1996	819
1996	813
1996	783
1996	730
1996	707
1996	696
1996	632
1996	629
1996	587
1996	553
1996	552
1996	514
1996	512
1996	508
1996	487
1996	484
1996	483
1996	482
1996	458
1996	400
1996	385
1996	381
1996	376
1996	375
1996	362
1996	359
1996	353
1996	344
1996	333
1996	325
1996	320
1996	314
1996	268
1996	253
1996	247
1996	234
1996	224
1996	178
1996	170
1996	169
1996	153
1996	148
1996	140
1996	138
1996	118
1996	106
1996	105
1996	96
1996	90
1996	87
1996	84
1996	83
1996	82
1996	76
1996	68
1996	65
1996	64
1996	61
1996	57
1996	45
1996	36
1996	36
1996	31
1996	30
1996	27
1996	27
1996	25
1996	25
1996	24
1996	22
1996	21
1996	20
1996	19
1996	18
1996	18
1996	18
1996	17
1996	17
1996	15
1996	13
1996	12
1996	11
1996	9
1996	8
1996	8
1996	8
1996	8
1996	7
1996	7
1996	5
1996	5
1996	5
1996	4
1996	3
1996	3
1996	3
1996	3
1996	3
1996	3
1996	2
1996	2
1996	2
1996	1
1996	1
1996	1
1996	1
1996	1
1996	1
1996	1
1997	863986
1997	545443
1997	94462
1997	70735
1997	65640
1997	52188
1997	50536
1997	41563
1997	31293
1997	30888
1997	29911
1997	29803
1997	29521
1997	25152
1997	24158
1997	23642
1997	22214
1997	21173
1997	20136
1997	17812
1997	17585
1997	17510
1997	16935
1997	13827
1997	13362
1997	10638
1997	10430
1997	10193
1997	10004
1997	9277
1997	8728
1997	8690
1997	8518
1997	8516
1997	8343
1997	8304
1997	8289
1997	8221
1997	8192
1997	8056
1997	7854
1997	7838
1997	7353
1997	7293
1997	7193
1997	7064
1997	6777
1997	6667
1997	6616
1997	6572
1997	6555
1997	5816
1997	5789
1997	5746
1997	5637
1997	5582
1997	5387
1997	4786
1997	4380
1997	3959
1997	3871
1997	3615
1997	3610
1997	3575
1997	3497
1997	3403
1997	3400
1997	3338
1997	3316
1997	3238
1997	2674
1997	2612
1997	2610
1997	2603
1997	2489
1997	2475
1997	2463
1997	2375
1997	2355
1997	2343
1997	2273
1997	2265
1997	2229
1997	2161
1997	2143
1997	2019
1997	1968
1997	1848
1997	1630
1997	1630
1997	1616
1997	1615
1997	1551
1997	1526
1997	1498
1997	1385
1997	1311
1997	1296
1997	1226
1997	1196
1997	1099
1997	1089
1997	1064
1997	979
1997	952
1997	942
1997	903
1997	895
1997	881
1997	846
1997	815
1997	794
1997	756
1997	738
1997	699
1997	687
1997	620
1997	600
1997	572
1997	549
1997	539
1997	529
1997	497
1997	489
1997	480
1997	477
1997	476
1997	465
1997	438
1997	389
1997	389
1997	383
1997	377
1997	374
1997	348
1997	348
1997	343
1997	340
1997	334
1997	321
1997	319
1997	299
1997	274
1997	247
1997	232
1997	226
1997	216
1997	171
1997	168
1997	161
1997	149
1997	149
1997	133
1997	132
1997	116
1997	108
1997	104
1997	99
1997	88
1997	87
1997	85
1997	82
1997	80
1997	76
1997	68
1997	66
1997	63
1997	61
1997	52
1997	45
1997	36
1997	35
1997	30
1997	28
1997	27
1997	26
1997	25
1997	24
1997	23
1997	22
1997	21
1997	20
1997	19
1997	18
1997	18
1997	18
1997	17
1997	16
1997	14
1997	13
1997	12
1997	11
1997	9
1997	9
1997	8
1997	7
1997	7
1997	7
1997	6
1997	5
1997	5
1997	5
1997	4
1997	3
1997	3
1997	3
1997	3
1997	3
1997	3
1997	2
1997	2
1997	2
1997	1
1997	1
1997	1
1997	1
1997	1
1997	1
1997	1
1998	864848
1998	550360
1998	94360
1998	70910
1998	66694
1998	52504
1998	51693
1998	41427
1998	31178
1998	31177
1998	30132
1998	29924
1998	29074
1998	25642
1998	24026
1998	23529
1998	22664
1998	21691
1998	20375
1998	18238
1998	17487
1998	17483
1998	16444
1998	14028
1998	13672
1998	10920
1998	10723
1998	10392
1998	9954
1998	9498
1998	8798
1998	8706
1998	8683
1998	8477
1998	8378
1998	8348
1998	8312
1998	8282
1998	8184
1998	8090
1998	7871
1998	7657
1998	7358
1998	7329
1998	7095
1998	7006
1998	6860
1998	6801
1998	6694
1998	6504
1998	6453
1998	6326
1998	5939
1998	5669
1998	5652
1998	5465
1998	5441
1998	4515
1998	4323
1998	4040
1998	3943
1998	3648
1998	3578
1998	3451
1998	3439
1998	3424
1998	3330
1998	3280
1998	3192
1998	3116
1998	2740
1998	2665
1998	2641
1998	2616
1998	2462
1998	2428
1998	2357
1998	2302
1998	2268
1998	2267
1998	2229
1998	2213
1998	2162
1998	2148
1998	2130
1998	1958
1998	1923
1998	1857
1998	1741
1998	1580
1998	1576
1998	1558
1998	1525
1998	1502
1998	1458
1998	1327
1998	1327
1998	1306
1998	1236
1998	1182
1998	1082
1998	1036
1998	1022
1998	992
1998	976
1998	914
1998	912
1998	889
1998	857
1998	824
1998	808
1998	804
1998	747
1998	703
1998	692
1998	675
1998	608
1998	570
1998	558
1998	546
1998	544
1998	525
1998	500
1998	485
1998	476
1998	464
1998	446
1998	443
1998	420
1998	397
1998	386
1998	378
1998	378
1998	371
1998	343
1998	341
1998	337
1998	335
1998	327
1998	321
1998	309
1998	285
1998	280
1998	240
1998	222
1998	217
1998	208
1998	166
1998	164
1998	152
1998	150
1998	145
1998	132
1998	125
1998	114
1998	110
1998	103
1998	103
1998	87
1998	86
1998	86
1998	82
1998	79
1998	77
1998	68
1998	67
1998	63
1998	61
1998	47
1998	45
1998	36
1998	35
1998	30
1998	28
1998	27
1998	26
1998	24
1998	24
1998	23
1998	22
1998	21
1998	20
1998	20
1998	18
1998	18
1998	17
1998	17
1998	15
1998	14
1998	12
1998	11
1998	11
1998	9
1998	9
1998	8
1998	7
1998	7
1998	6
1998	6
1998	5
1998	5
1998	5
1998	4
1998	3
1998	3
1998	3
1998	3
1998	3
1998	3
1998	2
1998	2
1998	2
1998	1
1998	1
1998	1
1998	1
1998	1
1998	1
1998	1
1998	1
1999	865029
1999	555031
1999	94146
1999	71024
1999	67623
1999	52831
1999	52789
1999	41270
1999	31425
1999	31059
1999	30347
1999	30256
1999	28344
1999	26132
1999	23905
1999	23508
1999	23116
1999	22215
1999	20604
1999	18678
1999	17486
1999	17438
1999	15961
1999	14241
1999	13979
1999	11207
1999	11026
1999	10594
1999	9864
1999	9736
1999	9077
1999	8904
1999	8669
1999	8596
1999	8572
1999	8393
1999	8329
1999	8119
1999	8101
1999	8041
1999	7880
1999	7462
1999	7357
1999	7356
1999	6991
1999	6935
1999	6930
1999	6926
1999	6898
1999	6838
1999	6391
1999	6327
1999	6064
1999	5718
1999	5716
1999	5489
1999	5157
1999	4266
1999	4259
1999	4124
1999	4011
1999	3816
1999	3540
1999	3501
1999	3476
1999	3250
1999	3244
1999	3174
1999	3056
1999	3005
1999	2803
1999	2741
1999	2665
1999	2639
1999	2455
1999	2371
1999	2261
1999	2259
1999	2250
1999	2196
1999	2164
1999	2133
1999	2117
1999	2114
1999	2066
1999	1927
1999	1880
1999	1866
1999	1844
1999	1534
1999	1533
1999	1503
1999	1502
1999	1501
1999	1393
1999	1360
1999	1298
1999	1277
1999	1246
1999	1156
1999	1065
1999	1008
1999	1001
1999	983
1999	983
1999	924
1999	884
1999	883
1999	834
1999	812
1999	803
1999	798
1999	759
1999	688
1999	670
1999	655
1999	597
1999	560
1999	543
1999	543
1999	541
1999	514
1999	511
1999	475
1999	471
1999	452
1999	428
1999	411
1999	406
1999	404
1999	389
1999	378
1999	370
1999	368
1999	352
1999	340
1999	325
1999	321
1999	321
1999	314
1999	299
1999	287
1999	272
1999	234
1999	212
1999	209
1999	201
1999	161
1999	160
1999	151
1999	144
1999	142
1999	130
1999	115
1999	112
1999	112
1999	106
1999	102
1999	88
1999	88
1999	84
1999	82
1999	77
1999	77
1999	68
1999	67
1999	62
1999	62
1999	45
1999	42
1999	36
1999	34
1999	29
1999	28
1999	26
1999	25
1999	24
1999	23
1999	23
1999	22
1999	21
1999	21
1999	20
1999	18
1999	18
1999	17
1999	16
1999	14
1999	14
1999	12
1999	11
1999	11
1999	9
1999	8
1999	7
1999	7
1999	6
1999	6
1999	6
1999	5
1999	5
1999	5
1999	4
1999	3
1999	3
1999	3
1999	3
1999	3
1999	2
1999	2
1999	2
1999	1
1999	1
1999	1
1999	1
1999	1
1999	1
1999	1
1999	1
2000	864486
2000	559446
2000	93918
2000	71073
2000	68479
2000	53957
2000	53049
2000	41133
2000	31610
2000	30928
2000	30823
2000	30520
2000	27660
2000	26640
2000	23619
2000	23576
2000	23446
2000	22743
2000	20825
2000	19138
2000	17361
2000	16857
2000	15466
2000	14550
2000	14296
2000	11498
2000	11339
2000	10809
2000	9993
2000	9696
2000	9365
2000	9112
2000	8758
2000	8702
2000	8677
2000	8493
2000	8338
2000	8085
2000	7949
2000	7868
2000	7786
2000	7376
2000	7355
2000	7347
2000	7270
2000	7053
2000	6996
2000	6986
2000	6885
2000	6853
2000	6279
2000	6201
2000	6197
2000	5790
2000	5725
2000	5540
2000	4866
2000	4205
2000	4183
2000	4076
2000	4028
2000	3810
2000	3551
2000	3517
2000	3500
2000	3209
2000	3082
2000	3029
2000	2934
2000	2910
2000	2860
2000	2826
2000	2692
2000	2686
2000	2454
2000	2308
2000	2253
2000	2213
2000	2181
2000	2146
2000	2131
2000	2095
2000	2066
2000	2027
2000	1976
2000	1923
2000	1900
2000	1871
2000	1840
2000	1504
2000	1489
2000	1487
2000	1482
2000	1448
2000	1393
2000	1331
2000	1285
2000	1255
2000	1228
2000	1133
2000	1048
2000	1026
2000	1024
2000	947
2000	931
2000	930
2000	878
2000	855
2000	819
2000	815
2000	804
2000	783
2000	772
2000	682
2000	674
2000	610
2000	585
2000	573
2000	540
2000	530
2000	529
2000	514
2000	496
2000	466
2000	465
2000	441
2000	414
2000	411
2000	389
2000	382
2000	380
2000	377
2000	367
2000	361
2000	360
2000	339
2000	321
2000	314
2000	308
2000	302
2000	293
2000	286
2000	259
2000	228
2000	202
2000	200
2000	184
2000	157
2000	156
2000	151
2000	138
2000	136
2000	128
2000	116
2000	110
2000	110
2000	109
2000	101
2000	88
2000	88
2000	82
2000	81
2000	77
2000	76
2000	68
2000	68
2000	62
2000	61
2000	45
2000	38
2000	36
2000	34
2000	29
2000	28
2000	25
2000	24
2000	24
2000	23
2000	23
2000	22
2000	21
2000	21
2000	20
2000	18
2000	18
2000	16
2000	15
2000	14
2000	13
2000	11
2000	11
2000	11
2000	10
2000	9
2000	8
2000	7
2000	7
2000	6
2000	6
2000	6
2000	5
2000	5
2000	5
2000	4
2000	3
2000	3
2000	3
2000	3
2000	2
2000	2
2000	2
2000	2
2000	1
2000	1
2000	1
2000	1
2000	1
2000	1
2000	1
2000	1
2001	863210
2001	563639
2001	93666
2001	71102
2001	69036
2001	55075
2001	53315
2001	40981
2001	31725
2001	31405
2001	30785
2001	30490
2001	27168
2001	26991
2001	24053
2001	23445
2001	23432
2001	23275
2001	20983
2001	19620
2001	17249
2001	16811
2001	14978
2001	14977
2001	14648
2001	11790
2001	11664
2001	11022
2001	10284
2001	9667
2001	9374
2001	9333
2001	8930
2001	8804
2001	8703
2001	8581
2001	8341
2001	8051
2001	7857
2001	7829
2001	7670
2001	7454
2001	7385
2001	7331
2001	7167
2001	7141
2001	7084
2001	7072
2001	6776
2001	6758
2001	6345
2001	6164
2001	6078
2001	5895
2001	5720
2001	5591
2001	4591
2001	4286
2001	4138
2001	4119
2001	3893
2001	3799
2001	3600
2001	3562
2001	3459
2001	3172
2001	2926
2001	2922
2001	2909
2001	2896
2001	2831
2001	2831
2001	2780
2001	2701
2001	2451
2001	2246
2001	2243
2001	2168
2001	2163
2001	2127
2001	2072
2001	2044
2001	1973
2001	1970
2001	1957
2001	1891
2001	1875
2001	1872
2001	1802
2001	1503
2001	1465
2001	1448
2001	1441
2001	1428
2001	1397
2001	1272
2001	1266
2001	1260
2001	1184
2001	1109
2001	1053
2001	1041
2001	1032
2001	934
2001	907
2001	879
2001	872
2001	828
2001	825
2001	800
2001	798
2001	779
2001	765
2001	691
2001	676
2001	584
2001	573
2001	567
2001	544
2001	536
2001	516
2001	492
2001	483
2001	461
2001	455
2001	431
2001	423
2001	396
2001	378
2001	376
2001	373
2001	371
2001	365
2001	356
2001	354
2001	339
2001	319
2001	304
2001	300
2001	296
2001	289
2001	278
2001	246
2001	222
2001	195
2001	187
2001	179
2001	153
2001	151
2001	149
2001	134
2001	129
2001	126
2001	122
2001	113
2001	108
2001	102
2001	99
2001	89
2001	88
2001	81
2001	79
2001	77
2001	74
2001	69
2001	69
2001	62
2001	60
2001	45
2001	36
2001	34
2001	33
2001	28
2001	28
2001	25
2001	23
2001	22
2001	22
2001	22
2001	22
2001	22
2001	21
2001	20
2001	18
2001	18
2001	16
2001	15
2001	14
2001	13
2001	11
2001	11
2001	10
2001	10
2001	9
2001	8
2001	7
2001	6
2001	6
2001	6
2001	5
2001	5
2001	5
2001	5
2001	5
2001	3
2001	3
2001	3
2001	3
2001	2
2001	2
2001	2
2001	2
2001	1
2001	1
2001	1
2001	1
2001	1
2001	1
2001	1
2001	1
2002	861273
2002	567575
2002	93387
2002	71061
2002	69553
2002	56179
2002	53567
2002	40836
2002	32066
2002	31781
2002	30669
2002	30630
2002	27712
2002	26296
2002	24538
2002	23813
2002	23473
2002	23078
2002	21134
2002	20121
2002	17112
2002	16827
2002	15491
2002	14994
2002	14495
2002	12077
2002	12000
2002	11239
2002	10608
2002	9975
2002	9560
2002	9227
2002	9107
2002	8883
2002	8745
2002	8685
2002	8333
2002	7998
2002	7876
2002	7767
2002	7762
2002	7398
2002	7308
2002	7302
2002	7273
2002	7150
2002	7142
2002	6904
2002	6664
2002	6653
2002	6498
2002	6048
2002	6027
2002	5955
2002	5705
2002	5636
2002	4367
2002	4329
2002	4196
2002	4062
2002	4054
2002	3647
2002	3609
2002	3579
2002	3416
2002	3139
2002	3037
2002	2951
2002	2896
2002	2772
2002	2768
2002	2767
2002	2732
2002	2712
2002	2439
2002	2233
2002	2194
2002	2156
2002	2121
2002	2112
2002	2048
2002	1992
2002	1947
2002	1900
2002	1884
2002	1880
2002	1842
2002	1811
2002	1765
2002	1502
2002	1459
2002	1451
2002	1407
2002	1398
2002	1349
2002	1262
2002	1242
2002	1216
2002	1138
2002	1091
2002	1080
2002	1056
2002	1016
2002	936
2002	872
2002	868
2002	829
2002	828
2002	803
2002	796
2002	789
2002	788
2002	747
2002	719
2002	670
2002	593
2002	562
2002	561
2002	531
2002	527
2002	504
2002	471
2002	470
2002	455
2002	446
2002	432
2002	424
2002	382
2002	380
2002	375
2002	369
2002	364
2002	361
2002	346
2002	339
2002	332
2002	317
2002	306
2002	295
2002	284
2002	276
2002	268
2002	234
2002	217
2002	188
2002	174
2002	173
2002	150
2002	147
2002	146
2002	131
2002	128
2002	124
2002	123
2002	116
2002	105
2002	98
2002	95
2002	90
2002	88
2002	80
2002	77
2002	77
2002	72
2002	69
2002	69
2002	63
2002	59
2002	45
2002	36
2002	32
2002	31
2002	29
2002	28
2002	25
2002	23
2002	22
2002	22
2002	22
2002	22
2002	21
2002	21
2002	20
2002	18
2002	18
2002	16
2002	14
2002	13
2002	12
2002	11
2002	10
2002	10
2002	10
2002	9
2002	7
2002	6
2002	6
2002	6
2002	5
2002	5
2002	5
2002	5
2002	5
2002	5
2002	3
2002	3
2002	3
2002	3
2002	2
2002	2
2002	2
2002	2
2002	1
2002	1
2002	1
2002	1
2002	1
2002	1
2002	1
2003	858816
2003	571271
2003	93094
2003	70932
2003	70178
2003	57265
2003	53814
2003	40695
2003	32789
2003	31800
2003	30921
2003	30456
2003	28276
2003	25665
2003	25034
2003	24350
2003	23420
2003	22836
2003	21286
2003	20639
2003	16956
2003	16460
2003	16046
2003	15354
2003	14048
2003	12376
2003	12348
2003	11461
2003	10940
2003	10295
2003	9794
2003	9290
2003	9225
2003	8951
2003	8859
2003	8795
2003	8316
2003	8009
2003	7933
2003	7683
2003	7661
2003	7470
2003	7409
2003	7377
2003	7263
2003	7231
2003	6860
2003	6728
2003	6668
2003	6549
2003	6544
2003	6182
2003	5926
2003	5832
2003	5682
2003	5679
2003	4449
2003	4252
2003	4082
2003	3985
2003	3932
2003	3693
2003	3658
2003	3373
2003	3369
2003	3155
2003	3106
2003	3017
2003	2989
2003	2719
2003	2718
2003	2655
2003	2641
2003	2623
2003	2412
2003	2222
2003	2146
2003	2140
2003	2115
2003	2060
2003	2023
2003	2003
2003	1884
2003	1853
2003	1852
2003	1812
2003	1799
2003	1734
2003	1727
2003	1500
2003	1496
2003	1438
2003	1369
2003	1356
2003	1320
2003	1262
2003	1219
2003	1163
2003	1108
2003	1093
2003	1073
2003	1068
2003	1004
2003	936
2003	864
2003	837
2003	831
2003	794
2003	792
2003	781
2003	780
2003	778
2003	752
2003	730
2003	665
2003	601
2003	579
2003	551
2003	527
2003	492
2003	491
2003	458
2003	449
2003	448
2003	441
2003	438
2003	417
2003	389
2003	368
2003	365
2003	363
2003	357
2003	353
2003	340
2003	339
2003	314
2003	313
2003	310
2003	286
2003	273
2003	264
2003	259
2003	222
2003	211
2003	181
2003	167
2003	160
2003	146
2003	146
2003	143
2003	135
2003	128
2003	123
2003	119
2003	117
2003	103
2003	97
2003	90
2003	89
2003	88
2003	80
2003	77
2003	75
2003	70
2003	70
2003	70
2003	63
2003	58
2003	45
2003	36
2003	32
2003	29
2003	28
2003	27
2003	24
2003	23
2003	23
2003	23
2003	22
2003	22
2003	21
2003	20
2003	19
2003	18
2003	18
2003	15
2003	13
2003	13
2003	11
2003	11
2003	11
2003	10
2003	10
2003	8
2003	7
2003	6
2003	6
2003	6
2003	6
2003	6
2003	5
2003	5
2003	5
2003	5
2003	3
2003	3
2003	3
2003	2
2003	2
2003	2
2003	2
2003	1
2003	1
2003	1
2003	1
2003	1
2003	1
2003	1
2003	1
2004	856009
2004	574748
2004	92751
2004	70781
2004	70695
2004	58326
2004	54054
2004	40541
2004	33549
2004	31810
2004	31114
2004	30256
2004	28860
2004	25534
2004	25012
2004	24883
2004	23358
2004	22320
2004	21430
2004	21171
2004	16795
2004	16581
2004	15907
2004	15716
2004	13623
2004	12709
2004	12684
2004	11687
2004	11282
2004	10620
2004	10033
2004	9482
2004	9148
2004	9011
2004	8949
2004	8846
2004	8293
2004	8134
2004	7866
2004	7642
2004	7593
2004	7558
2004	7487
2004	7411
2004	7316
2004	7212
2004	6826
2004	6587
2004	6560
2004	6435
2004	6431
2004	6352
2004	5817
2004	5725
2004	5701
2004	5652
2004	4528
2004	4307
2004	3974
2004	3912
2004	3848
2004	3736
2004	3705
2004	3330
2004	3273
2004	3173
2004	3134
2004	3072
2004	3024
2004	2727
2004	2679
2004	2553
2004	2548
2004	2485
2004	2375
2004	2212
2004	2136
2004	2108
2004	2078
2004	2023
2004	2011
2004	1998
2004	1888
2004	1801
2004	1797
2004	1764
2004	1718
2004	1692
2004	1659
2004	1532
2004	1498
2004	1426
2004	1330
2004	1316
2004	1295
2004	1265
2004	1196
2004	1137
2004	1112
2004	1090
2004	1052
2004	1041
2004	989
2004	936
2004	861
2004	833
2004	805
2004	802
2004	792
2004	785
2004	777
2004	756
2004	734
2004	715
2004	662
2004	609
2004	596
2004	541
2004	521
2004	478
2004	459
2004	450
2004	447
2004	441
2004	430
2004	430
2004	412
2004	399
2004	358
2004	355
2004	354
2004	353
2004	343
2004	340
2004	336
2004	320
2004	312
2004	290
2004	278
2004	262
2004	251
2004	250
2004	211
2004	206
2004	175
2004	162
2004	149
2004	148
2004	143
2004	142
2004	139
2004	125
2004	122
2004	121
2004	110
2004	100
2004	95
2004	91
2004	89
2004	84
2004	79
2004	77
2004	72
2004	70
2004	70
2004	69
2004	64
2004	56
2004	45
2004	36
2004	31
2004	29
2004	27
2004	25
2004	24
2004	23
2004	23
2004	23
2004	22
2004	21
2004	21
2004	19
2004	19
2004	18
2004	17
2004	15
2004	13
2004	12
2004	11
2004	11
2004	10
2004	10
2004	10
2004	8
2004	7
2004	6
2004	6
2004	6
2004	6
2004	6
2004	5
2004	5
2004	5
2004	4
2004	3
2004	3
2004	3
2004	2
2004	2
2004	2
2004	2
2004	1
2004	1
2004	1
2004	1
2004	1
2004	1
2004	1
2004	1
2005	852968
2005	578393
2005	92351
2005	71513
2005	70341
2005	59358
2005	54298
2005	40364
2005	34296
2005	31834
2005	31118
2005	30019
2005	29467
2005	26034
2005	25406
2005	24374
2005	23280
2005	21984
2005	21714
2005	21602
2005	17051
2005	16637
2005	16074
2005	15581
2005	13212
2005	13083
2005	12992
2005	11917
2005	11619
2005	10963
2005	10276
2005	9683
2005	9070
2005	9065
2005	8980
2005	8890
2005	8295
2005	8263
2005	7817
2005	7798
2005	7602
2005	7496
2005	7450
2005	7408
2005	7405
2005	7158
2005	6955
2005	6531
2005	6400
2005	6358
2005	6332
2005	6309
2005	5755
2005	5737
2005	5702
2005	5566
2005	4607
2005	4363
2005	4005
2005	3836
2005	3777
2005	3750
2005	3627
2005	3385
2005	3287
2005	3235
2005	3059
2005	3036
2005	2988
2005	2736
2005	2640
2005	2467
2005	2441
2005	2370
2005	2355
2005	2202
2005	2128
2005	2103
2005	2064
2005	2023
2005	1976
2005	1963
2005	1893
2005	1766
2005	1743
2005	1683
2005	1653
2005	1641
2005	1588
2005	1570
2005	1496
2005	1414
2005	1292
2005	1275
2005	1269
2005	1264
2005	1175
2005	1166
2005	1108
2005	1063
2005	1021
2005	1012
2005	976
2005	936
2005	860
2005	834
2005	812
2005	810
2005	779
2005	776
2005	776
2005	736
2005	699
2005	692
2005	654
2005	616
2005	612
2005	532
2005	514
2005	466
2005	460
2005	437
2005	433
2005	428
2005	422
2005	411
2005	409
2005	408
2005	354
2005	350
2005	346
2005	342
2005	340
2005	333
2005	328
2005	327
2005	310
2005	271
2005	271
2005	252
2005	243
2005	240
2005	202
2005	200
2005	169
2005	159
2005	156
2005	147
2005	140
2005	136
2005	134
2005	125
2005	121
2005	120
2005	104
2005	97
2005	94
2005	91
2005	89
2005	78
2005	78
2005	77
2005	71
2005	71
2005	70
2005	67
2005	64
2005	55
2005	45
2005	35
2005	31
2005	30
2005	27
2005	24
2005	24
2005	23
2005	22
2005	22
2005	22
2005	21
2005	21
2005	19
2005	18
2005	18
2005	17
2005	15
2005	13
2005	12
2005	11
2005	11
2005	10
2005	9
2005	9
2005	8
2005	8
2005	7
2005	6
2005	6
2005	5
2005	5
2005	5
2005	5
2005	4
2005	4
2005	3
2005	3
2005	2
2005	2
2005	2
2005	2
2005	2
2005	1
2005	1
2005	1
2005	1
2005	1
2005	1
2005	1
2005	1
2006	849766
2006	581885
2006	91858
2006	72269
2006	69865
2006	60362
2006	54542
2006	40183
2006	35015
2006	31880
2006	31247
2006	30096
2006	29753
2006	26535
2006	25918
2006	23742
2006	23187
2006	22265
2006	21802
2006	21638
2006	17445
2006	16504
2006	16426
2006	15428
2006	13471
2006	13298
2006	12828
2006	12149
2006	11952
2006	11320
2006	10522
2006	9903
2006	9143
2006	9124
2006	8927
2006	8890
2006	8497
2006	8227
2006	7992
2006	7732
2006	7724
2006	7499
2006	7396
2006	7389
2006	7338
2006	7101
2006	7059
2006	6720
2006	6250
2006	6235
2006	6184
2006	6114
2006	5805
2006	5782
2006	5591
2006	5433
2006	4685
2006	4420
2006	4026
2006	3816
2006	3790
2006	3756
2006	3490
2006	3417
2006	3318
2006	3244
2006	3094
2006	2999
2006	2812
2006	2745
2006	2606
2006	2379
2006	2339
2006	2336
2006	2233
2006	2194
2006	2131
2006	2121
2006	2080
2006	1968
2006	1956
2006	1920
2006	1897
2006	1733
2006	1679
2006	1608
2006	1606
2006	1566
2006	1520
2006	1510
2006	1495
2006	1400
2006	1276
2006	1252
2006	1234
2006	1225
2006	1195
2006	1158
2006	1126
2006	1015
2006	994
2006	976
2006	964
2006	936
2006	861
2006	837
2006	833
2006	817
2006	780
2006	767
2006	749
2006	717
2006	685
2006	657
2006	655
2006	626
2006	625
2006	523
2006	507
2006	469
2006	454
2006	427
2006	425
2006	417
2006	414
2006	407
2006	397
2006	391
2006	351
2006	347
2006	341
2006	339
2006	335
2006	330
2006	324
2006	323
2006	309
2006	264
2006	253
2006	242
2006	235
2006	228
2006	198
2006	190
2006	175
2006	162
2006	152
2006	151
2006	137
2006	131
2006	128
2006	125
2006	117
2006	117
2006	98
2006	96
2006	94
2006	92
2006	92
2006	88
2006	77
2006	77
2006	72
2006	71
2006	71
2006	68
2006	65
2006	64
2006	54
2006	45
2006	35
2006	30
2006	30
2006	27
2006	25
2006	23
2006	23
2006	22
2006	22
2006	21
2006	21
2006	20
2006	19
2006	18
2006	17
2006	16
2006	15
2006	13
2006	11
2006	11
2006	11
2006	9
2006	9
2006	9
2006	9
2006	8
2006	7
2006	6
2006	6
2006	5
2006	5
2006	5
2006	5
2006	4
2006	4
2006	3
2006	3
2006	2
2006	2
2006	2
2006	2
2006	2
2006	1
2006	1
2006	1
2006	1
2006	1
2006	1
2006	1
2007	846271
2007	584421
2007	91342
2007	72614
2007	69360
2007	61342
2007	54785
2007	40000
2007	35667
2007	31937
2007	31277
2007	30740
2007	29452
2007	27035
2007	26406
2007	23070
2007	23016
2007	22827
2007	21966
2007	21372
2007	17742
2007	16765
2007	16355
2007	15187
2007	13872
2007	13593
2007	12464
2007	12397
2007	12263
2007	11686
2007	10769
2007	10118
2007	9179
2007	9170
2007	8959
2007	8723
2007	8671
2007	8185
2007	8176
2007	7846
2007	7666
2007	7600
2007	7421
2007	7273
2007	7258
2007	7148
2007	7092
2007	6917
2007	6143
2007	6088
2007	6056
2007	5852
2007	5834
2007	5803
2007	5476
2007	5307
2007	4763
2007	4477
2007	4063
2007	3858
2007	3828
2007	3668
2007	3588
2007	3377
2007	3218
2007	3213
2007	3126
2007	2972
2007	2754
2007	2645
2007	2576
2007	2333
2007	2295
2007	2243
2007	2216
2007	2181
2007	2116
2007	2114
2007	2066
2007	1936
2007	1930
2007	1907
2007	1870
2007	1701
2007	1638
2007	1609
2007	1571
2007	1496
2007	1494
2007	1454
2007	1444
2007	1385
2007	1280
2007	1224
2007	1212
2007	1196
2007	1192
2007	1146
2007	1143
2007	973
2007	965
2007	952
2007	938
2007	936
2007	862
2007	850
2007	837
2007	823
2007	786
2007	762
2007	724
2007	698
2007	671
2007	645
2007	640
2007	633
2007	621
2007	515
2007	502
2007	480
2007	442
2007	423
2007	416
2007	416
2007	406
2007	401
2007	372
2007	370
2007	348
2007	343
2007	342
2007	339
2007	335
2007	317
2007	315
2007	315
2007	309
2007	257
2007	236
2007	233
2007	228
2007	221
2007	194
2007	193
2007	180
2007	157
2007	154
2007	147
2007	135
2007	131
2007	128
2007	116
2007	115
2007	114
2007	94
2007	93
2007	93
2007	92
2007	90
2007	89
2007	76
2007	76
2007	72
2007	72
2007	68
2007	66
2007	64
2007	63
2007	53
2007	45
2007	35
2007	30
2007	30
2007	26
2007	26
2007	23
2007	23
2007	22
2007	22
2007	21
2007	20
2007	19
2007	18
2007	18
2007	16
2007	15
2007	14
2007	13
2007	12
2007	11
2007	10
2007	10
2007	9
2007	8
2007	8
2007	7
2007	7
2007	7
2007	6
2007	5
2007	5
2007	5
2007	5
2007	4
2007	4
2007	3
2007	3
2007	2
2007	2
2007	2
2007	2
2007	1
2007	1
2007	1
2007	1
2007	1
2007	1
2007	1
2007	1
2008	842601
2008	587206
2008	90775
2008	73154
2008	68728
2008	62294
2008	55028
2008	39808
2008	36359
2008	32008
2008	31418
2008	31281
2008	29125
2008	27543
2008	26890
2008	23396
2008	22949
2008	22354
2008	22140
2008	21031
2008	18053
2008	17104
2008	16214
2008	14950
2008	14288
2008	13904
2008	12640
2008	12578
2008	12134
2008	12066
2008	11018
2008	10354
2008	9242
2008	9217
2008	8985
2008	8971
2008	8532
2008	8359
2008	8136
2008	7982
2008	7710
2008	7602
2008	7421
2008	7229
2008	7174
2008	7162
2008	7115
2008	7049
2008	6055
2008	5941
2008	5928
2008	5901
2008	5828
2008	5629
2008	5365
2008	5174
2008	4839
2008	4534
2008	4075
2008	3894
2008	3862
2008	3683
2008	3581
2008	3430
2008	3178
2008	3159
2008	3031
2008	2937
2008	2764
2008	2551
2008	2488
2008	2315
2008	2311
2008	2209
2008	2173
2008	2149
2008	2107
2008	2050
2008	2006
2008	1919
2008	1914
2008	1884
2008	1826
2008	1673
2008	1673
2008	1538
2008	1532
2008	1496
2008	1425
2008	1391
2008	1383
2008	1370
2008	1286
2008	1254
2008	1173
2008	1164
2008	1162
2008	1158
2008	1135
2008	940
2008	940
2008	936
2008	931
2008	904
2008	865
2008	863
2008	839
2008	831
2008	794
2008	754
2008	701
2008	682
2008	657
2008	652
2008	642
2008	639
2008	589
2008	508
2008	495
2008	490
2008	432
2008	431
2008	406
2008	406
2008	399
2008	398
2008	355
2008	350
2008	346
2008	345
2008	340
2008	338
2008	331
2008	309
2008	308
2008	306
2008	305
2008	251
2008	224
2008	221
2008	220
2008	212
2008	212
2008	190
2008	171
2008	157
2008	152
2008	143
2008	135
2008	132
2008	125
2008	114
2008	110
2008	106
2008	93
2008	92
2008	88
2008	88
2008	88
2008	87
2008	76
2008	75
2008	73
2008	72
2008	64
2008	64
2008	63
2008	62
2008	52
2008	45
2008	35
2008	30
2008	29
2008	26
2008	26
2008	23
2008	23
2008	22
2008	22
2008	20
2008	20
2008	19
2008	18
2008	16
2008	15
2008	15
2008	14
2008	12
2008	12
2008	12
2008	11
2008	10
2008	9
2008	8
2008	8
2008	8
2008	8
2008	7
2008	6
2008	5
2008	5
2008	5
2008	5
2008	4
2008	4
2008	3
2008	3
2008	2
2008	2
2008	2
2008	2
2008	1
2008	1
2008	1
2008	1
2008	1
2008	1
2008	1
2008	1
2009	838683
2009	589823
2009	90176
2009	73682
2009	68079
2009	63231
2009	55264
2009	39609
2009	37050
2009	32124
2009	32088
2009	31274
2009	28779
2009	28065
2009	27370
2009	23972
2009	22813
2009	22301
2009	21705
2009	20689
2009	18385
2009	17442
2009	16073
2009	14717
2009	14712
2009	14216
2009	12894
2009	12884
2009	12457
2009	11818
2009	11267
2009	10600
2009	9297
2009	9263
2009	9231
2009	9008
2009	8546
2009	8394
2009	8126
2009	8080
2009	7831
2009	7542
2009	7416
2009	7305
2009	7303
2009	7106
2009	7066
2009	7006
2009	5976
2009	5968
2009	5851
2009	5799
2009	5798
2009	5416
2009	5256
2009	5039
2009	4914
2009	4591
2009	4080
2009	3930
2009	3893
2009	3778
2009	3495
2009	3476
2009	3190
2009	3143
2009	2903
2009	2853
2009	2774
2009	2526
2009	2401
2009	2340
2009	2297
2009	2164
2009	2123
2009	2099
2009	2058
2009	2033
2009	1922
2009	1903
2009	1901
2009	1839
2009	1784
2009	1707
2009	1647
2009	1497
2009	1493
2009	1468
2009	1359
2009	1354
2009	1330
2009	1323
2009	1290
2009	1284
2009	1182
2009	1136
2009	1134
2009	1123
2009	1121
2009	936
2009	929
2009	916
2009	891
2009	877
2009	871
2009	867
2009	841
2009	838
2009	800
2009	746
2009	678
2009	666
2009	663
2009	650
2009	644
2009	633
2009	559
2009	500
2009	500
2009	488
2009	441
2009	419
2009	397
2009	396
2009	395
2009	391
2009	357
2009	344
2009	339
2009	337
2009	337
2009	326
2009	321
2009	309
2009	301
2009	298
2009	293
2009	245
2009	226
2009	216
2009	214
2009	206
2009	203
2009	187
2009	162
2009	159
2009	146
2009	138
2009	138
2009	130
2009	122
2009	112
2009	107
2009	97
2009	94
2009	90
2009	88
2009	86
2009	85
2009	82
2009	76
2009	74
2009	73
2009	73
2009	64
2009	61
2009	60
2009	60
2009	51
2009	45
2009	35
2009	30
2009	29
2009	27
2009	26
2009	23
2009	23
2009	22
2009	22
2009	20
2009	20
2009	19
2009	18
2009	15
2009	14
2009	14
2009	14
2009	13
2009	12
2009	11
2009	11
2009	9
2009	9
2009	8
2009	8
2009	8
2009	7
2009	7
2009	6
2009	5
2009	5
2009	5
2009	4
2009	4
2009	4
2009	3
2009	3
2009	2
2009	2
2009	2
2009	2
2009	1
2009	1
2009	1
2009	1
2009	1
2009	1
2009	1
2009	1
2010	834491
2010	592277
2010	89554
2010	74189
2010	67445
2010	64158
2010	55489
2010	39405
2010	37742
2010	32856
2010	32171
2010	31263
2010	28605
2010	28420
2010	27847
2010	24554
2010	22664
2010	22443
2010	21074
2010	20344
2010	18768
2010	17781
2010	15929
2010	15160
2010	14529
2010	14472
2010	13212
2010	13129
2010	12859
2010	11516
2010	11510
2010	10856
2010	9494
2010	9343
2010	9311
2010	9027
2010	8734
2010	8278
2010	8260
2010	8018
2010	7964
2010	7484
2010	7481
2010	7404
2010	7372
2010	7079
2010	6969
2010	6966
2010	6059
2010	5880
2010	5873
2010	5671
2010	5658
2010	5212
2010	5148
2010	4987
2010	4902
2010	4646
2010	4080
2010	3966
2010	3920
2010	3875
2010	3522
2010	3409
2010	3220
2010	3110
2010	2867
2010	2783
2010	2685
2010	2502
2010	2477
2010	2279
2010	2199
2010	2154
2010	2091
2010	2038
2010	2016
2010	1968
2010	1930
2010	1888
2010	1802
2010	1795
2010	1742
2010	1741
2010	1621
2010	1497
2010	1456
2010	1400
2010	1339
2010	1314
2010	1295
2010	1291
2010	1271
2010	1266
2010	1202
2010	1111
2010	1109
2010	1095
2010	1085
2010	935
2010	918
2010	895
2010	893
2010	869
2010	853
2010	845
2010	844
2010	840
2010	804
2010	738
2010	674
2010	658
2010	656
2010	650
2010	631
2010	627
2010	532
2010	510
2010	493
2010	480
2010	450
2010	408
2010	390
2010	387
2010	387
2010	383
2010	364
2010	342
2010	336
2010	335
2010	323
2010	322
2010	309
2010	299
2010	294
2010	290
2010	282
2010	239
2010	234
2010	208
2010	208
2010	193
2010	192
2010	183
2010	161
2010	154
2010	142
2010	141
2010	134
2010	127
2010	119
2010	110
2010	104
2010	95
2010	89
2010	88
2010	88
2010	84
2010	81
2010	77
2010	76
2010	74
2010	73
2010	73
2010	64
2010	59
2010	58
2010	56
2010	50
2010	45
2010	35
2010	30
2010	28
2010	28
2010	26
2010	23
2010	22
2010	22
2010	21
2010	20
2010	20
2010	18
2010	18
2010	14
2010	14
2010	13
2010	13
2010	13
2010	12
2010	11
2010	11
2010	9
2010	8
2010	8
2010	8
2010	7
2010	7
2010	7
2010	5
2010	5
2010	5
2010	5
2010	4
2010	4
2010	3
2010	3
2010	3
2010	2
2010	2
2010	2
2010	2
2010	1
2010	1
2010	1
2010	1
2010	1
2010	1
2010	1
2010	1
2011	830037
2011	594571
2011	88911
2011	74678
2011	66836
2011	65076
2011	55701
2011	39195
2011	38434
2011	33615
2011	32258
2011	31251
2011	29163
2011	28323
2011	28049
2011	25139
2011	22563
2011	22501
2011	20461
2011	19998
2011	19209
2011	18121
2011	15783
2011	15617
2011	14841
2011	14229
2011	13535
2011	13375
2011	13271
2011	11764
2011	11210
2011	11123
2011	9761
2011	9381
2011	9363
2011	9042
2011	8925
2011	8439
2011	8129
2011	8110
2011	7950
2011	7638
2011	7438
2011	7431
2011	7383
2011	7098
2011	6929
2011	6871
2011	6148
2011	5895
2011	5792
2011	5543
2011	5520
2011	5057
2011	5043
2011	5017
2011	4762
2011	4700
2011	4074
2011	4002
2011	3976
2011	3944
2011	3567
2011	3325
2011	3249
2011	3077
2011	2832
2011	2792
2011	2536
2011	2527
2011	2476
2011	2261
2011	2143
2011	2082
2011	2066
2011	1998
2011	1954
2011	1939
2011	1880
2011	1873
2011	1774
2011	1752
2011	1707
2011	1702
2011	1597
2011	1498
2011	1427
2011	1344
2011	1334
2011	1323
2011	1290
2011	1234
2011	1222
2011	1216
2011	1210
2011	1098
2011	1082
2011	1079
2011	1049
2011	933
2011	916
2011	907
2011	871
2011	869
2011	850
2011	846
2011	817
2011	809
2011	804
2011	730
2011	685
2011	666
2011	634
2011	634
2011	621
2011	619
2011	519
2011	505
2011	485
2011	473
2011	459
2011	397
2011	387
2011	383
2011	378
2011	378
2011	372
2011	339
2011	336
2011	332
2011	318
2011	310
2011	309
2011	287
2011	283
2011	278
2011	271
2011	234
2011	232
2011	202
2011	200
2011	184
2011	179
2011	179
2011	164
2011	146
2011	145
2011	137
2011	129
2011	125
2011	116
2011	108
2011	100
2011	96
2011	88
2011	86
2011	82
2011	82
2011	78
2011	75
2011	75
2011	73
2011	72
2011	72
2011	64
2011	57
2011	57
2011	52
2011	49
2011	44
2011	35
2011	30
2011	29
2011	27
2011	25
2011	23
2011	22
2011	22
2011	21
2011	20
2011	19
2011	18
2011	18
2011	14
2011	14
2011	13
2011	12
2011	12
2011	12
2011	11
2011	11
2011	8
2011	8
2011	8
2011	8
2011	7
2011	7
2011	6
2011	5
2011	5
2011	5
2011	5
2011	4
2011	4
2011	3
2011	3
2011	3
2011	2
2011	2
2011	2
2011	2
2011	1
2011	1
2011	1
2011	1
2011	1
2011	1
2011	1
