1961	56217601
1961	53494500
1961	16160400
1961	14426200
1961	12084000
1961	10150000
1961	8997400
1961	6834100
1961	5392480
1961	4679000
1961	3910100
1961	2458000
1961	2383000
1961	2108000
1961	1809000
1961	1690000
1961	1465000
1961	1142000
1961	1089080
1961	923024
1961	699800
1961	600000
1961	540000
1961	473600
1961	393500
1961	332944
1961	331877
1961	319000
1961	264000
1961	233300
1961	229500
1961	215103
1961	210940
1961	206908
1961	203000
1961	185000
1961	177384
1961	156000
1961	149000
1961	133690
1961	133000
1961	118000
1961	115000
1961	112856
1961	108905
1961	104720
1961	94000
1961	85000
1961	83100
1961	81247
1961	80658
1961	71562
1961	70800
1961	68453
1961	60866
1961	60400
1961	55000
1961	50000
1961	38659
1961	38182
1961	37000
1961	36490
1961	34320
1961	31000
1961	30400
1961	30171
1961	29465
1961	29000
1961	23000
1961	22760
1961	19600
1961	19000
1961	18700
1961	17882
1961	16757
1961	15000
1961	14530
1961	12563
1961	11928
1961	10160
1961	9550
1961	9512
1961	9404
1961	9000
1961	4908
1961	4877
1961	4603
1961	4173
1961	3583
1961	3500
1961	3200
1961	3000
1961	3000
1961	2900
1961	2800
1961	2540
1961	1931
1961	1600
1961	1000
1961	848
1961	785
1961	756
1961	500
1961	500
1961	385
1961	200
1961	6
1962	65675288
1962	49825600
1962	16927100
1962	13304500
1962	13004000
1962	11250000
1962	9747040
1962	7664700
1962	5556830
1962	4074000
1962	3966980
1962	2996000
1962	2108320
1962	2039000
1962	2038000
1962	1897100
1962	1643000
1962	1552000
1962	1125340
1962	1029190
1962	851000
1962	663000
1962	585000
1962	510000
1962	392400
1962	391361
1962	319000
1962	314976
1962	288972
1962	275000
1962	257000
1962	253000
1962	230920
1962	229000
1962	220991
1962	220270
1962	209000
1962	190000
1962	182300
1962	173500
1962	139000
1962	130230
1962	120000
1962	113100
1962	111300
1962	109703
1962	104000
1962	103133
1962	85000
1962	79161
1962	78480
1962	77000
1962	74100
1962	68388
1962	65100
1962	60704
1962	60000
1962	50000
1962	45220
1962	39037
1962	38571
1962	38000
1962	36848
1962	36355
1962	31000
1962	30481
1962	25634
1962	23500
1962	23200
1962	23000
1962	22455
1962	20100
1962	17788
1962	17000
1962	16800
1962	16359
1962	15300
1962	15200
1962	12336
1962	11196
1962	10600
1962	9048
1962	9000
1962	8000
1962	5767
1962	5683
1962	5245
1962	5080
1962	4601
1962	4000
1962	3550
1962	3300
1962	2900
1962	2750
1962	2177
1962	2120
1962	1600
1962	1091
1962	1000
1962	949
1962	750
1962	738
1962	620
1962	553
1962	500
1962	220
1962	6
1963	76439280
1963	55497000
1963	16648800
1963	15934900
1963	12171000
1963	11595000
1963	9622670
1963	7782900
1963	5740070
1963	5079000
1963	3842860
1963	3187000
1963	2622000
1963	2219000
1963	2109000
1963	2072500
1963	1788000
1963	1559000
1963	1190210
1963	1045910
1963	861000
1963	564300
1963	550000
1963	520000
1963	398600
1963	350000
1963	331000
1963	319000
1963	296373
1963	269860
1963	236900
1963	230015
1963	219000
1963	216700
1963	211000
1963	195000
1963	183000
1963	178200
1963	166273
1963	165000
1963	163616
1963	143216
1963	140000
1963	131117
1963	125000
1963	117849
1963	117390
1963	111146
1963	106000
1963	100000
1963	79270
1963	76992
1963	76861
1963	74844
1963	69000
1963	64000
1963	60000
1963	51300
1963	50000
1963	48104
1963	46600
1963	42857
1963	42316
1963	39000
1963	34000
1963	32514
1963	30990
1963	25000
1963	25000
1963	23300
1963	22927
1963	21947
1963	20637
1963	20000
1963	18032
1963	16000
1963	14000
1963	13000
1963	10750
1963	10588
1963	10400
1963	10050
1963	10000
1963	9135
1963	6709
1963	6659
1963	5588
1963	4603
1963	4300
1963	3868
1963	3700
1963	3200
1963	2680
1963	2540
1963	2248
1963	1814
1963	1650
1963	1600
1963	1225
1963	1138
1963	1082
1963	872
1963	673
1963	600
1963	240
1963	60
1963	7
1964	85853780
1964	58962000
1964	16356100
1964	15753600
1964	12306000
1964	11600000
1964	9697030
1964	8507700
1964	6344930
1964	5344000
1964	3992400
1964	3319000
1964	2760000
1964	2201000
1964	2176100
1964	2036000
1964	2025000
1964	1648080
1964	1109780
1964	1074050
1964	923000
1964	735000
1964	624000
1964	600000
1964	438000
1964	398060
1964	380000
1964	373000
1964	351475
1964	299507
1964	274430
1964	248000
1964	240190
1964	239990
1964	220000
1964	190000
1964	184350
1964	181400
1964	166700
1964	165753
1964	157800
1964	147322
1964	146000
1964	143058
1964	130000
1964	127743
1964	122958
1964	121900
1964	110000
1964	106759
1964	105000
1964	87963
1964	80440
1964	78000
1964	68000
1964	55000
1964	53800
1964	48400
1964	47142
1964	47138
1964	45000
1964	42877
1964	40000
1964	38000
1964	36578
1964	34888
1964	34000
1964	33077
1964	31460
1964	27500
1964	26000
1964	25300
1964	25000
1964	20000
1964	19900
1964	17984
1964	14099
1964	13200
1964	12696
1964	11790
1964	11000
1964	10300
1964	9859
1964	8173
1964	6314
1964	6000
1964	5014
1964	4717
1964	4000
1964	3441
1964	3300
1964	2880
1964	2743
1964	2600
1964	2500
1964	2300
1964	2045
1964	1900
1964	1500
1964	1200
1964	1007
1964	997
1964	963
1964	700
1964	260
1964	70
1964	7
1964	4
1965	90705630
1965	45883500
1965	16126100
1965	15750500
1965	12975000
1965	11164000
1965	9369700
1965	8055100
1965	7579650
1965	4867000
1965	4072640
1965	3460000
1965	2500000
1965	2207000
1965	1975000
1965	1905000
1965	1789000
1965	1589350
1965	1255610
1965	1022000
1965	764158
1965	740000
1965	672000
1965	542500
1965	508900
1965	399000
1965	380000
1965	377531
1965	349634
1965	290520
1965	267600
1965	265545
1965	250810
1965	250000
1965	246046
1965	231000
1965	216700
1965	199900
1965	178434
1965	167446
1965	162000
1965	158000
1965	151472
1965	136557
1965	135000
1965	122275
1965	104461
1965	100605
1965	97830
1965	93000
1965	90042
1965	85300
1965	79956
1965	72954
1965	72000
1965	54970
1965	53500
1965	51286
1965	48880
1965	47000
1965	45816
1965	41000
1965	36883
1965	34875
1965	33490
1965	32615
1965	32000
1965	25000
1965	24700
1965	24600
1965	21600
1965	21423
1965	21000
1965	15678
1965	14326
1965	14100
1965	13250
1965	13151
1965	12000
1965	11704
1965	10474
1965	10225
1965	10200
1965	9536
1965	6500
1965	5942
1965	5530
1965	5443
1965	5000
1965	4750
1965	4200
1965	3300
1965	2946
1965	2600
1965	2439
1965	2372
1965	2178
1965	2100
1965	2000
1965	1500
1965	1479
1965	1120
1965	1017
1965	650
1965	280
1965	75
1965	8
1965	7
1966	98403990
1966	45657000
1966	16564000
1966	14363000
1966	13650000
1966	13500000
1966	8463500
1966	6636400
1966	5801810
1966	5448000
1966	4094020
1966	3856420
1966	2376000
1966	2128300
1966	2047000
1966	2007300
1966	1678000
1966	1602800
1966	1226680
1966	1098000
1966	980746
1966	754000
1966	680000
1966	662000
1966	621000
1966	434000
1966	375400
1966	374032
1966	372227
1966	337000
1966	279901
1966	278200
1966	275600
1966	261905
1966	250000
1966	199000
1966	194955
1966	187000
1966	182087
1966	177912
1966	165300
1966	158000
1966	154025
1966	141000
1966	140105
1966	133082
1966	125338
1966	102340
1966	98259
1966	90663
1966	89700
1966	83746
1966	80138
1966	79000
1966	76700
1966	76000
1966	63999
1966	63200
1966	55500
1966	51714
1966	50427
1966	48358
1966	48000
1966	42000
1966	38000
1966	36955
1966	36900
1966	30955
1966	30000
1966	30000
1966	24800
1966	23000
1966	20500
1966	18000
1966	16600
1966	15794
1966	14698
1966	14326
1966	13000
1966	11764
1966	11195
1966	11000
1966	10524
1966	10100
1966	10000
1966	6568
1966	6500
1966	6198
1966	6000
1966	5550
1966	3500
1966	3408
1966	3000
1966	2600
1966	2130
1966	2000
1966	1967
1966	1526
1966	1500
1966	1420
1966	1390
1966	700
1966	550
1966	394
1966	305
1966	130
1966	12
1966	10
1967	96734816
1967	56418300
1967	18782000
1967	16757000
1967	13222000
1967	11198000
1967	9188400
1967	7769400
1967	6791990
1967	5008000
1967	4560700
1967	4054140
1967	2457000
1967	2278000
1967	2248000
1967	2119430
1967	1976800
1967	1706400
1967	1205070
1967	1158150
1967	960000
1967	833000
1967	811000
1967	744700
1967	661500
1967	468000
1967	461420
1967	417888
1967	396000
1967	385000
1967	365878
1967	344600
1967	314921
1967	273490
1967	239980
1967	233300
1967	223052
1967	222635
1967	221000
1967	217000
1967	169300
1967	167452
1967	150926
1967	146035
1967	142000
1967	137500
1967	119529
1967	116990
1967	115617
1967	109687
1967	100423
1967	95000
1967	93425
1967	85000
1967	84000
1967	77847
1967	77000
1967	72093
1967	68497
1967	68000
1967	57120
1967	56651
1967	52327
1967	45000
1967	43540
1967	43094
1967	43000
1967	33000
1967	32522
1967	32305
1967	28030
1967	27500
1967	22191
1967	20706
1967	20321
1967	20200
1967	18170
1967	15938
1967	15291
1967	14733
1967	12000
1967	12000
1967	11968
1967	11254
1967	10500
1967	7824
1967	7600
1967	7000
1967	6359
1967	5523
1967	4558
1967	4000
1967	3000
1967	3000
1967	2115
1967	2000
1967	1785
1967	1615
1967	1500
1967	1400
1967	1253
1967	737
1967	562
1967	400
1967	207
1967	152
1967	90
1967	24
1967	5
1968	97716767
1968	59641800
1968	18779000
1968	17162800
1968	17015500
1968	12410000
1968	8366150
1968	8022900
1968	6652390
1968	4723780
1968	4444660
1968	4442000
1968	3251000
1968	3048000
1968	2591000
1968	2178260
1968	1913000
1968	1796500
1968	1433950
1968	1359540
1968	989000
1968	980000
1968	786300
1968	771000
1968	648100
1968	426100
1968	402000
1968	365400
1968	362134
1968	353500
1968	353000
1968	347249
1968	286195
1968	285585
1968	282900
1968	244592
1968	228000
1968	205000
1968	186700
1968	181406
1968	176000
1968	163038
1968	152000
1968	149023
1968	146720
1968	135700
1968	115626
1968	113749
1968	107400
1968	104456
1968	104000
1968	102468
1968	93488
1968	86800
1968	84810
1968	79616
1968	78426
1968	77000
1968	73560
1968	65332
1968	60281
1968	58300
1968	45000
1968	44000
1968	41119
1968	41000
1968	40905
1968	39033
1968	38929
1968	37000
1968	35000
1968	25061
1968	21566
1968	20802
1968	18747
1968	18000
1968	17800
1968	17600
1968	15847
1968	15148
1968	12807
1968	12794
1968	11000
1968	10179
1968	9800
1968	9100
1968	8000
1968	7612
1968	6110
1968	5625
1968	5522
1968	4600
1968	4400
1968	3500
1968	3000
1968	2875
1968	2868
1968	2032
1968	2000
1968	1779
1968	1471
1968	975
1968	662
1968	601
1968	596
1968	514
1968	191
1968	118
1968	33
1968	20
1969	97998492
1969	60644500
1969	18200000
1969	18020200
1969	18007300
1969	13410000
1969	8815000
1969	7984700
1969	6394290
1969	5688000
1969	5464080
1969	4168670
1969	3601000
1969	2561000
1969	2503000
1969	2343400
1969	2241230
1969	1844000
1969	1590600
1969	1375960
1969	1029000
1969	1020000
1969	895503
1969	861900
1969	694485
1969	507000
1969	444432
1969	410500
1969	407000
1969	394938
1969	345000
1969	325000
1969	318000
1969	303000
1969	298215
1969	274340
1969	267000
1969	243874
1969	224615
1969	211300
1969	195000
1969	191106
1969	175805
1969	170000
1969	165243
1969	163000
1969	156500
1969	155900
1969	134496
1969	126000
1969	113328
1969	101404
1969	95390
1969	93800
1969	88500
1969	83375
1969	83000
1969	68372
1969	67483
1969	60963
1969	58157
1969	51000
1969	50058
1969	45000
1969	39068
1969	38000
1969	36719
1969	36650
1969	36578
1969	35682
1969	27820
1969	27500
1969	27157
1969	22700
1969	17273
1969	17200
1969	15945
1969	15000
1969	14505
1969	14276
1969	13678
1969	12767
1969	12320
1969	12129
1969	10224
1969	10000
1969	7983
1969	6782
1969	6711
1969	6000
1969	4767
1969	4500
1969	4000
1969	3470
1969	3446
1969	3000
1969	2905
1969	2605
1969	2426
1969	2000
1969	1793
1969	1422
1969	1144
1969	813
1969	711
1969	497
1969	417
1969	258
1969	60
1969	45
1970	113101869
1970	63337800
1970	19331000
1970	16714900
1970	16493000
1970	13850000
1970	10173300
1970	8161900
1970	7553080
1970	5578410
1970	5476000
1970	3814000
1970	3801310
1970	3298400
1970	2604000
1970	2327500
1970	2304200
1970	1945900
1970	1681420
1970	1615930
1970	1190000
1970	1056000
1970	903231
1970	818500
1970	752595
1970	586721
1970	450000
1970	407000
1970	405385
1970	381642
1970	374523
1970	366000
1970	343000
1970	315600
1970	311405
1970	266700
1970	250000
1970	230090
1970	226233
1970	210000
1970	209697
1970	194677
1970	190000
1970	180200
1970	179800
1970	169400
1970	145399
1970	138611
1970	132000
1970	131160
1970	98757
1970	90680
1970	90500
1970	80739
1970	80000
1970	79600
1970	78757
1970	76234
1970	72530
1970	66171
1970	65177
1970	48800
1970	46000
1970	45218
1970	44639
1970	44231
1970	40642
1970	40000
1970	39454
1970	37100
1970	36285
1970	35000
1970	32000
1970	29950
1970	28500
1970	22663
1970	21772
1970	20400
1970	14924
1970	14622
1970	14580
1970	13727
1970	12553
1970	11440
1970	10301
1970	10000
1970	7348
1970	7000
1970	6781
1970	6098
1970	5047
1970	4840
1970	4726
1970	4600
1970	4000
1970	3493
1970	3000
1970	2166
1970	2000
1970	1930
1970	1675
1970	1370
1970	1360
1970	1192
1970	1000
1970	906
1970	610
1970	595
1970	454
1970	52
1970	15
1971	118129210
1971	64602000
1971	20190000
1971	14896700
1971	14148000
1971	13744000
1971	10447000
1971	8175000
1971	6593180
1971	5557000
1971	5324880
1971	3890350
1971	3392600
1971	2732000
1971	2533690
1971	2407200
1971	2343830
1971	1893000
1971	1816920
1971	1395780
1971	1329000
1971	1046000
1971	904348
1971	892300
1971	811284
1971	591111
1971	464000
1971	388000
1971	385000
1971	369167
1971	360900
1971	353128
1971	350000
1971	325180
1971	306700
1971	301000
1971	291700
1971	288000
1971	212000
1971	200000
1971	197665
1971	185140
1971	183900
1971	171000
1971	161574
1971	156800
1971	153038
1971	136290
1971	136175
1971	122158
1971	110743
1971	108200
1971	91700
1971	85335
1971	81784
1971	81000
1971	76510
1971	70494
1971	67306
1971	67100
1971	66988
1971	66500
1971	54900
1971	54846
1971	51185
1971	47200
1971	47000
1971	40642
1971	38008
1971	36879
1971	36000
1971	30800
1971	30000
1971	27791
1971	27300
1971	27000
1971	23790
1971	22000
1971	17340
1971	15632
1971	13840
1971	10760
1971	10546
1971	10524
1971	8000
1971	7111
1971	7080
1971	6000
1971	5400
1971	5000
1971	4600
1971	4548
1971	4381
1971	4277
1971	3000
1971	2997
1971	2700
1971	2244
1971	2000
1971	1568
1971	1520
1971	1477
1971	1400
1971	1370
1971	1084
1971	635
1971	486
1971	470
1971	445
1971	63
1971	40
1972	116428562
1972	58868000
1972	19393600
1972	15450500
1972	15133700
1972	12413000
1972	10748200
1972	7356800
1972	6760640
1972	5496000
1972	4609510
1972	3875430
1972	3495210
1972	2507000
1972	2311500
1972	2010450
1972	1927000
1972	1923600
1972	1837320
1972	1532000
1972	1312450
1972	1200000
1972	1043280
1972	816830
1972	751000
1972	482326
1972	479000
1972	447000
1972	403192
1972	400000
1972	345800
1972	339565
1972	320000
1972	318016
1972	294000
1972	268000
1972	248000
1972	214000
1972	210000
1972	203300
1972	196200
1972	191425
1972	187000
1972	164691
1972	163900
1972	158566
1972	127995
1972	125221
1972	122968
1972	110000
1972	100000
1972	92000
1972	88800
1972	86284
1972	85200
1972	74262
1972	74000
1972	70100
1972	61420
1972	60294
1972	48000
1972	45000
1972	41700
1972	41450
1972	40000
1972	38800
1972	36700
1972	35632
1972	34943
1972	33604
1972	32000
1972	31800
1972	31000
1972	30407
1972	30000
1972	20347
1972	17340
1972	16711
1972	16145
1972	15700
1972	13900
1972	13000
1972	12291
1972	12000
1972	9000
1972	8845
1972	6701
1972	6615
1972	6500
1972	5799
1972	5639
1972	5000
1972	4785
1972	4600
1972	4000
1972	3000
1972	2600
1972	2500
1972	2218
1972	1900
1972	1638
1972	1547
1972	1321
1972	1149
1972	800
1972	530
1972	414
1972	161
1972	70
1972	68
1972	24
1973	124584090
1973	66077000
1973	21489500
1973	17862700
1973	15778000
1973	14899000
1973	11125000
1973	8601900
1973	7160130
1973	5850000
1973	5158900
1973	4207730
1973	3681980
1973	2598500
1973	2416050
1973	2275000
1973	1979940
1973	1913300
1973	1640000
1973	1334000
1973	1312420
1973	1175870
1973	1050000
1973	1027300
1973	883510
1973	487000
1973	483471
1973	479000
1973	450575
1973	420000
1973	386500
1973	354580
1973	335608
1973	335000
1973	309000
1973	301899
1973	301000
1973	265000
1973	260000
1973	234530
1973	225900
1973	225000
1973	199100
1973	168991
1973	167558
1973	164063
1973	162049
1973	156620
1973	136917
1973	125000
1973	119000
1973	118477
1973	104010
1973	84458
1973	78481
1973	77800
1973	69330
1973	68711
1973	68000
1973	64340
1973	62000
1973	61896
1973	54953
1973	50000
1973	49000
1973	46309
1973	42000
1973	41614
1973	37237
1973	36128
1973	32000
1973	31100
1973	29051
1973	28000
1973	25500
1973	25074
1973	19913
1973	19486
1973	15760
1973	15168
1973	12500
1973	12291
1973	11867
1973	10440
1973	10000
1973	8700
1973	8165
1973	8000
1973	6116
1973	6050
1973	6000
1973	5229
1973	4800
1973	4600
1973	4537
1973	3000
1973	3000
1973	2508
1973	2447
1973	1600
1973	1219
1973	1056
1973	900
1973	883
1973	800
1973	506
1973	244
1973	180
1973	100
1973	73
1973	20
1974	127010740
1974	59650000
1974	22473000
1974	16929600
1974	15964000
1974	13386000
1974	11023300
1974	8583400
1974	6764040
1974	6174000
1974	5615270
1974	5097720
1974	3470150
1974	2710000
1974	2452270
1974	2241690
1974	2095000
1974	2013450
1974	1779000
1974	1602310
1974	1569940
1974	1313000
1974	1025700
1974	904714
1974	635000
1974	525000
1974	518700
1974	494237
1974	491608
1974	436627
1974	420000
1974	409000
1974	406000
1974	370265
1974	366900
1974	316000
1974	296552
1974	280524
1974	266330
1974	259441
1974	250000
1974	248000
1974	223000
1974	220000
1974	201300
1974	178334
1974	162417
1974	157940
1974	129500
1974	126710
1974	120000
1974	119400
1974	116975
1974	105000
1974	85200
1974	79971
1974	73200
1974	69290
1974	61000
1974	57969
1974	55782
1974	53000
1974	50688
1974	50000
1974	49250
1974	36630
1974	35200
1974	35000
1974	34350
1974	33210
1974	32094
1974	31000
1974	30176
1974	26100
1974	24079
1974	23000
1974	21288
1974	19644
1974	17961
1974	17279
1974	16779
1974	15000
1974	13810
1974	12608
1974	12250
1974	12000
1974	11000
1974	9910
1974	9766
1974	7530
1974	7200
1974	6668
1974	6186
1974	4600
1974	3614
1974	3000
1974	3000
1974	2520
1974	2397
1974	2229
1974	1700
1974	1220
1974	1146
1974	761
1974	668
1974	600
1974	440
1974	290
1974	180
1974	100
1974	75
1975	128726270
1975	73352000
1975	22339200
1975	19142600
1975	17097000
1975	15300000
1975	10293600
1975	9207700
1975	7781540
1975	6485000
1975	6112040
1975	5825770
1975	3926180
1975	2813700
1975	2604750
1975	2423450
1975	1997000
1975	1972100
1975	1870000
1975	1622230
1975	1430000
1975	1154160
1975	1080000
1975	991500
1975	910000
1975	716628
1975	570600
1975	536835
1975	504000
1975	496000
1975	446710
1975	435000
1975	387000
1975	386640
1975	378700
1975	363675
1975	362925
1975	351000
1975	292000
1975	265000
1975	259000
1975	250000
1975	229000
1975	218611
1975	207800
1975	195636
1975	185535
1975	184797
1975	174845
1975	132736
1975	126560
1975	115707
1975	107500
1975	102000
1975	101000
1975	89000
1975	77000
1975	76380
1975	71100
1975	68543
1975	68500
1975	67700
1975	67000
1975	60720
1975	60540
1975	55869
1975	51000
1975	42400
1975	39900
1975	38950
1975	37100
1975	34584
1975	32113
1975	29906
1975	29320
1975	29200
1975	27539
1975	27200
1975	25000
1975	22928
1975	20298
1975	20000
1975	16000
1975	15120
1975	13504
1975	13500
1975	12000
1975	11672
1975	9882
1975	7184
1975	6738
1975	5218
1975	4853
1975	4800
1975	4418
1975	3840
1975	3800
1975	3300
1975	3000
1975	2661
1975	2583
1975	1742
1975	1740
1975	1600
1975	1237
1975	496
1975	419
1975	350
1975	200
1975	100
1975	78
1976	129231900
1976	63051900
1976	23300900
1976	17628300
1976	15288000
1976	15068000
1976	11827200
1976	9757080
1976	9319300
1976	7249000
1976	6542610
1976	5245680
1976	4106180
1976	2853600
1976	2386270
1976	2300030
1976	2042500
1976	1995000
1976	1860000
1976	1566300
1976	1480720
1976	1252620
1976	1100000
1976	884700
1976	660938
1976	580000
1976	570415
1976	463432
1976	460000
1976	451078
1976	448000
1976	417000
1976	406200
1976	403740
1976	355525
1976	346000
1976	312228
1976	309000
1976	263300
1976	245000
1976	227000
1976	218000
1976	216521
1976	212700
1976	206288
1976	173000
1976	172500
1976	163360
1976	149711
1976	144435
1976	131000
1976	115200
1976	113045
1976	97640
1976	97235
1976	90000
1976	80000
1976	69800
1976	69000
1976	56748
1976	56641
1976	52000
1976	50000
1976	48060
1976	45449
1976	45000
1976	41213
1976	40425
1976	37400
1976	35701
1976	32269
1976	30400
1976	29000
1976	28700
1976	27519
1976	24104
1976	24000
1976	22986
1976	21432
1976	20275
1976	20000
1976	18400
1976	18000
1976	17960
1976	15250
1976	14000
1976	12000
1976	12000
1976	12000
1976	7230
1976	6700
1976	6305
1976	5073
1976	4800
1976	3960
1976	3880
1976	3829
1976	3600
1976	3000
1976	2668
1976	2413
1976	2000
1976	1984
1976	1279
1976	1147
1976	465
1976	400
1976	257
1976	200
1976	100
1976	80
1977	131917520
1977	79005600
1977	23347100
1977	19451500
1977	17006000
1977	13921000
1977	10597100
1977	9462000
1977	8993700
1977	8348000
1977	7254390
1977	4500680
1977	4424410
1977	3060900
1977	2282430
1977	2272310
1977	2067270
1977	2060000
1977	1898000
1977	1677290
1977	1401630
1977	1399750
1977	1000000
1977	692700
1977	682400
1977	600000
1977	594010
1977	567338
1977	530000
1977	495940
1977	477000
1977	455774
1977	421600
1977	408000
1977	400000
1977	379200
1977	355000
1977	327622
1977	320000
1977	314000
1977	308041
1977	275000
1977	256000
1977	228276
1977	213700
1977	202866
1977	199240
1977	199000
1977	186189
1977	168621
1977	121335
1977	120010
1977	109000
1977	95000
1977	94000
1977	90481
1977	85000
1977	76203
1977	68677
1977	68000
1977	67735
1977	62918
1977	60000
1977	53000
1977	46600
1977	42805
1977	41415
1977	37610
1977	36373
1977	35491
1977	32800
1977	29200
1977	26600
1977	26000
1977	24835
1977	24110
1977	23810
1977	21137
1977	21000
1977	20000
1977	20000
1977	18400
1977	18000
1977	17966
1977	17200
1977	15519
1977	14400
1977	13000
1977	13000
1977	8589
1977	8000
1977	7500
1977	6269
1977	5400
1977	5000
1977	4259
1977	3900
1977	3600
1977	3265
1977	3000
1977	1860
1977	1409
1977	1311
1977	1247
1977	470
1977	460
1977	275
1977	216
1977	150
1977	150
1977	83
1978	140023850
1978	80608500
1978	25771600
1978	19582200
1978	17470000
1978	15736000
1978	10528300
1978	9789900
1978	8532000
1978	7296140
1978	7211620
1978	6040490
1978	4908000
1978	2957200
1978	2351000
1978	2339280
1978	1964000
1978	1922000
1978	1890490
1978	1878020
1978	1527310
1978	1498000
1978	1000000
1978	947200
1978	723800
1978	620000
1978	515000
1978	504000
1978	501600
1978	489697
1978	467758
1978	457458
1978	440250
1978	428000
1978	401780
1978	401244
1978	387000
1978	351020
1978	316700
1978	310000
1978	305000
1978	244000
1978	225646
1978	225273
1978	223946
1978	213300
1978	197824
1978	172000
1978	162384
1978	158292
1978	147045
1978	134906
1978	113548
1978	108000
1978	104790
1978	95000
1978	92000
1978	89315
1978	85246
1978	76466
1978	61115
1978	58233
1978	57900
1978	54000
1978	52000
1978	50807
1978	42526
1978	40000
1978	39721
1978	36790
1978	34442
1978	31600
1978	28300
1978	28000
1978	27032
1978	26344
1978	25700
1978	23313
1978	22000
1978	20700
1978	17005
1978	16105
1978	15000
1978	14800
1978	14205
1978	13000
1978	12565
1978	11400
1978	8000
1978	7658
1978	7500
1978	6350
1978	6300
1978	5400
1978	5000
1978	3836
1978	3500
1978	3300
1978	3288
1978	3000
1978	2925
1978	2409
1978	999
1978	600
1978	385
1978	335
1978	333
1978	291
1978	197
1978	100
1978	85
1979	146846140
1979	63475700
1979	26282700
1979	19109500
1979	15758000
1979	14948000
1979	11362900
1979	10447900
1979	7880940
1979	7684800
1979	7595210
1979	5985020
1979	4823700
1979	3060100
1979	2511000
1979	2231000
1979	2095000
1979	2059930
1979	2044940
1979	1917220
1979	1829810
1979	1248160
1979	1107200
1979	866940
1979	750000
1979	692151
1979	613584
1979	560399
1979	538000
1979	534000
1979	500000
1979	493794
1979	459720
1979	439000
1979	427000
1979	425100
1979	376739
1979	375000
1979	318471
1979	312000
1979	262000
1979	249000
1979	247973
1979	240490
1979	240116
1979	235772
1979	227400
1979	219579
1979	181170
1979	160550
1979	157800
1979	145270
1979	122116
1979	114605
1979	96567
1979	93000
1979	86700
1979	76125
1979	73385
1979	70000
1979	60100
1979	58245
1979	56894
1979	55000
1979	49000
1979	46922
1979	44000
1979	41146
1979	40000
1979	37466
1979	36929
1979	34400
1979	31655
1979	30000
1979	29400
1979	28000
1979	25700
1979	23763
1979	19000
1979	18717
1979	17050
1979	15520
1979	15000
1979	14642
1979	13000
1979	13000
1979	12442
1979	12400
1979	10300
1979	10224
1979	9300
1979	9000
1979	8000
1979	6668
1979	5800
1979	5000
1979	4615
1979	3494
1979	3000
1979	3000
1979	1852
1979	1217
1979	1000
1979	950
1979	800
1979	728
1979	538
1979	350
1979	100
1979	87
1979	38
1980	142876520
1980	80312000
1980	29651900
1980	20821000
1980	17368100
1980	13317400
1980	12189000
1980	11647400
1980	9775720
1980	7646490
1980	6629250
1980	5311410
1980	4684800
1980	2646400
1980	2594000
1980	2464310
1980	2382100
1980	2133200
1980	2108910
1980	2044600
1980	1784120
1980	1717000
1980	1310550
1980	1090000
1980	1053100
1980	967700
1980	618908
1980	613163
1980	513000
1980	480055
1980	477834
1980	445364
1980	441233
1980	433200
1980	420000
1980	415000
1980	397698
1980	380614
1980	291000
1980	287558
1980	281762
1980	266000
1980	257629
1980	243000
1980	238300
1980	234300
1980	230628
1980	169720
1980	166900
1980	154768
1980	131553
1980	119710
1980	112000
1980	95440
1980	95225
1980	80100
1980	78000
1980	75000
1980	67382
1980	64658
1980	60720
1980	56600
1980	46800
1980	45576
1980	42700
1980	42334
1980	42000
1980	42000
1980	40800
1980	40212
1980	38700
1980	38415
1980	38000
1980	35865
1980	30000
1980	29900
1980	28740
1980	25300
1980	23906
1980	17846
1980	17000
1980	16100
1980	14700
1980	14256
1980	13005
1980	13000
1980	13000
1980	11000
1980	10800
1980	10186
1980	10000
1980	9541
1980	8618
1980	8000
1980	5800
1980	5000
1980	4430
1980	3000
1980	2747
1980	2726
1980	2389
1980	2213
1980	1200
1980	850
1980	512
1980	360
1980	350
1980	159
1980	90
1980	90
1980	88
1981	146959840
1981	79883000
1981	32774200
1981	20445900
1981	17774300
1981	14146600
1981	12824000
1981	12415200
1981	8289040
1981	8228330
1981	7910740
1981	7148700
1981	5144550
1981	3044900
1981	2560080
1981	2314000
1981	2236360
1981	2229350
1981	2019900
1981	2011480
1981	1877740
1981	1623670
1981	1490000
1981	1241000
1981	1154670
1981	893300
1981	760176
1981	760000
1981	709611
1981	681292
1981	501290
1981	500000
1981	460887
1981	444000
1981	434395
1981	400460
1981	390000
1981	390000
1981	330287
1981	330000
1981	286300
1981	280727
1981	275956
1981	269000
1981	245400
1981	222471
1981	200000
1981	195160
1981	163826
1981	162200
1981	134755
1981	127032
1981	115800
1981	111887
1981	101225
1981	99740
1981	97000
1981	85900
1981	80000
1981	78000
1981	73514
1981	57400
1981	50608
1981	50130
1981	47700
1981	45238
1981	44500
1981	43800
1981	42000
1981	39500
1981	39202
1981	38900
1981	37207
1981	36644
1981	36000
1981	33000
1981	32000
1981	20100
1981	19500
1981	19340
1981	16972
1981	15000
1981	15000
1981	15000
1981	14512
1981	13900
1981	13866
1981	13000
1981	12000
1981	10830
1981	10000
1981	10000
1981	8530
1981	6400
1981	5757
1981	3000
1981	3000
1981	2993
1981	2840
1981	2673
1981	2494
1981	1860
1981	1200
1981	967
1981	550
1981	374
1981	319
1981	127
1981	100
1981	93
1982	164741380
1982	70771700
1982	33583700
1982	21324600
1982	16878500
1982	14390200
1982	14373400
1982	12838000
1982	9734550
1982	8533730
1982	7307860
1982	6968900
1982	5167050
1982	2440510
1982	2306000
1982	2155630
1982	2023260
1982	2010000
1982	1969910
1982	1949000
1982	1883600
1982	1832620
1982	1605150
1982	1250000
1982	1092350
1982	1007800
1982	857000
1982	825730
1982	608523
1982	523500
1982	523460
1982	519752
1982	515741
1982	450000
1982	446913
1982	437200
1982	418885
1982	401900
1982	384356
1982	364000
1982	350000
1982	320000
1982	301130
1982	298334
1982	284000
1982	250940
1982	176310
1982	176267
1982	163400
1982	152633
1982	146225
1982	143394
1982	131180
1982	118571
1982	113400
1982	103150
1982	86660
1982	82500
1982	80000
1982	77180
1982	74890
1982	63100
1982	58500
1982	49010
1982	48390
1982	45700
1982	42800
1982	42000
1982	41207
1982	41200
1982	37000
1982	36000
1982	35420
1982	33700
1982	33000
1982	27100
1982	23300
1982	21916
1982	20302
1982	20000
1982	19000
1982	19000
1982	16304
1982	15000
1982	13000
1982	11900
1982	10538
1982	10000
1982	9000
1982	8792
1982	7938
1982	6400
1982	5586
1982	5272
1982	4000
1982	3640
1982	3392
1982	3000
1982	2366
1982	2201
1982	1614
1982	1536
1982	1200
1982	900
1982	500
1982	450
1982	100
1982	97
1982	95
1982	10
1983	172008862
1983	90048000
1983	35303000
1983	21761000
1983	19548900
1983	14743300
1983	14288100
1983	12958000
1983	7741750
1983	7607540
1983	7294910
1983	5009250
1983	4523200
1983	2756980
1983	2483530
1983	2442000
1983	2430000
1983	2147000
1983	2064000
1983	2039000
1983	1813530
1983	1734330
1983	1280000
1983	1215580
1983	1100590
1983	1021300
1983	799032
1983	546610
1983	520000
1983	517644
1983	500543
1983	460200
1983	449475
1983	421050
1983	360000
1983	350000
1983	349231
1983	337100
1983	323116
1983	315000
1983	290000
1983	273502
1983	271317
1983	267958
1983	246819
1983	246000
1983	224000
1983	216000
1983	199420
1983	171000
1983	123940
1983	115560
1983	110500
1983	109059
1983	108540
1983	88955
1983	86300
1983	85000
1983	82800
1983	82000
1983	74309
1983	72641
1983	61725
1983	60000
1983	46869
1983	46265
1983	45770
1983	44800
1983	44554
1983	43240
1983	40000
1983	40000
1983	40000
1983	38000
1983	36000
1983	26100
1983	25948
1983	22000
1983	22000
1983	18029
1983	16160
1983	13000
1983	13000
1983	12000
1983	10033
1983	9631
1983	9481
1983	9000
1983	8000
1983	7153
1983	6263
1983	6123
1983	5300
1983	3980
1983	3900
1983	3387
1983	3307
1983	3000
1983	2676
1983	2500
1983	2476
1983	1638
1983	1593
1983	1200
1983	800
1983	600
1983	145
1983	122
1983	100
1983	90
1984	181095744
1984	87552800
1984	38136400
1984	21933500
1984	19904800
1984	15505600
1984	14848000
1984	14255500
1984	9027370
1984	7970330
1984	7828880
1984	6296300
1984	4972800
1984	2709430
1984	2539000
1984	2419700
1984	2236440
1984	2193000
1984	2131100
1984	1714660
1984	1571670
1984	1483980
1984	1321100
1984	1300000
1984	1260000
1984	1140000
1984	1008800
1984	634000
1984	570790
1984	554760
1984	514000
1984	507377
1984	504137
1984	487133
1984	480400
1984	440400
1984	437166
1984	407841
1984	355385
1984	339760
1984	334000
1984	301971
1984	301833
1984	298000
1984	286012
1984	280000
1984	222740
1984	174595
1984	165010
1984	163863
1984	138000
1984	135828
1984	134054
1984	124195
1984	110000
1984	109354
1984	108700
1984	105000
1984	95000
1984	84000
1984	79700
1984	66001
1984	65000
1984	63337
1984	61113
1984	61000
1984	50462
1984	48700
1984	48597
1984	44450
1984	42000
1984	40993
1984	36183
1984	35600
1984	34886
1984	33097
1984	27200
1984	22246
1984	20000
1984	20000
1984	18000
1984	17760
1984	17000
1984	13200
1984	12600
1984	12374
1984	9271
1984	8000
1984	7919
1984	7500
1984	7137
1984	5672
1984	5364
1984	5022
1984	4833
1984	4540
1984	4200
1984	3946
1984	3270
1984	3000
1984	2574
1984	2000
1984	1278
1984	1200
1984	719
1984	662
1984	600
1984	275
1984	100
1984	95
1985	171318865
1985	95817700
1985	39032900
1985	22556300
1985	20263900
1985	15874800
1985	14578000
1985	14317000
1985	9024560
1985	8805600
1985	7855260
1985	6122000
1985	4378400
1985	2804490
1985	2661210
1985	2400000
1985	2311300
1985	2177680
1985	2113000
1985	1812000
1985	1776090
1985	1745370
1985	1741600
1985	1430000
1985	1395180
1985	1122700
1985	878279
1985	864000
1985	807529
1985	596035
1985	540000
1985	524320
1985	493756
1985	471722
1985	462253
1985	430000
1985	427692
1985	420700
1985	400000
1985	397354
1985	317000
1985	312000
1985	299185
1985	289000
1985	270000
1985	256167
1985	224452
1985	213841
1985	186144
1985	173156
1985	156649
1985	148900
1985	147005
1985	146525
1985	143992
1985	137000
1985	129195
1985	107399
1985	105000
1985	103765
1985	97207
1985	86000
1985	80000
1985	68890
1985	62000
1985	61560
1985	56700
1985	54570
1985	50334
1985	45640
1985	40000
1985	38709
1985	38400
1985	38061
1985	36183
1985	34265
1985	27574
1985	25000
1985	23100
1985	20000
1985	19000
1985	15185
1985	13000
1985	12730
1985	12000
1985	11233
1985	10600
1985	7824
1985	7810
1985	6748
1985	5954
1985	5578
1985	5136
1985	5000
1985	4260
1985	4000
1985	3960
1985	3000
1985	3000
1985	1900
1985	1730
1985	1200
1985	1082
1985	920
1985	600
1985	500
1985	143
1985	135
1985	100
1985	90
1986	174720521
1986	90779400
1986	39726800
1986	23110000
1986	18868200
1986	16002900
1986	14559000
1986	14127100
1986	10404700
1986	9246790
1986	7871370
1986	6049000
1986	5230000
1986	2588180
1986	2445000
1986	2405000
1986	2387000
1986	2372020
1986	2230210
1986	2093000
1986	1783930
1986	1718220
1986	1520950
1986	1449300
1986	1416320
1986	1137200
1986	725915
1986	687000
1986	622395
1986	575869
1986	570517
1986	560000
1986	547692
1986	544632
1986	524989
1986	496318
1986	456660
1986	438600
1986	394218
1986	336000
1986	321527
1986	315000
1986	299954
1986	288000
1986	275500
1986	275000
1986	225138
1986	184810
1986	180252
1986	152600
1986	146618
1986	142792
1986	141200
1986	136760
1986	135112
1986	126667
1986	121000
1986	111770
1986	110000
1986	93000
1986	90000
1986	75300
1986	69600
1986	63000
1986	62407
1986	62406
1986	60020
1986	47932
1986	47626
1986	46938
1986	46530
1986	45662
1986	40000
1986	37949
1986	37407
1986	34253
1986	33000
1986	24460
1986	24219
1986	21000
1986	21000
1986	20480
1986	19805
1986	14880
1986	13000
1986	11900
1986	11207
1986	11000
1986	8982
1986	8750
1986	8538
1986	8440
1986	6500
1986	5539
1986	5000
1986	4421
1986	4404
1986	3000
1986	3000
1986	2471
1986	1600
1986	1540
1986	1240
1986	1208
1986	746
1986	600
1986	291
1986	175
1986	100
1986	90
1986	75
1987	176662485
1987	85338700
1987	40078200
1987	23120600
1987	18428300
1987	15102600
1987	13638400
1987	13284000
1987	10425100
1987	8539850
1987	7595760
1987	5879000
1987	4861400
1987	2981780
1987	2428000
1987	2406000
1987	2219000
1987	2178000
1987	2127830
1987	1864500
1987	1815000
1987	1803280
1987	1780000
1987	1626700
1987	1207160
1987	1168600
1987	1064300
1987	780776
1987	649925
1987	644615
1987	590999
1987	580000
1987	549000
1987	507861
1987	483269
1987	466039
1987	465675
1987	373247
1987	371000
1987	335486
1987	330000
1987	324000
1987	297700
1987	275000
1987	271600
1987	243398
1987	236568
1987	195900
1987	180061
1987	164230
1987	153737
1987	147033
1987	141702
1987	137000
1987	135793
1987	127980
1987	120830
1987	115500
1987	105239
1987	105000
1987	90000
1987	80700
1987	65100
1987	65000
1987	60754
1987	59500
1987	59292
1987	58935
1987	52993
1987	52900
1987	49100
1987	48950
1987	45000
1987	42069
1987	42054
1987	39733
1987	28432
1987	28000
1987	23477
1987	23192
1987	21790
1987	20430
1987	20000
1987	19497
1987	13030
1987	13000
1987	12000
1987	11421
1987	10600
1987	8242
1987	8141
1987	6609
1987	6116
1987	4593
1987	3000
1987	3000
1987	2257
1987	2000
1987	1967
1987	1300
1987	1200
1987	1080
1987	1047
1987	600
1987	595
1987	209
1987	100
1987	90
1987	75
1987	40
1988	171441923
1988	106369000
1988	41676200
1988	23316500
1988	21262900
1988	17000000
1988	13167100
1988	12419000
1988	11806500
1988	8970920
1988	8260160
1988	7253000
1988	4800300
1988	3283210
1988	2597000
1988	2500000
1988	2476610
1988	2149000
1988	2132000
1988	2129000
1988	2081000
1988	1775400
1988	1696240
1988	1418320
1988	1129240
1988	1093300
1988	1003390
1988	954530
1988	761000
1988	678670
1988	623000
1988	615385
1988	506600
1988	493000
1988	488857
1988	456548
1988	421193
1988	383400
1988	383266
1988	380592
1988	350000
1988	343000
1988	297700
1988	287797
1988	265245
1988	262500
1988	226761
1988	205464
1988	182851
1988	171485
1988	162251
1988	146405
1988	143357
1988	140600
1988	131600
1988	125000
1988	120509
1988	111468
1988	98297
1988	95000
1988	93000
1988	81394
1988	74896
1988	73863
1988	57270
1988	54325
1988	52900
1988	50949
1988	50000
1988	47404
1988	45558
1988	43141
1988	39080
1988	37246
1988	35508
1988	35000
1988	34736
1988	33380
1988	32321
1988	32147
1988	31917
1988	29490
1988	28682
1988	23000
1988	14295
1988	14103
1988	13000
1988	12000
1988	9708
1988	9701
1988	8830
1988	7479
1988	6892
1988	5551
1988	3000
1988	3000
1988	2000
1988	1930
1988	1731
1988	1600
1988	1480
1988	1200
1988	1065
1988	600
1988	520
1988	479
1988	100
1988	90
1988	75
1988	20
1988	14
1989	182485243
1989	110311000
1989	44725600
1989	26784500
1989	20601000
1989	18996300
1989	13806500
1989	12934000
1989	11029800
1989	9458770
1989	8099950
1989	7007400
1989	4830150
1989	3389670
1989	3303000
1989	2679000
1989	2672000
1989	2380000
1989	2253000
1989	2142000
1989	2101800
1989	2063440
1989	1854010
1989	1743440
1989	1404100
1989	1245900
1989	1091430
1989	867395
1989	805000
1989	718461
1989	708690
1989	654000
1989	537217
1989	536381
1989	527118
1989	517800
1989	490000
1989	474213
1989	415800
1989	370000
1989	341700
1989	337749
1989	330000
1989	320000
1989	294090
1989	260895
1989	237183
1989	231800
1989	226852
1989	207159
1989	185186
1989	168227
1989	157034
1989	144269
1989	123900
1989	110238
1989	106202
1989	105974
1989	105825
1989	104310
1989	95000
1989	87466
1989	76953
1989	73700
1989	70200
1989	63719
1989	61665
1989	56680
1989	55067
1989	46544
1989	45690
1989	45000
1989	44896
1989	43000
1989	42723
1989	41841
1989	40452
1989	40000
1989	31827
1989	28434
1989	27722
1989	27476
1989	21230
1989	19700
1989	16422
1989	15000
1989	14746
1989	12008
1989	11734
1989	8976
1989	8450
1989	8100
1989	5042
1989	4410
1989	3000
1989	3000
1989	3000
1989	1560
1989	1480
1989	1083
1989	760
1989	600
1989	545
1989	516
1989	500
1989	160
1989	100
1989	90
1989	75
1989	20
1989	12
1990	191614672
1990	111517000
1990	45178800
1990	26777900
1990	19225100
1990	17193200
1990	13971800
1990	13124000
1990	9885000
1990	7721970
1990	7420930
1990	7080000
1990	4891200
1990	3502160
1990	3167420
1990	2538000
1990	2500000
1990	2500000
1990	2420000
1990	2166400
1990	2116600
1990	1981020
1990	1884980
1990	1800000
1990	1491500
1990	1290700
1990	966101
1990	924000
1990	840361
1990	740035
1990	740000
1990	687000
1990	571330
1990	503700
1990	495000
1990	473673
1990	428100
1990	427597
1990	394388
1990	392300
1990	347300
1990	333000
1990	282366
1990	230000
1990	228800
1990	222294
1990	217643
1990	211263
1990	196010
1990	181119
1990	180000
1990	156072
1990	155740
1990	136012
1990	129900
1990	123314
1990	121300
1990	120890
1990	99000
1990	96355
1990	85701
1990	80900
1990	72260
1990	66500
1990	66027
1990	61691
1990	55199
1990	55157
1990	54000
1990	51796
1990	47800
1990	46675
1990	44427
1990	43970
1990	43280
1990	41088
1990	40000
1990	39356
1990	27586
1990	26477
1990	25188
1990	25149
1990	21649
1990	21431
1990	15085
1990	15000
1990	13532
1990	10940
1990	9305
1990	9213
1990	7821
1990	7000
1990	4614
1990	3340
1990	3312
1990	3000
1990	2260
1990	1540
1990	1387
1990	1000
1990	930
1990	925
1990	800
1990	620
1990	468
1990	220
1990	117
1990	102
1990	80
1990	19
1990	11
1991	185692640
1991	112042000
1991	44688200
1991	27242000
1991	20400000
1991	19621900
1991	13204200
1991	12005000
1991	9673260
1991	9488010
1991	7292530
1991	7230000
1991	4864650
1991	4120000
1991	3447810
1991	3226000
1991	3222540
1991	2400000
1991	2389000
1991	2356600
1991	2342200
1991	1986200
1991	1926350
1991	1738600
1991	1235600
1991	1223830
1991	848181
1991	814168
1991	787000
1991	772765
1991	664845
1991	657000
1991	624615
1991	581836
1991	503700
1991	492600
1991	466171
1991	454349
1991	427617
1991	393900
1991	347600
1991	347245
1991	335000
1991	241322
1991	240770
1991	229260
1991	213179
1991	203241
1991	200000
1991	189103
1991	170477
1991	169800
1991	150900
1991	131150
1991	123264
1991	120000
1991	117725
1991	117115
1991	113900
1991	100000
1991	89000
1991	86920
1991	74695
1991	66890
1991	63175
1991	61438
1991	61000
1991	56341
1991	55489
1991	54204
1991	50500
1991	47486
1991	41678
1991	40200
1991	39789
1991	38600
1991	37501
1991	36400
1991	31400
1991	29038
1991	28500
1991	24580
1991	20833
1991	20528
1991	20426
1991	16400
1991	16000
1991	16000
1991	14602
1991	10282
1991	10000
1991	7664
1991	4792
1991	4000
1991	3000
1991	2283
1991	2208
1991	1500
1991	1438
1991	1100
1991	1000
1991	880
1991	794
1991	620
1991	562
1991	450
1991	126
1991	102
1991	10
1992	188291880
1992	109001000
1992	48240000
1992	27373000
1992	21590300
1992	19917000
1992	14840400
1992	13216000
1992	10006300
1992	9513000
1992	8149000
1992	7303000
1992	4674150
1992	4500000
1992	3909710
1992	3260000
1992	2584900
1992	2450000
1992	2360140
1992	2339700
1992	2221000
1992	2012730
1992	1734950
1992	1502360
1992	1271580
1992	1122000
1992	1029560
1992	829373
1992	806945
1992	753630
1992	732700
1992	660000
1992	610421
1992	605400
1992	565653
1992	552600
1992	538900
1992	478515
1992	467000
1992	410018
1992	403300
1992	394022
1992	392220
1992	376328
1992	300000
1992	284962
1992	261080
1992	229292
1992	215000
1992	204750
1992	202518
1992	180000
1992	177346
1992	154000
1992	133531
1992	131500
1992	125478
1992	125400
1992	123612
1992	110000
1992	109704
1992	108211
1992	106000
1992	91762
1992	85366
1992	71962
1992	69930
1992	68000
1992	63823
1992	54099
1992	52657
1992	52500
1992	50718
1992	46700
1992	44203
1992	42698
1992	40436
1992	40400
1992	38900
1992	36742
1992	32618
1992	25265
1992	24315
1992	23798
1992	22479
1992	22100
1992	22022
1992	20184
1992	19413
1992	16500
1992	16100
1992	15041
1992	15000
1992	14499
1992	10390
1992	8283
1992	8000
1992	6644
1992	4000
1992	3106
1992	2800
1992	2155
1992	1488
1992	1311
1992	1200
1992	1114
1992	1040
1992	960
1992	740
1992	620
1992	600
1992	506
1992	400
1992	141
1992	80
1992	5
1993	179746930
1993	120400000
1993	48181100
1993	26928000
1993	22836600
1993	19530000
1993	16763200
1993	10107300
1993	9793000
1993	9434210
1993	7081000
1993	6507000
1993	5992050
1993	4787000
1993	4160760
1993	3495590
1993	3065000
1993	2570000
1993	2550000
1993	2383350
1993	2280770
1993	2104450
1993	1590060
1993	1305100
1993	1250630
1993	1239760
1993	967627
1993	955000
1993	842635
1993	701800
1993	687520
1993	676000
1993	641000
1993	638990
1993	608300
1993	544600
1993	486300
1993	442531
1993	429810
1993	427609
1993	403000
1993	345637
1993	323093
1993	300000
1993	287180
1993	225000
1993	222594
1993	216890
1993	210002
1993	206000
1993	201201
1993	193374
1993	185602
1993	172773
1993	157400
1993	149000
1993	130629
1993	127700
1993	125907
1993	116604
1993	110000
1993	87800
1993	78700
1993	74474
1993	74000
1993	69000
1993	68000
1993	65615
1993	65357
1993	65000
1993	64925
1993	58952
1993	53809
1993	53500
1993	51766
1993	47650
1993	47000
1993	40200
1993	36448
1993	33769
1993	30463
1993	29000
1993	27549
1993	23104
1993	22700
1993	22284
1993	17000
1993	16204
1993	13993
1993	13200
1993	12851
1993	12056
1993	10842
1993	10000
1993	9955
1993	9745
1993	9433
1993	7800
1993	5000
1993	4000
1993	2400
1993	2220
1993	1539
1993	1500
1993	1409
1993	1100
1993	1000
1993	951
1993	790
1993	630
1993	585
1993	500
1993	400
1993	269
1993	152
1993	80
1994	177994400
1994	122640000
1994	46641500
1994	25124000
1994	23528300
1994	21111000
1994	18198900
1994	14976000
1994	10540800
1994	10538100
1994	8971100
1994	6882000
1994	5169750
1994	4583010
1994	3177000
1994	2906180
1994	2683690
1994	2427000
1994	2357000
1994	2258970
1994	2223500
1994	2138790
1994	1657210
1994	1577020
1994	1420470
1994	1401390
1994	1360520
1994	1082000
1994	879905
1994	728054
1994	678181
1994	659700
1994	614300
1994	607600
1994	523200
1994	498300
1994	469127
1994	426170
1994	407600
1994	405200
1994	391251
1994	387600
1994	383000
1994	375807
1994	373616
1994	342000
1994	283000
1994	247333
1994	227024
1994	218000
1994	205444
1994	200000
1994	189056
1994	162300
1994	162228
1994	142000
1994	133080
1994	131741
1994	131017
1994	124000
1994	122103
1994	105000
1994	101212
1994	92000
1994	90548
1994	79000
1994	77000
1994	69550
1994	64639
1994	62000
1994	61009
1994	50080
1994	50000
1994	47000
1994	45400
1994	45000
1994	41461
1994	41128
1994	38810
1994	38228
1994	36609
1994	36200
1994	25190
1994	21000
1994	20267
1994	20000
1994	18019
1994	17514
1994	17188
1994	15229
1994	15059
1994	13686
1994	9906
1994	8713
1994	8034
1994	6490
1994	6358
1994	4500
1994	3900
1994	3076
1994	2021
1994	1650
1994	1650
1994	1605
1994	1594
1994	1070
1994	1000
1994	998
1994	800
1994	785
1994	650
1994	568
1994	253
1994	173
1994	95
1995	187297970
1995	115440000
1995	49744100
1995	26399000
1995	24963700
1995	22015500
1995	17956900
1995	13435000
1995	11226100
1995	10540600
1995	7887000
1995	6387300
1995	5949750
1995	4788100
1995	3578830
1995	3447800
1995	2920000
1995	2809890
1995	2450000
1995	2300900
1995	2127270
1995	2016000
1995	1742550
1995	1417830
1995	1320850
1995	1290520
1995	1141550
1995	1137000
1995	926200
1995	918825
1995	806100
1995	756950
1995	691700
1995	622600
1995	527977
1995	486741
1995	476090
1995	461900
1995	396100
1995	390000
1995	367030
1995	365818
1995	355500
1995	329500
1995	327600
1995	315000
1995	264612
1995	242000
1995	232456
1995	211599
1995	201720
1995	200000
1995	184450
1995	183184
1995	176234
1995	155152
1995	145899
1995	136260
1995	133266
1995	124554
1995	122400
1995	112982
1995	100000
1995	84025
1995	80100
1995	78978
1995	78600
1995	77000
1995	56200
1995	52813
1995	52077
1995	51226
1995	51106
1995	51000
1995	50000
1995	46696
1995	44000
1995	35300
1995	34555
1995	30581
1995	26819
1995	25276
1995	24066
1995	21600
1995	19000
1995	18952
1995	18496
1995	17466
1995	17219
1995	13300
1995	12110
1995	11000
1995	10193
1995	10000
1995	9628
1995	6700
1995	6447
1995	4984
1995	3750
1995	3470
1995	2300
1995	2155
1995	2000
1995	1628
1995	1200
1995	1124
1995	1101
1995	1000
1995	771
1995	650
1995	508
1995	400
1995	175
1995	158
1995	98
1995	90
1996	197032900
1996	122500000
1996	51101500
1996	28182000
1996	26396700
1996	22331600
1996	17679800
1996	12930000
1996	11283600
1996	8643800
1996	7783600
1996	7121420
1996	6457200
1996	4895390
1996	3710650
1996	3404000
1996	3122000
1996	2684770
1996	2500000
1996	2228490
1996	2061520
1996	1661340
1996	1426000
1996	1424000
1996	1413500
1996	1269660
1996	1203170
1996	986000
1996	973500
1996	959460
1996	951200
1996	806800
1996	779906
1996	734000
1996	705488
1996	627405
1996	572900
1996	543500
1996	474220
1996	450000
1996	394075
1996	391700
1996	389060
1996	347947
1996	343520
1996	340000
1996	280000
1996	270000
1996	236525
1996	230323
1996	228650
1996	226240
1996	222000
1996	215720
1996	189747
1996	172230
1996	152795
1996	148780
1996	139000
1996	132460
1996	120207
1996	120000
1996	115100
1996	111807
1996	97728
1996	94450
1996	82046
1996	82000
1996	76515
1996	72629
1996	66748
1996	55292
1996	53360
1996	52890
1996	52607
1996	52500
1996	50620
1996	41810
1996	40800
1996	40134
1996	36100
1996	30977
1996	23100
1996	22274
1996	22259
1996	21358
1996	20722
1996	18185
1996	17858
1996	17424
1996	17370
1996	15307
1996	15000
1996	14000
1996	13296
1996	12756
1996	9200
1996	8832
1996	8468
1996	7009
1996	6596
1996	2350
1996	2000
1996	1973
1996	1664
1996	1138
1996	942
1996	766
1996	650
1996	446
1996	437
1996	265
1996	107
1996	100
1996	75
1996	30
1997	202771840
1997	123700000
1997	49377100
1997	28152000
1997	27523900
1997	23580000
1997	16651400
1997	12531000
1997	11269000
1997	8351670
1997	8300700
1997	7312100
1997	6499500
1997	5480010
1997	3640860
1997	3414920
1997	3268000
1997	2558000
1997	2350120
1997	2239370
1997	2119620
1997	1830290
1997	1660000
1997	1527000
1997	1459830
1997	1442420
1997	1388000
1997	1205140
1997	1071540
1997	1023800
1997	1001900
1997	792239
1997	775588
1997	614200
1997	585000
1997	575745
1997	568188
1997	549700
1997	508539
1997	469455
1997	411300
1997	400000
1997	388800
1997	328190
1997	322099
1997	275000
1997	256588
1997	255586
1997	255350
1997	248528
1997	244000
1997	217000
1997	213050
1997	197100
1997	180218
1997	173702
1997	168400
1997	164189
1997	160000
1997	144358
1997	141580
1997	120800
1997	112288
1997	99940
1997	89516
1997	87552
1997	86211
1997	80942
1997	80000
1997	66055
1997	65690
1997	65102
1997	65000
1997	61825
1997	53223
1997	50303
1997	44161
1997	41075
1997	37968
1997	37000
1997	32040
1997	31243
1997	26900
1997	26891
1997	24600
1997	21942
1997	17385
1997	17000
1997	16726
1997	16717
1997	13000
1997	12473
1997	12000
1997	12000
1997	11700
1997	11333
1997	10825
1997	10669
1997	9805
1997	7303
1997	6796
1997	2328
1997	2139
1997	2000
1997	1367
1997	980
1997	646
1997	600
1997	446
1997	419
1997	411
1997	300
1997	103
1997	66
1997	29
1998	200571160
1998	129055000
1998	49236700
1998	29710000
1998	29145500
1998	23450000
1998	17077700
1998	11200000
1998	8554820
1998	8364200
1998	7716090
1998	7011400
1998	6779290
1998	4474110
1998	3699770
1998	3509870
1998	3275000
1998	2770570
1998	2692340
1998	2447000
1998	2307000
1998	1944240
1998	1897740
1998	1674500
1998	1548780
1998	1393520
1998	1330900
1998	1046220
1998	1042990
1998	1011140
1998	864158
1998	849100
1998	796300
1998	717856
1998	701168
1998	597684
1998	522907
1998	474595
1998	458112
1998	450000
1998	441600
1998	412750
1998	362657
1998	346300
1998	328310
1998	315000
1998	300000
1998	296253
1998	290250
1998	238999
1998	236070
1998	209400
1998	193600
1998	191000
1998	189000
1998	188410
1998	171280
1998	161774
1998	123519
1998	120666
1998	107300
1998	104375
1998	101900
1998	101320
1998	90000
1998	88998
1998	87200
1998	86663
1998	80921
1998	68679
1998	63600
1998	59000
1998	55903
1998	53200
1998	51377
1998	41829
1998	41000
1998	40289
1998	36848
1998	35562
1998	30692
1998	27760
1998	24896
1998	22663
1998	20020
1998	18800
1998	18500
1998	17566
1998	13700
1998	13000
1998	11608
1998	11023
1998	10277
1998	10000
1998	9452
1998	7935
1998	7647
1998	7037
1998	6399
1998	5142
1998	5092
1998	2406
1998	2000
1998	2000
1998	1300
1998	979
1998	705
1998	600
1998	446
1998	400
1998	250
1998	108
1998	105
1998	70
1998	30
1999	200403300
1999	134496000
1999	50866400
1999	34430000
1999	31393800
1999	24172000
1999	20126000
1999	11786600
1999	11709700
1999	11468800
1999	9343950
1999	7733420
1999	7032760
1999	5816960
1999	4040900
1999	3834290
1999	3277000
1999	2857100
1999	2570000
1999	2348240
1999	2343000
1999	2185230
1999	2102820
1999	2036640
1999	1955030
1999	1658200
1999	1427100
1999	1389800
1999	1328220
1999	1289680
1999	1092490
1999	845100
1999	728600
1999	727140
1999	720193
1999	609625
1999	566501
1999	562260
1999	559000
1999	444000
1999	420800
1999	394434
1999	350000
1999	340000
1999	280000
1999	264317
1999	256789
1999	247235
1999	239786
1999	209750
1999	205610
1999	199300
1999	196300
1999	186087
1999	182287
1999	180296
1999	180000
1999	170000
1999	151650
1999	138282
1999	128093
1999	125000
1999	110256
1999	95000
1999	94209
1999	92833
1999	86463
1999	81061
1999	80300
1999	67470
1999	63600
1999	61989
1999	61000
1999	59278
1999	58630
1999	57364
1999	52711
1999	48398
1999	47326
1999	34650
1999	34040
1999	33585
1999	33300
1999	31700
1999	21000
1999	19883
1999	17869
1999	17430
1999	17301
1999	15998
1999	15066
1999	14700
1999	14000
1999	12619
1999	12446
1999	11000
1999	8919
1999	7487
1999	7402
1999	7000
1999	3800
1999	3240
1999	3109.7
1999	2900
1999	2000
1999	1273
1999	721
1999	650
1999	421
1999	315
1999	200
1999	110
1999	100
1999	74
1999	31
2000	189814060
2000	127465000
2000	51898000
2000	37627500
2000	32529500
2000	25843900
2000	21323900
2000	12389400
2000	11863000
2000	11089800
2000	8657820
2000	7203900
2000	7196580
2000	6000490
2000	4216470
2000	4026090
2000	3298000
2000	2859900
2000	2693930
2000	2480470
2000	2201700
2000	2140800
2000	1971460
2000	1892100
2000	1690000
2000	1246630
2000	1229770
2000	1209140
2000	1140810
2000	1100700
2000	903630
2000	827051
2000	781538
2000	742599
2000	676775
2000	621805
2000	585750
2000	581410
2000	552800
2000	449181
2000	351447
2000	350000
2000	337800
2000	299083
2000	289600
2000	266420
2000	260000
2000	248700
2000	214300
2000	207429
2000	202293
2000	199134
2000	183400
2000	180806
2000	163655
2000	154800
2000	142611
2000	140000
2000	135060
2000	130000
2000	115958
2000	109000
2000	106081
2000	103087
2000	101049
2000	92624
2000	89700
2000	81978
2000	76200
2000	71601
2000	62306
2000	61271
2000	60453
2000	60000
2000	52349
2000	51678
2000	51000
2000	49245
2000	47204
2000	45223
2000	44300
2000	34100
2000	27300
2000	25200
2000	23100
2000	22336
2000	19612
2000	18991
2000	18433
2000	17614
2000	16784
2000	15000
2000	13936
2000	13170
2000	11654
2000	11255
2000	9868
2000	8000
2000	7262
2000	6256
2000	5776
2000	4524
2000	3600
2000	3000
2000	2000
2000	1301
2000	1000
2000	700
2000	500
2000	318
2000	299
2000	170
2000	108
2000	72
2000	12
2001	179304900
2001	139900000
2001	50460800
2001	36269000
2001	32108400
2001	28033700
2001	21916000
2001	12954900
2001	11320000
2001	10184000
2001	9764500
2001	7406520
2001	5823000
2001	5226700
2001	4164690
2001	4099020
2001	2752000
2001	2695080
2001	2662470
2001	2537190
2001	2334700
2001	2095000
2001	2060200
2001	2026970
2001	1990220
2001	1643000
2001	1272950
2001	1255990
2001	1033520
2001	1030200
2001	940938
2001	876148
2001	873183
2001	867692
2001	761064
2001	721668
2001	634228
2001	601000
2001	497120
2001	495862
2001	360000
2001	332437
2001	326025
2001	300000
2001	274596
2001	261209
2001	246201
2001	242000
2001	226639
2001	216699
2001	206989
2001	198700
2001	191370
2001	166945
2001	150192
2001	145932
2001	145000
2001	143261
2001	128000
2001	114000
2001	112167
2001	109868
2001	106179
2001	103000
2001	102810
2001	93150
2001	85056
2001	76400
2001	68900
2001	67800
2001	62048
2001	62011
2001	60920
2001	58809
2001	54901
2001	53845
2001	45223
2001	45000
2001	40000
2001	39776
2001	39580
2001	39000
2001	37720
2001	32600
2001	31544
2001	25300
2001	18957
2001	18706
2001	18452
2001	16557
2001	15610
2001	15412
2001	14612
2001	12121
2001	11645
2001	11172
2001	11000
2001	7900
2001	7707
2001	5335
2001	4000
2001	3262
2001	3200
2001	2083
2001	1500
2001	1351
2001	971
2001	800
2001	600
2001	350
2001	282
2001	124
2001	116
2001	81
2001	33
2002	176342190
2002	107730000
2002	51489700
2002	37593000
2002	34447200
2002	27991800
2002	21805000
2002	13270700
2002	11111000
2002	10457100
2002	9568990
2002	6717750
2002	6687230
2002	6105460
2002	4132600
2002	3822510
2002	2928000
2002	2888000
2002	2859480
2002	2603970
2002	2416500
2002	2393280
2002	2197350
2002	2186000
2002	2118680
2002	1432810
2002	1371100
2002	1192000
2002	1088670
2002	984615
2002	939489
2002	818920
2002	730705
2002	710446
2002	709295
2002	692000
2002	668164
2002	646899
2002	489990
2002	444290
2002	422066
2002	388000
2002	360000
2002	314430
2002	295380
2002	293456
2002	280000
2002	259452
2002	250000
2002	227194
2002	199089
2002	189768
2002	175100
2002	172395
2002	166000
2002	157105
2002	145905
2002	141927
2002	134880
2002	120000
2002	110000
2002	107000
2002	105227
2002	104973
2002	93362
2002	92027
2002	89104
2002	87865
2002	80000
2002	79949
2002	77409
2002	75400
2002	69242
2002	66161
2002	62648
2002	53656
2002	50200
2002	45000
2002	44548
2002	39916
2002	37391
2002	29098
2002	27400
2002	26530
2002	22407
2002	20976
2002	20811
2002	20452
2002	18980
2002	17955
2002	16640
2002	14000
2002	13500
2002	12852
2002	12500
2002	12000
2002	9768
2002	8860
2002	8781
2002	8000
2002	4890
2002	3882
2002	3000
2002	2267
2002	1403
2002	927
2002	601
2002	600
2002	582
2002	372
2002	333
2002	114
2002	102
2002	90
2002	10
2003	162304280
2003	132789000
2003	52137600
2003	38361400
2003	34568800
2003	29473500
2003	23146300
2003	13499900
2003	10334600
2003	9740000
2003	9067180
2003	7271400
2003	6176270
2003	6015000
2003	4710960
2003	4132500
2003	3116000
2003	3071200
2003	2931140
2003	2800000
2003	2752780
2003	2375100
2003	2257000
2003	2244000
2003	2132410
2003	1402350
2003	1384720
2003	1146760
2003	1096920
2003	931925
2003	905700
2003	855000
2003	717630
2003	715800
2003	678890
2003	659824
2003	608329
2003	546200
2003	450840
2003	445633
2003	438111
2003	434000
2003	423278
2003	372000
2003	333700
2003	315963
2003	314780
2003	297530
2003	273341
2003	273300
2003	238810
2003	231805
2003	193685
2003	183637
2003	163000
2003	147802
2003	140849
2003	132000
2003	126024
2003	117483
2003	110250
2003	109500
2003	108500
2003	106723
2003	100000
2003	95494
2003	90000
2003	88380
2003	88184
2003	84000
2003	79000
2003	65433
2003	62048
2003	61256
2003	59415
2003	56980
2003	54183
2003	47175
2003	44902
2003	40502
2003	32495
2003	29700
2003	27891
2003	26736
2003	23659
2003	23461
2003	22515
2003	20587
2003	20500
2003	18342
2003	16900
2003	15748
2003	15651
2003	15504
2003	15500
2003	13194
2003	13042
2003	13000
2003	12000
2003	11194
2003	10831
2003	3200
2003	1947
2003	1719.8
2003	1200
2003	1197
2003	800
2003	700
2003	547
2003	328
2003	253
2003	126
2003	104
2003	90
2003	14
2004	180522610
2004	124697000
2004	54088500
2004	36236000
2004	36148900
2004	28538200
2004	24939000
2004	14496800
2004	13277000
2004	10912000
2004	10539800
2004	7537200
2004	6736930
2004	6352370
2004	4455720
2004	4170280
2004	3334000
2004	3030000
2004	2907040
2004	2628000
2004	2542440
2004	2529000
2004	2370000
2004	2264000
2004	1844900
2004	1778380
2004	1523440
2004	1262600
2004	1207960
2004	1060080
2004	1058460
2004	974091
2004	883131
2004	718086
2004	681521
2004	576621
2004	553114
2004	542000
2004	499600
2004	490000
2004	488900
2004	471060
2004	463000
2004	331336
2004	315130
2004	278500
2004	275849
2004	258510
2004	250000
2004	243378
2004	241807
2004	201744
2004	197211
2004	188417
2004	181230
2004	174490
2004	149255
2004	125000
2004	121000
2004	119265
2004	115110
2004	110000
2004	110000
2004	105000
2004	91242
2004	91083
2004	89192
2004	85530
2004	80400
2004	78099
2004	74501
2004	68515
2004	64699
2004	64532
2004	54324
2004	51445
2004	49958
2004	49722
2004	49295
2004	46191
2004	36000
2004	34994
2004	34926
2004	32600
2004	31900
2004	29500
2004	28116
2004	26519
2004	25529
2004	22409
2004	21303
2004	18344
2004	18000
2004	17189
2004	14676
2004	14358
2004	13000
2004	12000
2004	10680
2004	10243
2004	9595
2004	4963
2004	3256
2004	2500
2004	1720
2004	1242
2004	1135
2004	800
2004	724
2004	620
2004	347
2004	130
2004	102
2004	90
2004	10
2005	182055140
2005	137690000
2005	54151100
2005	39795600
2005	35832900
2005	30291900
2005	27683000
2005	14603000
2005	13192900
2005	11342000
2005	10107500
2005	8320800
2005	6435000
2005	6125300
2005	5986200
2005	4289830
2005	3567000
2005	3393000
2005	3246000
2005	2736840
2005	2583400
2005	2568000
2005	2468360
2005	2371930
2005	2314000
2005	1471080
2005	1412960
2005	1272420
2005	1214500
2005	1167690
2005	1004520
2005	956253
2005	945823
2005	824114
2005	738000
2005	703931
2005	644940
2005	600000
2005	574610
2005	485000
2005	479246
2005	420400
2005	367600
2005	338885
2005	316713
2005	315480
2005	309000
2005	291149
2005	287000
2005	284600
2005	279080
2005	235155
2005	183254
2005	171700
2005	167247
2005	163955
2005	154800
2005	153000
2005	148702
2005	121495
2005	120000
2005	116832
2005	105000
2005	102306
2005	102000
2005	98340
2005	93516
2005	93000
2005	78329
2005	72858
2005	72000
2005	67982
2005	67947
2005	65000
2005	62677
2005	62404
2005	62194
2005	59902
2005	58887
2005	58369
2005	46200
2005	42840
2005	41270
2005	36847
2005	25984
2005	21077
2005	20163
2005	20000
2005	19982
2005	18000
2005	17934
2005	17774
2005	17759
2005	17067
2005	15189
2005	14251
2005	13337
2005	12570
2005	11244
2005	9441
2005	8650
2005	8308
2005	3839
2005	3000
2005	2082
2005	1400
2005	1308
2005	851
2005	804
2005	800
2005	338
2005	144
2005	112
2005	90
2005	3
2006	183276050
2006	139137000
2006	54454900
2006	40773000
2006	35849500
2006	30924000
2006	29641900
2006	15326700
2006	11526700
2006	10695000
2006	8826230
2006	8157600
2006	6755000
2006	6410950
2006	6264120
2006	4209280
2006	4042000
2006	3484950
2006	3342000
2006	2663700
2006	2612180
2006	2478500
2006	2362260
2006	2248000
2006	2187000
2006	1501240
2006	1419130
2006	1340310
2006	1292400
2006	1206150
2006	1193490
2006	1122870
2006	1062320
2006	1053240
2006	1003000
2006	724351
2006	715898
2006	713821
2006	696000
2006	680610
2006	540000
2006	468700
2006	446462
2006	434200
2006	363000
2006	337250
2006	319569
2006	315830
2006	288780
2006	250000
2006	232403
2006	220328
2006	194261
2006	190493
2006	182659
2006	179166
2006	164000
2006	160315
2006	154000
2006	147200
2006	135000
2006	126000
2006	113700
2006	110000
2006	106572
2006	106000
2006	99500
2006	99173
2006	94782
2006	91450
2006	78377
2006	76284
2006	72513
2006	70972
2006	70462
2006	68311
2006	64840
2006	64525
2006	62932
2006	55410
2006	48536
2006	40000
2006	34000
2006	33967
2006	31024
2006	31011
2006	26000
2006	25973
2006	20855
2006	20008
2006	20000
2006	18713
2006	18420
2006	15073
2006	13964
2006	13949
2006	12732
2006	12000
2006	11855
2006	7801
2006	5085
2006	3831
2006	3250
2006	2557
2006	2300
2006	1293
2006	1208
2006	886
2006	800
2006	600
2006	373
2006	150
2006	101
2006	80
2006	2
2007	187397460
2007	144570000
2007	57157400
2007	43181000
2007	35942700
2007	32099400
2007	31451000
2007	16240200
2007	11060700
2007	10893000
2007	8998730
2007	8345100
2007	6876830
2007	6727000
2007	6038000
2007	3680840
2007	3595760
2007	3186000
2007	3131000
2007	2710050
2007	2664240
2007	2375000
2007	2313310
2007	2256000
2007	1869500
2007	1734140
2007	1540090
2007	1401590
2007	1341850
2007	1145700
2007	1082380
2007	1080070
2007	1054860
2007	748986
2007	723426
2007	704544
2007	648000
2007	606310
2007	588004
2007	552000
2007	458700
2007	439600
2007	393000
2007	352104
2007	316180
2007	294697
2007	294350
2007	269869
2007	236978
2007	231800
2007	197700
2007	195340
2007	193379
2007	185340
2007	179728
2007	179012
2007	163000
2007	162000
2007	156200
2007	130000
2007	130000
2007	127250
2007	113166
2007	110900
2007	109569
2007	108000
2007	106379
2007	104655
2007	87700
2007	82165
2007	74843
2007	74432
2007	70911
2007	70000
2007	68916
2007	68267
2007	68209
2007	62000
2007	60420
2007	52109
2007	47256
2007	46661
2007	37595
2007	33150
2007	31540
2007	30576
2007	27518
2007	23000
2007	21956
2007	18317
2007	17775
2007	17269
2007	17000
2007	16000
2007	15355
2007	14849
2007	11395
2007	11244
2007	9916
2007	8671
2007	4635
2007	3575
2007	3300
2007	2800
2007	2450
2007	1300
2007	1100
2007	983
2007	800
2007	392
2007	381
2007	164
2007	100
2007	90
2007	2
2008	193284180
2008	148770000
2008	60251100
2008	46742000
2008	38729800
2008	32573000
2008	31650600
2008	16815500
2008	12061500
2008	11028800
2008	10428000
2008	9241170
2008	7253370
2008	7175470
2008	6919250
2008	4299260
2008	4179000
2008	3914170
2008	3875000
2008	2969910
2008	2862000
2008	2792230
2008	2775800
2008	2353000
2008	2183960
2008	1624250
2008	1534090
2008	1442050
2008	1388900
2008	1364460
2008	1346340
2008	1330000
2008	1245800
2008	778511
2008	753325
2008	738300
2008	680097
2008	679969
2008	665200
2008	612000
2008	507000
2008	436000
2008	408219
2008	337800
2008	316530
2008	301920
2008	301038
2008	295150
2008	285066
2008	254710
2008	248157
2008	224371
2008	221474
2008	208800
2008	195102
2008	182877
2008	177857
2008	169764
2008	150700
2008	148757
2008	144692
2008	121400
2008	114885
2008	111523
2008	110400
2008	110000
2008	110000
2008	109371
2008	101914
2008	100700
2008	85540
2008	82163
2008	82000
2008	80257
2008	77391
2008	74492
2008	72009
2008	53989
2008	49544
2008	48917
2008	44520
2008	38645
2008	38300
2008	37971
2008	35218
2008	32475
2008	30000
2008	24434
2008	24023
2008	21881
2008	21244
2008	20000
2008	17700
2008	17600
2008	16588
2008	16140
2008	11780
2008	11595
2008	9985
2008	8700
2008	8414
2008	3740
2008	3200
2008	3000
2008	2400
2008	1400
2008	1248
2008	911
2008	800
2008	406
2008	394
2008	170
2008	113
2008	103
2008	2
2009	196681170
2009	133700000
2009	64398900
2009	47724000
2009	38950200
2009	32682000
2009	32116100
2009	16266400
2009	12651100
2009	10590000
2009	10324500
2009	9972230
2009	7585870
2009	7022970
2009	5520480
2009	4540440
2009	4523690
2009	3652000
2009	3402590
2009	3144800
2009	2991160
2009	2985220
2009	2511000
2009	2336000
2009	2253420
2009	1950810
2009	1620400
2009	1579410
2009	1455930
2009	1334160
2009	1334000
2009	1287200
2009	1193960
2009	912970
2009	899400
2009	888417
2009	750000
2009	687721
2009	645000
2009	563600
2009	553500
2009	551365
2009	502104
2009	410994
2009	391440
2009	334516
2009	316880
2009	307000
2009	293000
2009	263028
2009	259656
2009	241525
2009	229370
2009	215000
2009	213584
2009	205765
2009	205000
2009	194400
2009	181894
2009	179000
2009	175000
2009	173074
2009	161800
2009	150604
2009	142900
2009	138035
2009	135988
2009	128300
2009	127311
2009	121295
2009	120775
2009	115000
2009	110000
2009	81081
2009	79000
2009	78432
2009	72418
2009	66393
2009	65200
2009	63416
2009	53569
2009	50040
2009	44883
2009	43441
2009	42202
2009	41929
2009	40188
2009	39110
2009	25000
2009	23449
2009	22500
2009	20710
2009	20615
2009	20465
2009	20117
2009	19870
2009	16500
2009	14291
2009	11722
2009	11637
2009	9212
2009	4353
2009	3800
2009	2848
2009	2500
2009	1612
2009	1437
2009	891
2009	800
2009	415
2009	277
2009	174
2009	158
2009	98
2009	2
2010	197212010
2010	143963000
2010	66469400
2010	50061200
2010	39988900
2010	33204500
2010	31597200
2010	15771700
2010	11236000
2010	11027000
2010	10600000
2010	8245320
2010	7235000
2010	6136300
2010	4737970
2010	4329500
2010	4300620
2010	4023820
2010	3218760
2010	3070640
2010	2831370
2010	2548000
2010	2426000
2010	2412220
2010	2308230
2010	2288150
2010	1706190
2010	1516400
2010	1498960
2010	1250000
2010	1240600
2010	1148740
2010	1104890
2010	1060660
2010	1026670
2010	926400
2010	860000
2010	722609
2010	672000
2010	604043
2010	567329
2010	556200
2010	491603
2010	454400
2010	453990
2010	449482
2010	373150
2010	317231
2010	315213
2010	296090
2010	274021
2010	270658
2010	264756
2010	229500
2010	226686
2010	218111
2010	216676
2010	207400
2010	196700
2010	180000
2010	177022
2010	174800
2010	170200
2010	170000
2010	167000
2010	155829
2010	148000
2010	144600
2010	134447
2010	124600
2010	118500
2010	112925
2010	110109
2010	110106
2010	99890
2010	94672.5
2010	83019
2010	80042
2010	76854
2010	71637
2010	67253
2010	61588
2010	56000
2010	51656
2010	50520
2010	39000
2010	34604
2010	30279.8
2010	29963
2010	29592
2010	25700
2010	25200
2010	23350
2010	20900
2010	19400
2010	18900
2010	17697
2010	14600
2010	8500
2010	8200
2010	7684
2010	3930
2010	3850
2010	2900
2010	2800
2010	1650
2010	1300
2010	1072
2010	850
2010	390
2010	220
2010	160
2010	158
2010	105
2010	2
