1961	3019769
1961	1196068
1961	355000
1961	330000
1961	273979
1961	228000
1961	225863
1961	166172
1961	166070
1961	150371
1961	149189
1961	118699
1961	114000
1961	103654
1961	100000
1961	99000
1961	80000
1961	77692
1961	73000
1961	67272
1961	64691
1961	62180
1961	54012
1961	47000
1961	43645
1961	43000
1961	38150
1961	32500
1961	31347
1961	22447
1961	21244
1961	20500
1961	18582
1961	18000
1961	18000
1961	16781
1961	15550
1961	14652
1961	14132
1961	13900
1961	13000
1961	10130
1961	10000
1961	9463
1961	9174
1961	8042
1961	7204
1961	7178
1961	6487
1961	6276
1961	5706
1961	5464
1961	5340
1961	4678
1961	4200
1961	4029
1961	4000
1961	3900
1961	3825
1961	3450
1961	3053
1961	2745
1961	2571
1961	2448
1961	2414
1961	2300
1961	2285
1961	2253
1961	1739
1961	1607
1961	1542
1961	1483
1961	1462
1961	1435
1961	1229
1961	1153
1961	1031
1961	991
1961	973
1961	865
1961	840
1961	756
1961	662
1961	611
1961	604
1961	535
1961	533
1961	478
1961	432
1961	417
1961	380
1961	350
1961	296
1961	289
1961	278
1961	269
1961	264
1961	250
1961	243
1961	229
1961	224
1961	204
1961	200
1961	191
1961	155
1961	151
1961	144
1961	139
1961	133
1961	114
1961	113
1961	103
1961	101
1961	97
1961	85
1961	75
1961	65
1961	58
1961	47
1961	47
1961	44
1961	38
1961	25
1961	22
1961	15
1961	7
1961	6
1961	3
1961	3
1962	3721174
1962	1264515
1962	422000
1962	362000
1962	262153
1962	260810
1962	244000
1962	175285
1962	139712
1962	135944
1962	134295
1962	129015
1962	123333
1962	116000
1962	106620
1962	102498
1962	101000
1962	100000
1962	84358
1962	83529
1962	76504
1962	72000
1962	70330
1962	64000
1962	55058
1962	53000
1962	47335
1962	42148
1962	32782
1962	32604
1962	27126
1962	22604
1962	20000
1962	19410
1962	18000
1962	17237
1962	15933
1962	14000
1962	13800
1962	12149
1962	12103
1962	10000
1962	9681
1962	9403
1962	8700
1962	8275
1962	8042
1962	7564
1962	7144
1962	6681
1962	6323
1962	6152
1962	5210
1962	5100
1962	4531
1962	4459
1962	4130
1962	4068
1962	4000
1962	3500
1962	3309
1962	2734
1962	2432
1962	2406
1962	2300
1962	2225
1962	2185
1962	1947
1962	1794
1962	1732
1962	1610
1962	1592
1962	1394
1962	1257
1962	1226
1962	1188
1962	1165
1962	1143
1962	1085
1962	1013
1962	967
1962	964
1962	922
1962	894
1962	788
1962	709
1962	603
1962	451
1962	451
1962	424
1962	378
1962	339
1962	339
1962	334
1962	325
1962	324
1962	321
1962	311
1962	297
1962	279
1962	238
1962	229
1962	219
1962	188
1962	183
1962	162
1962	161
1962	147
1962	135
1962	123
1962	115
1962	107
1962	106
1962	103
1962	83
1962	79
1962	76
1962	68
1962	53
1962	50
1962	50
1962	38
1962	31
1962	28
1962	15
1962	8
1962	8
1962	4
1962	3
1962	2
1963	3219305
1963	1383188
1963	505000
1963	323000
1963	277340
1963	262000
1963	261140
1963	178563
1963	146100
1963	140649
1963	134320
1963	126497
1963	125880
1963	122000
1963	114336
1963	110000
1963	105000
1963	100000
1963	90170
1963	89245
1963	75745
1963	73731
1963	70395
1963	60972
1963	57010
1963	50000
1963	39382
1963	37000
1963	33050
1963	31571
1963	29762
1963	28000
1963	23544
1963	19961
1963	17200
1963	17000
1963	15000
1963	14228
1963	13876
1963	10673
1963	10383
1963	9558
1963	9220
1963	9000
1963	8077
1963	8042
1963	8000
1963	7850
1963	7599
1963	7377
1963	7375
1963	6962
1963	6442
1963	5569
1963	5122
1963	4261
1963	4095
1963	4000
1963	3788
1963	3044
1963	2912
1963	2800
1963	2630
1963	2629
1963	2527
1963	2515
1963	2450
1963	2335
1963	2052
1963	2028
1963	1942
1963	1666
1963	1614
1963	1547
1963	1332
1963	1212
1963	1204
1963	1176
1963	1156
1963	1079
1963	1000
1963	899
1963	875
1963	840
1963	832
1963	743
1963	742
1963	694
1963	533
1963	521
1963	480
1963	434
1963	415
1963	370
1963	336
1963	317
1963	314
1963	312
1963	259
1963	257
1963	249
1963	245
1963	229
1963	205
1963	190
1963	183
1963	181
1963	171
1963	156
1963	142
1963	141
1963	128
1963	100
1963	94
1963	88
1963	83
1963	68
1963	61
1963	59
1963	58
1963	53
1963	47
1963	36
1963	31
1963	28
1963	19
1963	15
1963	10
1963	8
1963	4
1963	3
1964	6156108
1964	1698423
1964	422000
1964	330190
1964	296000
1964	285631
1964	272000
1964	172432
1964	159600
1964	154000
1964	148000
1964	138004
1964	134444
1964	125000
1964	124170
1964	111000
1964	110000
1964	107286
1964	106500
1964	100370
1964	77016
1964	74219
1964	66341
1964	58056
1964	40305
1964	38400
1964	37380
1964	37212
1964	35000
1964	32690
1964	27214
1964	27000
1964	27000
1964	26483
1964	24555
1964	20920
1964	20000
1964	19000
1964	18034
1964	14930
1964	14599
1964	12356
1964	12000
1964	11887
1964	11149
1964	9000
1964	8968
1964	8042
1964	8000
1964	7970
1964	7797
1964	6136
1964	5925
1964	5366
1964	5134
1964	5112
1964	4493
1964	4352
1964	4126
1964	4000
1964	3277
1964	2900
1964	2708
1964	2695
1964	2510
1964	2490
1964	2480
1964	2451
1964	2360
1964	2264
1964	2120
1964	2000
1964	1656
1964	1371
1964	1326
1964	1257
1964	1239
1964	1206
1964	1099
1964	1042
1964	1000
1964	995
1964	914
1964	887
1964	885
1964	813
1964	808
1964	756
1964	750
1964	542
1964	530
1964	425
1964	382
1964	377
1964	374
1964	370
1964	351
1964	347
1964	333
1964	316
1964	307
1964	269
1964	267
1964	256
1964	253
1964	229
1964	219
1964	206
1964	193
1964	192
1964	177
1964	175
1964	128
1964	111
1964	94
1964	88
1964	75
1964	74
1964	58
1964	54
1964	53
1964	46
1964	42
1964	28
1964	25
1964	17
1964	15
1964	11
1964	11
1964	7
1964	5
1964	4
1965	4434345
1965	2150594
1965	432000
1965	377824
1965	368000
1965	340541
1965	257000
1965	207650
1965	187829
1965	172933
1965	153000
1965	127000
1965	120650
1965	120284
1965	114845
1965	114000
1965	111285
1965	110000
1965	96880
1965	85368
1965	75486
1965	73130
1965	70671
1965	65450
1965	60042
1965	49000
1965	38533
1965	37777
1965	34975
1965	30998
1965	28619
1965	28000
1965	22000
1965	21428
1965	21120
1965	20000
1965	17340
1965	17000
1965	16657
1965	16294
1965	15003
1965	13894
1965	13447
1965	12000
1965	10252
1965	9000
1965	8865
1965	8611
1965	8377
1965	7938
1965	7925
1965	6968
1965	6886
1965	6536
1965	6154
1965	5030
1965	4253
1965	4000
1965	3822
1965	3564
1965	3456
1965	3100
1965	3003
1965	2971
1965	2927
1965	2823
1965	2750
1965	2700
1965	2589
1965	2564
1965	2019
1965	1890
1965	1703
1965	1641
1965	1470
1965	1341
1965	1316
1965	1246
1965	1218
1965	1190
1965	1129
1965	1020
1965	1000
1965	994
1965	968
1965	945
1965	899
1965	870
1965	708
1965	618
1965	592
1965	585
1965	556
1965	522
1965	444
1965	429
1965	410
1965	383
1965	340
1965	333
1965	333
1965	321
1965	307
1965	301
1965	293
1965	255
1965	249
1965	240
1965	231
1965	228
1965	227
1965	211
1965	194
1965	144
1965	125
1965	106
1965	94
1965	92
1965	90
1965	69
1965	67
1965	50
1965	49
1965	43
1965	31
1965	31
1965	17
1965	17
1965	8
1965	5
1965	5
1965	2
1966	3874668
1966	2254846
1966	486000
1966	385318
1966	312000
1966	266433
1966	261000
1966	226778
1966	205379
1966	194002
1966	150000
1966	147755
1966	147333
1966	146000
1966	141000
1966	126993
1966	124000
1966	121034
1966	91878
1966	86319
1966	74995
1966	71282
1966	60078
1966	52259
1966	49258
1966	41000
1966	36600
1966	36498
1966	35133
1966	29397
1966	25407
1966	25188
1966	23869
1966	22932
1966	22857
1966	22000
1966	20229
1966	20000
1966	17616
1966	17000
1966	14958
1966	14000
1966	11025
1966	11000
1966	9912
1966	9869
1966	9000
1966	8951
1966	8345
1966	8146
1966	7885
1966	6755
1966	6688
1966	6043
1966	6019
1966	5901
1966	5746
1966	5614
1966	5200
1966	4814
1966	3384
1966	3339
1966	3223
1966	3100
1966	3067
1966	3051
1966	3045
1966	3000
1966	2919
1966	2790
1966	2586
1966	2551
1966	1844
1966	1730
1966	1522
1966	1505
1966	1420
1966	1419
1966	1397
1966	1358
1966	1315
1966	1231
1966	1201
1966	1157
1966	1145
1966	999
1966	947
1966	885
1966	787
1966	774
1966	711
1966	697
1966	630
1966	596
1966	553
1966	500
1966	463
1966	439
1966	412
1966	374
1966	367
1966	350
1966	333
1966	310
1966	296
1966	289
1966	288
1966	273
1966	234
1966	231
1966	229
1966	204
1966	190
1966	185
1966	172
1966	171
1966	165
1966	101
1966	89
1966	78
1966	75
1966	68
1966	51
1966	46
1966	33
1966	33
1966	17
1966	15
1966	10
1966	10
1966	7
1967	3178884
1967	2251911
1967	506000
1967	357429
1967	342000
1967	301000
1967	271052
1967	217830
1967	204429
1967	193090
1967	182667
1967	180000
1967	150954
1967	147000
1967	137158
1967	127000
1967	119000
1967	114500
1967	100087
1967	78260
1967	75467
1967	69410
1967	64047
1967	63552
1967	39739
1967	38000
1967	36951
1967	32934
1967	31312
1967	31000
1967	28212
1967	28000
1967	27418
1967	26152
1967	23000
1967	22000
1967	21839
1967	19374
1967	18070
1967	17914
1967	15000
1967	14252
1967	13091
1967	10881
1967	9948
1967	9558
1967	9544
1967	9042
1967	8712
1967	8484
1967	8000
1967	7371
1967	7116
1967	6474
1967	6160
1967	5960
1967	5714
1967	5683
1967	5500
1967	4625
1967	4430
1967	4281
1967	4243
1967	3900
1967	3535
1967	3340
1967	3335
1967	3334
1967	3284
1967	3122
1967	2724
1967	2704
1967	1820
1967	1757
1967	1623
1967	1527
1967	1508
1967	1468
1967	1456
1967	1414
1967	1300
1967	1285
1967	1278
1967	1271
1967	1231
1967	1184
1967	1081
1967	1000
1967	977
1967	951
1967	944
1967	932
1967	799
1967	688
1967	680
1967	610
1967	589
1967	569
1967	464
1967	420
1967	401
1967	394
1967	360
1967	340
1967	335
1967	302
1967	239
1967	236
1967	226
1967	225
1967	225
1967	224
1967	174
1967	165
1967	144
1967	136
1967	113
1967	93
1967	83
1967	70
1967	64
1967	58
1967	54
1967	47
1967	46
1967	42
1967	33
1967	17
1967	13
1967	11
1967	9
1967	6
1968	5270975
1968	2213401
1968	496000
1968	480000
1968	371995
1968	349246
1968	321000
1968	294819
1968	246735
1968	229527
1968	217000
1968	215597
1968	180000
1968	169723
1968	156139
1968	148041
1968	146667
1968	132000
1968	128649
1968	127000
1968	127000
1968	67771
1968	67082
1968	58239
1968	49137
1968	43000
1968	42855
1968	39000
1968	39000
1968	38000
1968	32482
1968	28590
1968	25931
1968	25058
1968	24946
1968	24853
1968	23000
1968	19603
1968	19542
1968	19000
1968	16669
1968	16563
1968	15694
1968	15000
1968	13082
1968	11298
1968	11219
1968	11000
1968	10207
1968	10000
1968	9279
1968	8531
1968	8290
1968	8017
1968	6892
1968	6350
1968	6308
1968	6196
1968	5815
1968	5474
1968	4997
1968	4982
1968	4874
1968	4732
1968	4529
1968	4331
1968	4150
1968	3237
1968	3169
1968	3000
1968	2909
1968	2662
1968	2557
1968	2477
1968	2367
1968	2247
1968	2000
1968	1980
1968	1776
1968	1669
1968	1600
1968	1423
1968	1394
1968	1341
1968	1337
1968	1254
1968	1253
1968	1176
1968	1104
1968	997
1968	947
1968	880
1968	840
1968	817
1968	784
1968	761
1968	730
1968	562
1968	490
1968	472
1968	444
1968	432
1968	417
1968	378
1968	363
1968	363
1968	351
1968	276
1968	259
1968	238
1968	233
1968	217
1968	194
1968	182
1968	163
1968	157
1968	120
1968	94
1968	93
1968	93
1968	71
1968	68
1968	61
1968	59
1968	54
1968	28
1968	19
1968	18
1968	17
1968	9
1968	7
1968	6
1969	8051139
1969	2114726
1969	560000
1969	530000
1969	343274
1969	316000
1969	262619
1969	247000
1969	243952
1969	235029
1969	205025
1969	200000
1969	194000
1969	188182
1969	181355
1969	164667
1969	134768
1969	129000
1969	105462
1969	103084
1969	91000
1969	79816
1969	68836
1969	68099
1969	59000
1969	41011
1969	39323
1969	38288
1969	37000
1969	35381
1969	35000
1969	34000
1969	32450
1969	26339
1969	24645
1969	22370
1969	22000
1969	20000
1969	18601
1969	18547
1969	18430
1969	18415
1969	18333
1969	15000
1969	14777
1969	13000
1969	12503
1969	11771
1969	11025
1969	9589
1969	9462
1969	8526
1969	8168
1969	8063
1969	7513
1969	7287
1969	7169
1969	6991
1969	6280
1969	6218
1969	5947
1969	5900
1969	5608
1969	5360
1969	4976
1969	4833
1969	4700
1969	4646
1969	4262
1969	3200
1969	2922
1969	2886
1969	2732
1969	2711
1969	2055
1969	2000
1969	1926
1969	1807
1969	1704
1969	1688
1969	1503
1969	1494
1969	1494
1969	1343
1969	1293
1969	1245
1969	1240
1969	1159
1969	1122
1969	1117
1969	1015
1969	1000
1969	997
1969	979
1969	785
1969	736
1969	705
1969	667
1969	593
1969	553
1969	530
1969	468
1969	428
1969	399
1969	378
1969	371
1969	361
1969	297
1969	278
1969	236
1969	225
1969	224
1969	219
1969	216
1969	213
1969	203
1969	199
1969	197
1969	164
1969	120
1969	92
1969	81
1969	79
1969	60
1969	60
1969	57
1969	50
1969	39
1969	20
1969	18
1969	14
1969	10
1969	6
1970	7939676
1970	2399668
1970	603000
1970	504000
1970	343982
1970	325000
1970	283129
1970	254137
1970	250000
1970	244549
1970	214232
1970	201000
1970	190667
1970	185018
1970	183339
1970	135418
1970	127000
1970	98223
1970	97884
1970	97000
1970	78899
1970	78000
1970	74069
1970	74011
1970	68000
1970	62615
1970	47367
1970	43904
1970	41977
1970	41529
1970	38000
1970	36000
1970	35563
1970	30285
1970	26000
1970	24003
1970	22000
1970	20000
1970	19916
1970	19345
1970	19046
1970	17750
1970	16706
1970	14644
1970	13626
1970	13174
1970	12307
1970	12091
1970	11979
1970	11155
1970	10174
1970	10151
1970	10000
1970	9186
1970	9168
1970	7849
1970	7713
1970	7665
1970	7211
1970	6993
1970	6500
1970	6498
1970	6294
1970	5376
1970	4993
1970	4742
1970	4530
1970	4050
1970	3800
1970	3709
1970	3334
1970	3279
1970	2590
1970	2437
1970	2244
1970	2141
1970	2137
1970	2000
1970	1867
1970	1675
1970	1671
1970	1658
1970	1605
1970	1531
1970	1498
1970	1450
1970	1383
1970	1381
1970	1227
1970	1209
1970	1197
1970	1156
1970	1023
1970	1000
1970	927
1970	873
1970	835
1970	694
1970	691
1970	651
1970	539
1970	536
1970	472
1970	461
1970	422
1970	389
1970	385
1970	380
1970	359
1970	347
1970	336
1970	324
1970	299
1970	292
1970	291
1970	250
1970	208
1970	189
1970	188
1970	159
1970	114
1970	99
1970	90
1970	83
1970	60
1970	56
1970	50
1970	36
1970	21
1970	19
1970	18
1970	11
1970	4
1970	2
1971	3027124
1971	2397016
1971	715000
1971	680000
1971	361051
1971	359000
1971	276351
1971	270000
1971	256152
1971	250676
1971	234670
1971	222275
1971	194000
1971	185333
1971	180489
1971	142129
1971	129932
1971	129000
1971	121826
1971	111000
1971	86060
1971	80000
1971	77003
1971	74015
1971	65881
1971	51000
1971	46936
1971	43685
1971	42714
1971	41781
1971	40000
1971	39706
1971	36000
1971	34317
1971	26987
1971	23869
1971	23000
1971	22473
1971	20000
1971	19488
1971	18118
1971	18100
1971	17161
1971	17000
1971	16228
1971	15819
1971	15806
1971	13600
1971	12354
1971	12055
1971	10059
1971	10000
1971	9538
1971	9062
1971	8861
1971	8147
1971	8105
1971	7700
1971	7167
1971	6950
1971	6382
1971	6102
1971	6028
1971	5364
1971	5226
1971	4852
1971	4375
1971	4001
1971	3991
1971	3633
1971	3400
1971	3261
1971	2348
1971	2188
1971	2175
1971	2127
1971	2055
1971	2040
1971	2020
1971	2005
1971	2000
1971	1990
1971	1637
1971	1625
1971	1580
1971	1426
1971	1396
1971	1303
1971	1289
1971	1273
1971	1268
1971	1246
1971	1126
1971	1000
1971	917
1971	885
1971	853
1971	824
1971	794
1971	731
1971	639
1971	553
1971	480
1971	436
1971	431
1971	423
1971	369
1971	356
1971	347
1971	331
1971	301
1971	299
1971	293
1971	278
1971	272
1971	269
1971	256
1971	254
1971	201
1971	189
1971	179
1971	104
1971	92
1971	90
1971	78
1971	69
1971	54
1971	42
1971	33
1971	18
1971	16
1971	12
1971	8
1971	5
1971	5
1972	4798798
1972	2728885
1972	794000
1972	614000
1972	395555
1972	353464
1972	353000
1972	270000
1972	265866
1972	259000
1972	245325
1972	206000
1972	205937
1972	196711
1972	166667
1972	134485
1972	131000
1972	124039
1972	123015
1972	117000
1972	112000
1972	97512
1972	83000
1972	78000
1972	70012
1972	65900
1972	46000
1972	45400
1972	44088
1972	44053
1972	44043
1972	36317
1972	35482
1972	35283
1972	27000
1972	27000
1972	25942
1972	25000
1972	24000
1972	21667
1972	19677
1972	19165
1972	18072
1972	17702
1972	17418
1972	17000
1972	15404
1972	15000
1972	13005
1972	12937
1972	12888
1972	11069
1972	10267
1972	9742
1972	8600
1972	8499
1972	8405
1972	8355
1972	7232
1972	6961
1972	6777
1972	5646
1972	5313
1972	5242
1972	4921
1972	4604
1972	4291
1972	4220
1972	4100
1972	3950
1972	3268
1972	3000
1972	2864
1972	2599
1972	2530
1972	2462
1972	2389
1972	2239
1972	2209
1972	2205
1972	2182
1972	2009
1972	1877
1972	1875
1972	1767
1972	1736
1972	1704
1972	1494
1972	1345
1972	1334
1972	1280
1972	1258
1972	1223
1972	1121
1972	1000
1972	935
1972	776
1972	739
1972	700
1972	671
1972	658
1972	588
1972	505
1972	497
1972	474
1972	462
1972	436
1972	429
1972	376
1972	374
1972	368
1972	307
1972	301
1972	289
1972	283
1972	278
1972	230
1972	194
1972	170
1972	154
1972	114
1972	104
1972	91
1972	83
1972	82
1972	65
1972	61
1972	47
1972	26
1972	23
1972	19
1972	16
1972	10
1972	5
1972	5
1973	11328769
1973	2836672
1973	742000
1973	504000
1973	370000
1973	362858
1973	309564
1973	290999
1973	281063
1973	280000
1973	269240
1973	233947
1973	224000
1973	209355
1973	201570
1973	170978
1973	149667
1973	134000
1973	123858
1973	119870
1973	114640
1973	97345
1973	89232
1973	87000
1973	75041
1973	72000
1973	65230
1973	53000
1973	49450
1973	44321
1973	41871
1973	39804
1973	39606
1973	35509
1973	33635
1973	32830
1973	32396
1973	31187
1973	28000
1973	25133
1973	22399
1973	19436
1973	19000
1973	18303
1973	17214
1973	16820
1973	16692
1973	16173
1973	16000
1973	15046
1973	13832
1973	11158
1973	11000
1973	10667
1973	10136
1973	9150
1973	8028
1973	7617
1973	7324
1973	6876
1973	5772
1973	5721
1973	5540
1973	5161
1973	4555
1973	4544
1973	4387
1973	4327
1973	4225
1973	4061
1973	4018
1973	3986
1973	3197
1973	2854
1973	2485
1973	2337
1973	2260
1973	2214
1973	2144
1973	2129
1973	2072
1973	2064
1973	2000
1973	1976
1973	1971
1973	1841
1973	1700
1973	1598
1973	1482
1973	1467
1973	1426
1973	1338
1973	1200
1973	1000
1973	988
1973	976
1973	935
1973	854
1973	818
1973	716
1973	678
1973	596
1973	574
1973	563
1973	563
1973	502
1973	477
1973	459
1973	449
1973	415
1973	381
1973	356
1973	341
1973	293
1973	256
1973	209
1973	206
1973	193
1973	181
1973	174
1973	158
1973	143
1973	97
1973	94
1973	88
1973	71
1973	51
1973	36
1973	31
1973	29
1973	21
1973	12
1973	7
1973	7
1973	5
1974	6945822
1974	3116745
1974	653000
1974	543873
1974	440000
1974	389000
1974	347773
1974	345126
1974	313413
1974	306695
1974	256479
1974	250000
1974	246887
1974	229000
1974	213966
1974	197600
1974	195192
1974	163333
1974	163321
1974	136000
1974	113570
1974	102000
1974	94596
1974	89948
1974	82051
1974	76912
1974	74000
1974	71560
1974	71000
1974	56857
1974	46326
1974	44221
1974	41263
1974	38340
1974	37591
1974	32933
1974	30500
1974	30000
1974	29811
1974	24742
1974	24452
1974	24029
1974	18742
1974	18000
1974	18000
1974	15434
1974	15276
1974	13750
1974	13449
1974	12026
1974	11946
1974	10572
1974	10322
1974	10156
1974	10000
1974	9350
1974	9333
1974	8932
1974	7282
1974	6911
1974	6647
1974	6627
1974	6599
1974	6371
1974	5953
1974	5000
1974	4739
1974	4649
1974	4481
1974	4382
1974	4079
1974	4009
1974	3985
1974	3580
1974	3288
1974	2840
1974	2750
1974	2518
1974	2412
1974	2304
1974	2159
1974	1989
1974	1979
1974	1956
1974	1913
1974	1834
1974	1764
1974	1700
1974	1619
1974	1506
1974	1334
1974	1323
1974	1309
1974	1264
1974	1239
1974	1206
1974	1124
1974	1031
1974	990
1974	889
1974	770
1974	679
1974	625
1974	523
1974	486
1974	415
1974	392
1974	377
1974	347
1974	336
1974	325
1974	278
1974	245
1974	211
1974	206
1974	198
1974	185
1974	144
1974	128
1974	111
1974	108
1974	103
1974	89
1974	75
1974	74
1974	67
1974	65
1974	38
1974	35
1974	23
1974	21
1974	12
1974	11
1974	5
1974	3
1975	3642946
1975	3303800
1975	1180000
1975	727000
1975	401399
1975	365000
1975	347331
1975	328631
1975	297750
1975	292899
1975	265000
1975	232052
1975	231000
1975	225783
1975	222327
1975	208034
1975	204151
1975	153000
1975	140000
1975	119820
1975	117745
1975	109831
1975	92705
1975	90000
1975	83095
1975	82000
1975	81213
1975	74490
1975	58000
1975	46533
1975	45984
1975	44711
1975	38245
1975	35855
1975	32500
1975	32414
1975	30000
1975	26934
1975	26300
1975	23883
1975	21922
1975	21384
1975	21200
1975	20709
1975	16838
1975	16000
1975	14171
1975	14000
1975	12572
1975	12300
1975	12022
1975	11742
1975	10816
1975	10759
1975	9757
1975	9000
1975	7868
1975	7592
1975	7581
1975	7003
1975	6507
1975	5600
1975	5419
1975	5284
1975	5222
1975	5200
1975	4864
1975	4815
1975	4800
1975	4742
1975	4340
1975	3914
1975	3804
1975	3602
1975	3250
1975	3215
1975	3200
1975	3178
1975	3000
1975	2895
1975	2272
1975	2267
1975	2213
1975	2053
1975	2021
1975	1975
1975	1862
1975	1846
1975	1816
1975	1787
1975	1492
1975	1468
1975	1377
1975	1307
1975	1229
1975	1229
1975	990
1975	976
1975	972
1975	695
1975	685
1975	671
1975	562
1975	533
1975	526
1975	461
1975	449
1975	397
1975	389
1975	375
1975	347
1975	320
1975	302
1975	271
1975	267
1975	209
1975	196
1975	168
1975	160
1975	143
1975	125
1975	117
1975	104
1975	99
1975	89
1975	71
1975	50
1975	42
1975	32
1975	31
1975	19
1975	9
1975	8
1975	7
1975	6
1975	3
1976	8786988
1976	3626812
1976	1370000
1976	865000
1976	448082
1976	431539
1976	369000
1976	347021
1976	329334
1976	322486
1976	302980
1976	300000
1976	261000
1976	260301
1976	250160
1976	207725
1976	197700
1976	173667
1976	142000
1976	129623
1976	118000
1976	113000
1976	90521
1976	85000
1976	79033
1976	74526
1976	71000
1976	54722
1976	53842
1976	47967
1976	45000
1976	44965
1976	38947
1976	37917
1976	34694
1976	33933
1976	31124
1976	29649
1976	28715
1976	25247
1976	23760
1976	21355
1976	20464
1976	20400
1976	20217
1976	20012
1976	18783
1976	17777
1976	13748
1976	13170
1976	12118
1976	11610
1976	10632
1976	9960
1976	9000
1976	8925
1976	8807
1976	8333
1976	8000
1976	8000
1976	7638
1976	7124
1976	6701
1976	6641
1976	6001
1976	5971
1976	5670
1976	5198
1976	4607
1976	4006
1976	3700
1976	3569
1976	3332
1976	3250
1976	3148
1976	3000
1976	2956
1976	2640
1976	2484
1976	2366
1976	2362
1976	2272
1976	2215
1976	2169
1976	2070
1976	1989
1976	1946
1976	1942
1976	1707
1976	1666
1976	1548
1976	1274
1976	1217
1976	1182
1976	1095
1976	1040
1976	975
1976	929
1976	883
1976	804
1976	718
1976	623
1976	600
1976	579
1976	566
1976	556
1976	484
1976	465
1976	435
1976	422
1976	405
1976	386
1976	353
1976	309
1976	306
1976	289
1976	182
1976	169
1976	164
1976	149
1976	147
1976	139
1976	97
1976	96
1976	91
1976	72
1976	67
1976	44
1976	28
1976	20
1976	19
1976	9
1976	8
1976	5
1976	4
1977	9233818
1977	3319384
1977	1380000
1977	870000
1977	394000
1977	387128
1977	350000
1977	344621
1977	343020
1977	333823
1977	283325
1977	271412
1977	261000
1977	238381
1977	218260
1977	204341
1977	173333
1977	168616
1977	144000
1977	108000
1977	101786
1977	101419
1977	93703
1977	92096
1977	90957
1977	89000
1977	61000
1977	57926
1977	46000
1977	45904
1977	44199
1977	44067
1977	42592
1977	39760
1977	38533
1977	33608
1977	32867
1977	30182
1977	29708
1977	28364
1977	23000
1977	21966
1977	21087
1977	20689
1977	20319
1977	18169
1977	17665
1977	16847
1977	14715
1977	14681
1977	14161
1977	13279
1977	10446
1977	10270
1977	10074
1977	10000
1977	9729
1977	9591
1977	9150
1977	9000
1977	8550
1977	7962
1977	7897
1977	7385
1977	6207
1977	6158
1977	5880
1977	5408
1977	5195
1977	5057
1977	4945
1977	4542
1977	4464
1977	3820
1977	3150
1977	3087
1977	3007
1977	2944
1977	2704
1977	2532
1977	2526
1977	2307
1977	2238
1977	2121
1977	2065
1977	2039
1977	1990
1977	1762
1977	1661
1977	1495
1977	1407
1977	1357
1977	1211
1977	1151
1977	1113
1977	1075
1977	1075
1977	1040
1977	1036
1977	1002
1977	680
1977	637
1977	611
1977	580
1977	575
1977	561
1977	558
1977	557
1977	515
1977	495
1977	488
1977	454
1977	431
1977	431
1977	390
1977	349
1977	300
1977	271
1977	253
1977	253
1977	205
1977	197
1977	153
1977	121
1977	108
1977	71
1977	60
1977	52
1977	44
1977	42
1977	26
1977	19
1977	8
1977	5
1977	4
1978	7598382
1978	4219684
1978	1336000
1978	952000
1978	531325
1978	402432
1978	400000
1978	386289
1978	349000
1978	320571
1978	319516
1978	274000
1978	267472
1978	262076
1978	233504
1978	185842
1978	180900
1978	171667
1978	145000
1978	124144
1978	115000
1978	109660
1978	107373
1978	107014
1978	97000
1978	87583
1978	70354
1978	55800
1978	53711
1978	52000
1978	48000
1978	47885
1978	45153
1978	42199
1978	41300
1978	39878
1978	37163
1978	35196
1978	31060
1978	28664
1978	27045
1978	24712
1978	23200
1978	23125
1978	23000
1978	21078
1978	20322
1978	19273
1978	19253
1978	17363
1978	15468
1978	13859
1978	13150
1978	12256
1978	12060
1978	12043
1978	11332
1978	11088
1978	10950
1978	10900
1978	10396
1978	10000
1978	7689
1978	7500
1978	7477
1978	7200
1978	6276
1978	6092
1978	6025
1978	5394
1978	5320
1978	5113
1978	4981
1978	4955
1978	4685
1978	3332
1978	3186
1978	3121
1978	3100
1978	3079
1978	2958
1978	2815
1978	2795
1978	2597
1978	2334
1978	2320
1978	2207
1978	1878
1978	1450
1978	1385
1978	1345
1978	1307
1978	1128
1978	1114
1978	1114
1978	1109
1978	1090
1978	992
1978	835
1978	770
1978	752
1978	750
1978	700
1978	696
1978	678
1978	676
1978	611
1978	585
1978	573
1978	568
1978	509
1978	473
1978	472
1978	467
1978	417
1978	365
1978	322
1978	278
1978	263
1978	256
1978	219
1978	197
1978	185
1978	167
1978	137
1978	133
1978	108
1978	101
1978	67
1978	51
1978	44
1978	30
1978	29
1978	26
1978	10
1978	6
1978	5
1979	6542918
1979	4845702
1979	1400000
1979	1065000
1979	438351
1979	384008
1979	380000
1979	351000
1979	329766
1979	325726
1979	321271
1979	265697
1979	258818
1979	251000
1979	217505
1979	198380
1979	183288
1979	161880
1979	152667
1979	151000
1979	147000
1979	126000
1979	109224
1979	108180
1979	87080
1979	64663
1979	61604
1979	61023
1979	48000
1979	47080
1979	42613
1979	41764
1979	41000
1979	36400
1979	35351
1979	34570
1979	34400
1979	32278
1979	31975
1979	29948
1979	26000
1979	24070
1979	23333
1979	23259
1979	22868
1979	21968
1979	21896
1979	20744
1979	19933
1979	17697
1979	14986
1979	14684
1979	14520
1979	13495
1979	13071
1979	12351
1979	11432
1979	11415
1979	11363
1979	11220
1979	11000
1979	10466
1979	9405
1979	8827
1979	8200
1979	7364
1979	7020
1979	6300
1979	6103
1979	6008
1979	5459
1979	5022
1979	4568
1979	3662
1979	3608
1979	3582
1979	3052
1979	3002
1979	2975
1979	2936
1979	2922
1979	2397
1979	2305
1979	2271
1979	2166
1979	2082
1979	2080
1979	2000
1979	1762
1979	1550
1979	1533
1979	1433
1979	1267
1979	1200
1979	1136
1979	1075
1979	1066
1979	823
1979	820
1979	805
1979	749
1979	713
1979	688
1979	655
1979	653
1979	653
1979	599
1979	563
1979	555
1979	499
1979	480
1979	477
1979	472
1979	467
1979	449
1979	409
1979	373
1979	349
1979	324
1979	289
1979	243
1979	230
1979	222
1979	185
1979	181
1979	152
1979	115
1979	104
1979	65
1979	57
1979	56
1979	37
1979	26
1979	19
1979	16
1979	13
1979	7
1979	5
1980	9763923
1980	3582641
1980	2556000
1980	955000
1980	426171
1980	410116
1980	400000
1980	364000
1980	358990
1980	347163
1980	298000
1980	286840
1980	272404
1980	261877
1980	224514
1980	203737
1980	200000
1980	174000
1980	164000
1980	150000
1980	148000
1980	129034
1980	119011
1980	108560
1980	97470
1980	90044
1980	72647
1980	67330
1980	49288
1980	49000
1980	48000
1980	46122
1980	45829
1980	43995
1980	39535
1980	38700
1980	37492
1980	35983
1980	32879
1980	32552
1980	31000
1980	29726
1980	28874
1980	24467
1980	23323
1980	20869
1980	20655
1980	19571
1980	18493
1980	18383
1980	16915
1980	15643
1980	14822
1980	14386
1980	13969
1980	13900
1980	13748
1980	13355
1980	12948
1980	12736
1980	12000
1980	10890
1980	10300
1980	10283
1980	9508
1980	8616
1980	7507
1980	7370
1980	7100
1980	6943
1980	5819
1980	5816
1980	4543
1980	3906
1980	3900
1980	3737
1980	3598
1980	3595
1980	3388
1980	3253
1980	3236
1980	3122
1980	2576
1980	2302
1980	2270
1980	2243
1980	2000
1980	1721
1980	1701
1980	1678
1980	1644
1980	1612
1980	1560
1980	1537
1980	1528
1980	1403
1980	1275
1980	1004
1980	994
1980	829
1980	828
1980	815
1980	778
1980	719
1980	714
1980	629
1980	607
1980	603
1980	559
1980	558
1980	535
1980	523
1980	510
1980	509
1980	488
1980	375
1980	362
1980	360
1980	355
1980	339
1980	331
1980	280
1980	264
1980	225
1980	219
1980	205
1980	194
1980	194
1980	129
1980	115
1980	61
1980	58
1980	44
1980	26
1980	19
1980	16
1980	7
1980	6
1981	3952284
1981	3509616
1981	2588000
1981	1089000
1981	470128
1981	426421
1981	420000
1981	366000
1981	362593
1981	324000
1981	317800
1981	314328
1981	275901
1981	253586
1981	251409
1981	191890
1981	169000
1981	163600
1981	162333
1981	160000
1981	149000
1981	126910
1981	118141
1981	107000
1981	77671
1981	74346
1981	60068
1981	55112
1981	52970
1981	48000
1981	47983
1981	47792
1981	47784
1981	46292
1981	43000
1981	40700
1981	39161
1981	35440
1981	34400
1981	33731
1981	29322
1981	27906
1981	27018
1981	25043
1981	24300
1981	23877
1981	23049
1981	22661
1981	22000
1981	21460
1981	19937
1981	19409
1981	19291
1981	18984
1981	17796
1981	16078
1981	15435
1981	15151
1981	14867
1981	13470
1981	13452
1981	12780
1981	12000
1981	10607
1981	10379
1981	10300
1981	8932
1981	7751
1981	6153
1981	6101
1981	5838
1981	5286
1981	4964
1981	4700
1981	3952
1981	3923
1981	3497
1981	3495
1981	3380
1981	3254
1981	3000
1981	3000
1981	2912
1981	2868
1981	2860
1981	2811
1981	2614
1981	2607
1981	2452
1981	2439
1981	2070
1981	2039
1981	1709
1981	1611
1981	1601
1981	1586
1981	1530
1981	1350
1981	1191
1981	1135
1981	1056
1981	973
1981	890
1981	836
1981	805
1981	732
1981	704
1981	656
1981	652
1981	609
1981	524
1981	523
1981	523
1981	503
1981	490
1981	487
1981	439
1981	420
1981	414
1981	386
1981	325
1981	278
1981	265
1981	242
1981	208
1981	208
1981	180
1981	146
1981	113
1981	111
1981	54
1981	53
1981	46
1981	26
1981	25
1981	21
1981	10
1981	2
1982	4698711
1982	4433723
1982	2620000
1982	1123560
1982	503127
1982	460887
1982	421472
1982	420000
1982	382000
1982	344000
1982	330306
1982	328358
1982	310807
1982	297590
1982	281698
1982	215000
1982	203769
1982	189000
1982	154333
1982	150000
1982	127551
1982	123000
1982	120188
1982	95424
1982	88756
1982	84252
1982	74812
1982	66348
1982	60000
1982	52000
1982	50358
1982	50028
1982	47830
1982	45154
1982	44167
1982	41725
1982	40033
1982	38557
1982	36295
1982	36209
1982	34900
1982	32000
1982	31370
1982	30684
1982	29809
1982	28922
1982	24429
1982	22795
1982	22475
1982	21896
1982	21385
1982	21224
1982	20160
1982	17800
1982	17352
1982	14761
1982	13795
1982	13735
1982	13540
1982	13408
1982	13073
1982	12000
1982	11106
1982	10260
1982	9071
1982	8766
1982	8700
1982	8500
1982	8183
1982	7737
1982	6196
1982	5996
1982	4962
1982	4457
1982	4360
1982	4123
1982	4110
1982	3655
1982	3270
1982	3236
1982	3120
1982	2943
1982	2890
1982	2780
1982	2724
1982	2701
1982	2605
1982	2408
1982	2000
1982	1988
1982	1956
1982	1930
1982	1896
1982	1851
1982	1619
1982	1512
1982	1502
1982	1425
1982	1336
1982	1224
1982	945
1982	932
1982	889
1982	838
1982	798
1982	794
1982	761
1982	721
1982	639
1982	635
1982	620
1982	600
1982	550
1982	548
1982	535
1982	501
1982	406
1982	371
1982	364
1982	357
1982	334
1982	333
1982	233
1982	222
1982	198
1982	153
1982	140
1982	119
1982	117
1982	80
1982	69
1982	68
1982	57
1982	32
1982	28
1982	17
1982	5
1983	5453508
1983	4751866
1983	2549000
1983	1283820
1983	451751
1983	450000
1983	416798
1983	408376
1983	369391
1983	348683
1983	339000
1983	337198
1983	293412
1983	257090
1983	235000
1983	222000
1983	220160
1983	212335
1983	187000
1983	186411
1983	167000
1983	150000
1983	145000
1983	123092
1983	101816
1983	84572
1983	82774
1983	69000
1983	64133
1983	60533
1983	58000
1983	47643
1983	46435
1983	42946
1983	42007
1983	40208
1983	37780
1983	37583
1983	35851
1983	35408
1983	34498
1983	34090
1983	28000
1983	27986
1983	26242
1983	25571
1983	24400
1983	24186
1983	22651
1983	21827
1983	21396
1983	20974
1983	20623
1983	20354
1983	20115
1983	18000
1983	16408
1983	15237
1983	14863
1983	14471
1983	14055
1983	14000
1983	11642
1983	11605
1983	11000
1983	10922
1983	9248
1983	8225
1983	8100
1983	6999
1983	6502
1983	6192
1983	5970
1983	4800
1983	4617
1983	4499
1983	4322
1983	4218
1983	3774
1983	3685
1983	3633
1983	3372
1983	3291
1983	2544
1983	2416
1983	2397
1983	2360
1983	2335
1983	2324
1983	2274
1983	2020
1983	2000
1983	1583
1983	1481
1983	1450
1983	1450
1983	1397
1983	1350
1983	1311
1983	1051
1983	1034
1983	1017
1983	975
1983	857
1983	788
1983	787
1983	694
1983	660
1983	642
1983	610
1983	589
1983	571
1983	516
1983	500
1983	458
1983	390
1983	376
1983	363
1983	353
1983	327
1983	262
1983	260
1983	222
1983	217
1983	214
1983	169
1983	157
1983	125
1983	89
1983	81
1983	69
1983	65
1983	37
1983	31
1983	28
1983	19
1983	9
1984	5342307
1984	5011642
1984	2580000
1984	1364280
1984	507645
1984	500000
1984	460870
1984	440531
1984	422149
1984	372000
1984	358607
1984	349583
1984	336463
1984	322682
1984	267000
1984	260000
1984	229000
1984	214689
1984	186660
1984	178826
1984	177000
1984	170000
1984	152000
1984	129058
1984	116253
1984	113377
1984	86234
1984	73376
1984	71000
1984	60000
1984	59664
1984	51695
1984	49477
1984	47601
1984	43436
1984	42795
1984	41604
1984	40468
1984	40182
1984	37100
1984	33150
1984	30541
1984	29815
1984	29710
1984	28182
1984	27000
1984	25675
1984	25012
1984	24804
1984	23538
1984	23445
1984	23436
1984	22934
1984	21400
1984	20856
1984	18269
1984	18000
1984	17804
1984	17571
1984	16406
1984	13000
1984	12951
1984	11250
1984	11115
1984	10678
1984	10176
1984	9400
1984	8864
1984	6878
1984	6370
1984	6088
1984	5795
1984	5400
1984	4867
1984	4306
1984	4208
1984	3776
1984	3765
1984	3601
1984	3334
1984	3289
1984	3284
1984	2962
1984	2820
1984	2680
1984	2491
1984	2434
1984	2299
1984	2251
1984	2000
1984	1825
1984	1739
1984	1725
1984	1713
1984	1697
1984	1528
1984	1525
1984	1509
1984	1250
1984	1203
1984	1073
1984	1068
1984	1052
1984	943
1984	930
1984	925
1984	777
1984	761
1984	725
1984	625
1984	568
1984	554
1984	541
1984	510
1984	482
1984	438
1984	406
1984	371
1984	236
1984	219
1984	193
1984	179
1984	176
1984	161
1984	122
1984	81
1984	64
1984	63
1984	62
1984	46
1984	44
1984	29
1984	28
1984	21
1984	9
1985	7108054
1985	4925941
1985	2550000
1985	1322000
1985	540246
1985	500000
1985	486605
1985	468976
1985	462447
1985	438729
1985	397399
1985	368000
1985	345696
1985	336077
1985	315528
1985	293000
1985	252000
1985	211000
1985	159990
1985	155000
1985	152000
1985	145446
1985	145000
1985	143876
1985	141369
1985	134916
1985	112000
1985	103433
1985	88665
1985	71469
1985	62000
1985	60938
1985	60000
1985	59165
1985	54000
1985	53998
1985	48094
1985	45624
1985	45088
1985	44531
1985	42245
1985	35987
1985	35890
1985	35771
1985	34044
1985	33162
1985	32320
1985	31889
1985	29600
1985	27302
1985	25976
1985	25104
1985	24550
1985	22322
1985	22031
1985	18764
1985	18230
1985	17503
1985	17090
1985	16336
1985	15133
1985	15004
1985	12915
1985	12204
1985	12000
1985	11153
1985	10395
1985	10314
1985	8691
1985	8575
1985	5693
1985	4918
1985	4754
1985	4421
1985	4415
1985	4281
1985	4212
1985	4048
1985	3821
1985	3575
1985	3114
1985	3018
1985	2697
1985	2580
1985	2446
1985	2360
1985	2260
1985	2032
1985	2000
1985	1776
1985	1776
1985	1655
1985	1600
1985	1579
1985	1551
1985	1507
1985	1428
1985	1333
1985	1255
1985	1245
1985	1217
1985	1142
1985	994
1985	988
1985	968
1985	953
1985	930
1985	835
1985	778
1985	768
1985	676
1985	650
1985	617
1985	480
1985	473
1985	467
1985	457
1985	455
1985	446
1985	339
1985	319
1985	236
1985	203
1985	144
1985	143
1985	143
1985	126
1985	108
1985	76
1985	72
1985	39
1985	29
1985	26
1985	21
1985	5
1986	5226290
1986	5177724
1986	3420000
1986	1411554
1986	534196
1986	497339
1986	493985
1986	486432
1986	473231
1986	400000
1986	398633
1986	372215
1986	367979
1986	348000
1986	269656
1986	268000
1986	265000
1986	264000
1986	161190
1986	157937
1986	152000
1986	137672
1986	137333
1986	108500
1986	91206
1986	86513
1986	85846
1986	81222
1986	69000
1986	65317
1986	64896
1986	61100
1986	58946
1986	58000
1986	52860
1986	49949
1986	45309
1986	43429
1986	40829
1986	40356
1986	39598
1986	38536
1986	34087
1986	33000
1986	32500
1986	32186
1986	31489
1986	29642
1986	29094
1986	28420
1986	25088
1986	24850
1986	20828
1986	20586
1986	19081
1986	18716
1986	18050
1986	17409
1986	15656
1986	15173
1986	13000
1986	12649
1986	11991
1986	11591
1986	10650
1986	9497
1986	8883
1986	8722
1986	8457
1986	6179
1986	5011
1986	4490
1986	4472
1986	4454
1986	4283
1986	4231
1986	3710
1986	3593
1986	3530
1986	3361
1986	3128
1986	3083
1986	2692
1986	2471
1986	2000
1986	1920
1986	1783
1986	1744
1986	1727
1986	1650
1986	1637
1986	1539
1986	1527
1986	1489
1986	1425
1986	1417
1986	1321
1986	1289
1986	1280
1986	1038
1986	1021
1986	1019
1986	986
1986	961
1986	913
1986	903
1986	850
1986	824
1986	779
1986	777
1986	741
1986	701
1986	686
1986	614
1986	564
1986	503
1986	496
1986	449
1986	449
1986	445
1986	438
1986	333
1986	322
1986	250
1986	140
1986	136
1986	132
1986	114
1986	80
1986	74
1986	74
1986	68
1986	36
1986	31
1986	7
1987	8318191
1987	5270312
1987	3402000
1987	1330000
1987	558248
1987	539819
1987	525129
1987	500000
1987	493263
1987	469976
1987	402922
1987	375705
1987	356811
1987	300000
1987	288000
1987	277000
1987	261391
1987	257000
1987	177032
1987	164167
1987	153000
1987	145696
1987	122870
1987	116000
1987	105018
1987	94381
1987	88078
1987	84351
1987	69000
1987	66678
1987	62000
1987	60217
1987	59000
1987	55114
1987	52776
1987	49295
1987	47001
1987	45473
1987	39948
1987	37851
1987	36650
1987	35563
1987	32932
1987	31111
1987	30725
1987	30462
1987	30000
1987	29000
1987	28396
1987	28013
1987	27562
1987	24838
1987	24346
1987	23873
1987	23513
1987	20140
1987	16948
1987	15361
1987	15191
1987	14469
1987	12877
1987	12000
1987	11570
1987	11050
1987	10352
1987	9588
1987	9178
1987	9030
1987	8274
1987	7069
1987	5060
1987	4835
1987	4602
1987	4524
1987	4455
1987	4378
1987	4319
1987	3890
1987	3757
1987	3549
1987	3085
1987	2906
1987	2757
1987	2586
1987	2541
1987	2357
1987	2317
1987	2017
1987	2000
1987	1992
1987	1854
1987	1848
1987	1780
1987	1689
1987	1665
1987	1639
1987	1586
1987	1568
1987	1563
1987	1482
1987	1441
1987	1358
1987	1315
1987	1260
1987	970
1987	917
1987	882
1987	857
1987	851
1987	781
1987	778
1987	733
1987	723
1987	705
1987	675
1987	625
1987	614
1987	532
1987	482
1987	454
1987	440
1987	328
1987	250
1987	191
1987	163
1987	144
1987	140
1987	112
1987	100
1987	98
1987	96
1987	54
1987	36
1987	30
1987	5
1988	5622777
1988	5279650
1988	3690000
1988	1385000
1988	574526
1988	549780
1988	500000
1988	482694
1988	478674
1988	416635
1988	360000
1988	357066
1988	353607
1988	340126
1988	309000
1988	295000
1988	289799
1988	264000
1988	190333
1988	179514
1988	154000
1988	148028
1988	139350
1988	127191
1988	123000
1988	91487
1988	84938
1988	82608
1988	70688
1988	63000
1988	62000
1988	58086
1988	56344
1988	55428
1988	55201
1988	52024
1988	52000
1988	52000
1988	50055
1988	50046
1988	45200
1988	40500
1988	38500
1988	36247
1988	34273
1988	32176
1988	31067
1988	28026
1988	27651
1988	26229
1988	24773
1988	23929
1988	21578
1988	20703
1988	17325
1988	17279
1988	16738
1988	14064
1988	13575
1988	13000
1988	11955
1988	11299
1988	11261
1988	9957
1988	9664
1988	8864
1988	7843
1988	7782
1988	7138
1988	6070
1988	4780
1988	4649
1988	4641
1988	4471
1988	4387
1988	3840
1988	3782
1988	3713
1988	3706
1988	3500
1988	3346
1988	3174
1988	3000
1988	2909
1988	2371
1988	2345
1988	2105
1988	2052
1988	2000
1988	1991
1988	1853
1988	1803
1988	1785
1988	1750
1988	1738
1988	1730
1988	1710
1988	1700
1988	1608
1988	1580
1988	1484
1988	1326
1988	1314
1988	1275
1988	1050
1988	968
1988	967
1988	926
1988	904
1988	897
1988	891
1988	816
1988	776
1988	773
1988	732
1988	672
1988	624
1988	499
1988	493
1988	479
1988	430
1988	406
1988	359
1988	250
1988	182
1988	174
1988	163
1988	133
1988	119
1988	111
1988	69
1988	69
1988	50
1988	46
1988	33
1988	5
1989	8106549
1989	5656095
1989	2920000
1989	1623000
1989	610669
1989	601298
1989	559454
1989	502756
1989	403023
1989	401253
1989	400047
1989	400000
1989	380000
1989	350000
1989	347000
1989	331267
1989	308704
1989	278000
1989	255000
1989	175379
1989	155000
1989	151000
1989	149470
1989	142146
1989	127182
1989	100410
1989	100000
1989	91668
1989	78635
1989	74943
1989	70000
1989	69997
1989	61000
1989	54070
1989	53878
1989	51476
1989	49293
1989	47000
1989	46428
1989	45158
1989	40000
1989	37997
1989	36659
1989	35635
1989	29736
1989	28380
1989	28292
1989	27893
1989	24925
1989	24565
1989	24346
1989	22796
1989	18946
1989	18053
1989	17861
1989	16019
1989	13684
1989	13183
1989	10799
1989	10553
1989	10000
1989	9625
1989	9288
1989	9051
1989	7693
1989	7652
1989	7331
1989	6638
1989	6507
1989	6205
1989	6000
1989	5463
1989	5319
1989	5035
1989	4344
1989	4060
1989	4044
1989	3607
1989	3524
1989	3401
1989	3334
1989	3299
1989	3028
1989	2250
1989	2098
1989	2067
1989	2028
1989	2000
1989	1941
1989	1918
1989	1900
1989	1811
1989	1758
1989	1756
1989	1700
1989	1648
1989	1592
1989	1523
1989	1513
1989	1392
1989	1282
1989	1125
1989	1077
1989	1070
1989	1022
1989	940
1989	868
1989	845
1989	803
1989	790
1989	754
1989	745
1989	734
1989	627
1989	623
1989	590
1989	578
1989	528
1989	490
1989	413
1989	392
1989	382
1989	329
1989	250
1989	217
1989	212
1989	208
1989	201
1989	136
1989	106
1989	69
1989	69
1989	36
1989	28
1989	8
1990	10178713
1990	6392784
1990	3550000
1990	1500000
1990	656540
1990	623000
1990	576429
1990	569674
1990	500366
1990	433000
1990	429197
1990	405306
1990	400000
1990	364000
1990	344109
1990	309000
1990	294841
1990	273000
1990	228682
1990	187439
1990	162293
1990	155000
1990	151692
1990	150661
1990	148540
1990	118602
1990	105599
1990	75518
1990	74806
1990	70837
1990	66938
1990	66352
1990	62000
1990	61000
1990	59000
1990	50385
1990	48759
1990	47310
1990	44000
1990	42043
1990	36645
1990	34693
1990	34311
1990	30982
1990	29960
1990	29416
1990	29288
1990	28500
1990	27250
1990	26123
1990	22462
1990	20237
1990	19164
1990	16693
1990	15120
1990	14575
1990	13646
1990	12999
1990	12629
1990	12597
1990	11538
1990	11441
1990	11000
1990	10260
1990	10000
1990	9415
1990	8161
1990	7463
1990	6794
1990	6615
1990	6208
1990	5505
1990	5433
1990	4824
1990	4356
1990	4343
1990	4092
1990	3837
1990	3509
1990	3142
1990	2870
1990	2775
1990	2737
1990	2489
1990	2428
1990	2149
1990	2120
1990	2031
1990	2000
1990	1958
1990	1912
1990	1881
1990	1840
1990	1834
1990	1779
1990	1765
1990	1751
1990	1568
1990	1560
1990	1495
1990	1459
1990	1429
1990	1418
1990	1276
1990	1257
1990	1222
1990	963
1990	865
1990	845
1990	832
1990	827
1990	771
1990	764
1990	677
1990	635
1990	560
1990	557
1990	498
1990	440
1990	418
1990	389
1990	330
1990	208
1990	208
1990	192
1990	185
1990	138
1990	119
1990	111
1990	90
1990	74
1990	61
1990	51
1990	13
1990	7
1990	1
1991	9015406
1991	6606918
1991	3000000
1991	1650000
1991	675748
1991	656000
1991	621462
1991	516482
1991	498484
1991	497234
1991	443780
1991	437000
1991	412000
1991	364718
1991	350000
1991	321450
1991	293384
1991	261000
1991	189855
1991	186388
1991	176880
1991	156000
1991	131718
1991	120000
1991	110000
1991	106941
1991	105574
1991	90938
1991	85174
1991	84393
1991	74044
1991	70000
1991	69774
1991	69452
1991	60193
1991	57091
1991	49865
1991	49655
1991	44537
1991	44228
1991	44000
1991	41062
1991	41000
1991	37234
1991	34000
1991	33947
1991	30454
1991	28752
1991	28500
1991	27000
1991	25021
1991	24930
1991	19453
1991	16910
1991	16668
1991	15515
1991	15454
1991	14288
1991	14207
1991	14047
1991	13446
1991	12248
1991	12119
1991	10446
1991	10258
1991	10000
1991	9292
1991	8844
1991	6333
1991	6172
1991	5888
1991	5603
1991	5315
1991	4545
1991	4400
1991	4336
1991	4249
1991	4178
1991	4050
1991	3951
1991	3752
1991	3319
1991	3165
1991	3032
1991	2520
1991	2349
1991	2286
1991	2000
1991	1951
1991	1931
1991	1807
1991	1800
1991	1795
1991	1778
1991	1703
1991	1700
1991	1607
1991	1561
1991	1480
1991	1393
1991	1274
1991	1231
1991	1166
1991	1138
1991	1129
1991	1074
1991	1026
1991	981
1991	897
1991	868
1991	865
1991	859
1991	823
1991	795
1991	769
1991	759
1991	737
1991	699
1991	626
1991	607
1991	577
1991	450
1991	250
1991	208
1991	188
1991	146
1991	139
1991	139
1991	136
1991	111
1991	69
1991	67
1991	36
1991	13
1991	13
1991	4
1992	8017889
1992	2500000
1992	1670000
1992	1364975
1992	810531
1992	676675
1992	669234
1992	631598
1992	471000
1992	430650
1992	418865
1992	403855
1992	395371
1992	389000
1992	364160
1992	300000
1992	292589
1992	291614
1992	280100
1992	221813
1992	177852
1992	174114
1992	158002
1992	156000
1992	147388
1992	128143
1992	128000
1992	127000
1992	113872
1992	112364
1992	110251
1992	110000
1992	89374
1992	81423
1992	76329
1992	71000
1992	67585
1992	67000
1992	58022
1992	58000
1992	57093
1992	56688
1992	52698
1992	50567
1992	48736
1992	47095
1992	43343
1992	42236
1992	42000
1992	41597
1992	37287
1992	36325
1992	36060
1992	35990
1992	34762
1992	33592
1992	32914
1992	31959
1992	31425
1992	29569
1992	28000
1992	27660
1992	27461
1992	26000
1992	23522
1992	22483
1992	21859
1992	21386
1992	21005
1992	20609
1992	15583
1992	14932
1992	14357
1992	14084
1992	13820
1992	13638
1992	13061
1992	11892
1992	10577
1992	10431
1992	10093
1992	10000
1992	9060
1992	9034
1992	7478
1992	7325
1992	7166
1992	5858
1992	4878
1992	4815
1992	4479
1992	4250
1992	4185
1992	3812
1992	3717
1992	3464
1992	3416
1992	3240
1992	3145
1992	3099
1992	2379
1992	2269
1992	2214
1992	2119
1992	2107
1992	2053
1992	2000
1992	1990
1992	1906
1992	1838
1992	1810
1992	1801
1992	1774
1992	1680
1992	1609
1992	1557
1992	1522
1992	1499
1992	1464
1992	1200
1992	1188
1992	1087
1992	1019
1992	1005
1992	963
1992	950
1992	933
1992	879
1992	836
1992	819
1992	792
1992	750
1992	735
1992	668
1992	630
1992	589
1992	567
1992	500
1992	467
1992	388
1992	221
1992	218
1992	208
1992	176
1992	129
1992	118
1992	111
1992	69
1992	65
1992	50
1992	27
1992	11
1993	7149267
1993	2000000
1993	1845067
1993	1716000
1993	691837
1993	659093
1993	639906
1993	520923
1993	488433
1993	431718
1993	424000
1993	404000
1993	397000
1993	389614
1993	373280
1993	316965
1993	304875
1993	280331
1993	261000
1993	261000
1993	251356
1993	169308
1993	164791
1993	159000
1993	151662
1993	147974
1993	130000
1993	116052
1993	108923
1993	97309
1993	88502
1993	87000
1993	83250
1993	77943
1993	71820
1993	64503
1993	64000
1993	62681
1993	59672
1993	58710
1993	52000
1993	50750
1993	50734
1993	50194
1993	50150
1993	48591
1993	47342
1993	47034
1993	43718
1993	42000
1993	39901
1993	38564
1993	37954
1993	37197
1993	36915
1993	34864
1993	34319
1993	34318
1993	30238
1993	28823
1993	26032
1993	26000
1993	24575
1993	24268
1993	24063
1993	20956
1993	20330
1993	19982
1993	19515
1993	19000
1993	17411
1993	16991
1993	16265
1993	16070
1993	14236
1993	13950
1993	13075
1993	12569
1993	11589
1993	11443
1993	11000
1993	10879
1993	10601
1993	9261
1993	8823
1993	6927
1993	5966
1993	5664
1993	5622
1993	5564
1993	5095
1993	4628
1993	4559
1993	4399
1993	4395
1993	4329
1993	4197
1993	3620
1993	3578
1993	3305
1993	3266
1993	2938
1993	2917
1993	2510
1993	2484
1993	2370
1993	2277
1993	2191
1993	2136
1993	2069
1993	2065
1993	2000
1993	1954
1993	1810
1993	1726
1993	1559
1993	1344
1993	1290
1993	1276
1993	1250
1993	1175
1993	1091
1993	1010
1993	959
1993	933
1993	905
1993	873
1993	871
1993	867
1993	790
1993	783
1993	739
1993	734
1993	722
1993	687
1993	621
1993	581
1993	551
1993	538
1993	447
1993	222
1993	217
1993	208
1993	179
1993	169
1993	163
1993	119
1993	111
1993	110
1993	67
1993	63
1993	53
1993	10
1993	8
1993	5
1994	7247072
1994	1982483
1994	1795000
1994	1700000
1994	737200
1994	659657
1994	553197
1994	515622
1994	453690
1994	413336
1994	411000
1994	396271
1994	384190
1994	380000
1994	374741
1994	324920
1994	300013
1994	269381
1994	266000
1994	200000
1994	193790
1994	173046
1994	164000
1994	134285
1994	132632
1994	112000
1994	111923
1994	97603
1994	97344
1994	89613
1994	87425
1994	75415
1994	72257
1994	70395
1994	67816
1994	67016
1994	66000
1994	64660
1994	62500
1994	57822
1994	57053
1994	56049
1994	55000
1994	53707
1994	50891
1994	48957
1994	45797
1994	45000
1994	42399
1994	41528
1994	40028
1994	38531
1994	38305
1994	37246
1994	35415
1994	32871
1994	32437
1994	30618
1994	29865
1994	28276
1994	27884
1994	27686
1994	27580
1994	27466
1994	27427
1994	24046
1994	22652
1994	20588
1994	20000
1994	19347
1994	17587
1994	17528
1994	17419
1994	14320
1994	13194
1994	13002
1994	12890
1994	12169
1994	12000
1994	11491
1994	10490
1994	10350
1994	9828
1994	9614
1994	9508
1994	8926
1994	8387
1994	7084
1994	6355
1994	5944
1994	5430
1994	5336
1994	5206
1994	4972
1994	4862
1994	4452
1994	4447
1994	4339
1994	4133
1994	3843
1994	3661
1994	3259
1994	2779
1994	2753
1994	2551
1994	2410
1994	2349
1994	2300
1994	2239
1994	2041
1994	2000
1994	1998
1994	1947
1994	1838
1994	1768
1994	1699
1994	1694
1994	1635
1994	1193
1994	1178
1994	1140
1994	1040
1994	1000
1994	992
1994	970
1994	919
1994	890
1994	880
1994	847
1994	839
1994	747
1994	731
1994	694
1994	616
1994	608
1994	601
1994	558
1994	545
1994	457
1994	427
1994	425
1994	376
1994	282
1994	226
1994	218
1994	200
1994	165
1994	156
1994	133
1994	125
1994	75
1994	64
1994	57
1994	54
1994	10
1994	8
1994	5
1995	7258229
1995	1973000
1995	1800000
1995	1257404
1995	735019
1995	716377
1995	622132
1995	481253
1995	474960
1995	438000
1995	430206
1995	425000
1995	418784
1995	375355
1995	350322
1995	310445
1995	294900
1995	284556
1995	269000
1995	265000
1995	217523
1995	182118
1995	178016
1995	165042
1995	163000
1995	129333
1995	129057
1995	123422
1995	99355
1995	93035
1995	83043
1995	79659
1995	78608
1995	67915
1995	67599
1995	60190
1995	58610
1995	54998
1995	51404
1995	50330
1995	49198
1995	48299
1995	47000
1995	46768
1995	45852
1995	44395
1995	42000
1995	40592
1995	37389
1995	37213
1995	35800
1995	32939
1995	32216
1995	31887
1995	30195
1995	29278
1995	28233
1995	27762
1995	27157
1995	26507
1995	24663
1995	24422
1995	22869
1995	22196
1995	21388
1995	21129
1995	20410
1995	20000
1995	18590
1995	18484
1995	17332
1995	16342
1995	16000
1995	16000
1995	15975
1995	14250
1995	14085
1995	14000
1995	13708
1995	12927
1995	12496
1995	11753
1995	10037
1995	8242
1995	7200
1995	6541
1995	6023
1995	5675
1995	5581
1995	5563
1995	5534
1995	4889
1995	4876
1995	4749
1995	4488
1995	4455
1995	4294
1995	4275
1995	4164
1995	3453
1995	3400
1995	3316
1995	3074
1995	3030
1995	2826
1995	2675
1995	2565
1995	2558
1995	2460
1995	2388
1995	2063
1995	2000
1995	1837
1995	1789
1995	1787
1995	1763
1995	1629
1995	1605
1995	1550
1995	1522
1995	1272
1995	1218
1995	1100
1995	1064
1995	1039
1995	1028
1995	1011
1995	1005
1995	928
1995	928
1995	900
1995	888
1995	886
1995	879
1995	875
1995	844
1995	734
1995	724
1995	641
1995	622
1995	620
1995	421
1995	385
1995	329
1995	271
1995	175
1995	175
1995	164
1995	163
1995	143
1995	132
1995	125
1995	58
1995	55
1995	54
1995	51
1995	9
1995	4
1996	6787633
1996	1900000
1996	1860000
1996	974470
1996	781899
1996	694459
1996	638541
1996	625771
1996	558762
1996	554895
1996	482812
1996	464000
1996	449821
1996	423000
1996	346797
1996	328497
1996	322000
1996	308000
1996	283733
1996	237030
1996	222839
1996	221047
1996	208471
1996	177654
1996	165000
1996	142000
1996	108865
1996	96422
1996	82358
1996	82000
1996	80422
1996	77768
1996	77692
1996	75866
1996	70515
1996	69337
1996	64545
1996	63948
1996	61000
1996	60901
1996	58738
1996	57838
1996	54356
1996	54164
1996	53316
1996	51000
1996	49968
1996	49293
1996	48988
1996	40939
1996	36628
1996	36098
1996	35438
1996	34618
1996	34563
1996	34371
1996	34034
1996	33128
1996	33032
1996	32846
1996	30215
1996	27557
1996	27501
1996	26600
1996	26343
1996	26000
1996	25966
1996	23217
1996	22288
1996	21072
1996	20936
1996	20228
1996	18778
1996	18695
1996	18481
1996	18000
1996	18000
1996	16176
1996	16038
1996	15718
1996	14779
1996	13600
1996	10973
1996	9053
1996	8041
1996	7881
1996	7375
1996	6951
1996	5290
1996	5209
1996	5000
1996	4810
1996	4757
1996	4566
1996	4525
1996	4380
1996	3898
1996	3894
1996	3884
1996	3826
1996	3583
1996	3510
1996	3283
1996	3068
1996	3055
1996	2540
1996	2529
1996	2452
1996	2398
1996	2302
1996	2231
1996	2067
1996	2043
1996	2000
1996	1975
1996	1839
1996	1693
1996	1667
1996	1637
1996	1574
1996	1553
1996	1524
1996	1380
1996	1287
1996	1254
1996	1203
1996	1179
1996	1006
1996	967
1996	960
1996	900
1996	898
1996	715
1996	701
1996	698
1996	635
1996	631
1996	621
1996	601
1996	590
1996	520
1996	453
1996	335
1996	273
1996	200
1996	185
1996	167
1996	151
1996	150
1996	133
1996	125
1996	122
1996	67
1996	67
1996	56
1996	40
1996	6
1996	2
1997	7136125
1997	2080000
1997	1900000
1997	1455565
1997	835681
1997	799333
1997	661447
1997	560133
1997	552629
1997	486386
1997	484000
1997	416000
1997	393020
1997	392294
1997	337245
1997	321523
1997	316568
1997	316423
1997	298000
1997	289000
1997	238625
1997	204808
1997	192247
1997	187319
1997	162000
1997	148000
1997	128843
1997	111154
1997	88901
1997	82462
1997	80540
1997	79626
1997	76971
1997	76501
1997	70506
1997	68311
1997	68045
1997	67121
1997	62000
1997	59468
1997	57188
1997	57000
1997	56670
1997	54314
1997	53872
1997	52176
1997	48330
1997	47431
1997	46776
1997	45890
1997	43309
1997	40000
1997	39500
1997	39401
1997	38654
1997	37308
1997	36548
1997	35867
1997	32546
1997	32232
1997	30432
1997	30298
1997	28047
1997	26121
1997	23848
1997	23245
1997	22146
1997	22069
1997	21320
1997	20000
1997	19332
1997	17516
1997	17343
1997	17061
1997	16867
1997	16096
1997	16035
1997	15800
1997	14024
1997	13285
1997	13103
1997	12000
1997	11500
1997	9566
1997	9356
1997	9144
1997	8129
1997	7544
1997	6996
1997	6654
1997	6647
1997	6556
1997	6411
1997	5840
1997	5445
1997	5296
1997	4793
1997	4701
1997	4624
1997	4464
1997	4412
1997	4257
1997	4038
1997	3913
1997	3463
1997	3298
1997	3161
1997	3083
1997	2539
1997	2459
1997	2384
1997	2073
1997	2028
1997	2000
1997	1953
1997	1824
1997	1795
1997	1774
1997	1602
1997	1539
1997	1403
1997	1337
1997	1309
1997	1274
1997	1204
1997	1140
1997	1129
1997	1056
1997	1030
1997	1015
1997	994
1997	920
1997	895
1997	873
1997	773
1997	719
1997	674
1997	668
1997	667
1997	664
1997	622
1997	487
1997	447
1997	422
1997	266
1997	208
1997	175
1997	165
1997	151
1997	125
1997	125
1997	121
1997	117
1997	92
1997	60
1997	50
1997	2
1997	2
1998	6574540
1998	2100000
1998	1990000
1998	774515
1998	771217
1998	606579
1998	582625
1998	532658
1998	486000
1998	481947
1998	467000
1998	421794
1998	418823
1998	378232
1998	361000
1998	343919
1998	305666
1998	300000
1998	297398
1998	278155
1998	231320
1998	221087
1998	208303
1998	199716
1998	161000
1998	147000
1998	111526
1998	107781
1998	105269
1998	93537
1998	91922
1998	84479
1998	81786
1998	80619
1998	74800
1998	69351
1998	67300
1998	67000
1998	63718
1998	61068
1998	60646
1998	57038
1998	56679
1998	55641
1998	54717
1998	54473
1998	49572
1998	45000
1998	44892
1998	44661
1998	43799
1998	43549
1998	43000
1998	42408
1998	41913
1998	38406
1998	37436
1998	37249
1998	36423
1998	32644
1998	32377
1998	31176
1998	30000
1998	28754
1998	27547
1998	25000
1998	22994
1998	22867
1998	21295
1998	20462
1998	20353
1998	19000
1998	18999
1998	18790
1998	18650
1998	17897
1998	17449
1998	17246
1998	16059
1998	14994
1998	14892
1998	14855
1998	13031
1998	12702
1998	11223
1998	8828
1998	7395
1998	7380
1998	6987
1998	6437
1998	6402
1998	6136
1998	6091
1998	6066
1998	5874
1998	5698
1998	5647
1998	5100
1998	4520
1998	4490
1998	4375
1998	4222
1998	3523
1998	3500
1998	3203
1998	3090
1998	3080
1998	2900
1998	2871
1998	2603
1998	2561
1998	2545
1998	2536
1998	2498
1998	2300
1998	2135
1998	2121
1998	2000
1998	1776
1998	1723
1998	1655
1998	1607
1998	1521
1998	1470
1998	1384
1998	1365
1998	1328
1998	1206
1998	1077
1998	1035
1998	1031
1998	1014
1998	989
1998	982
1998	958
1998	958
1998	898
1998	879
1998	843
1998	798
1998	588
1998	525
1998	489
1998	485
1998	262
1998	238
1998	219
1998	208
1998	179
1998	153
1998	122
1998	114
1998	89
1998	68
1998	64
1998	43
1998	3
1998	2
1999	6301619
1999	2139000
1999	1800000
1999	741457
1999	735964
1999	563566
1999	554763
1999	526517
1999	490782
1999	475000
1999	456297
1999	451434
1999	446958
1999	446000
1999	328000
1999	323292
1999	295436
1999	288000
1999	275025
1999	247579
1999	222869
1999	209949
1999	194079
1999	163000
1999	157959
1999	133000
1999	117986
1999	101500
1999	100161
1999	99794
1999	87829
1999	84984
1999	81578
1999	71973
1999	64189
1999	62871
1999	62663
1999	61085
1999	61025
1999	58743
1999	56961
1999	56840
1999	52019
1999	51960
1999	51667
1999	51337
1999	50000
1999	49500
1999	44860
1999	42177
1999	41652
1999	39908
1999	39299
1999	38362
1999	37279
1999	36638
1999	35356
1999	35000
1999	34250
1999	32638
1999	32000
1999	29742
1999	27916
1999	27481
1999	26000
1999	24420
1999	23426
1999	22763
1999	21054
1999	20993
1999	19410
1999	18982
1999	18614
1999	17312
1999	16901
1999	16882
1999	16198
1999	16100
1999	15000
1999	14392
1999	14097
1999	12400
1999	12338
1999	11126
1999	10166
1999	9251
1999	9057
1999	9002
1999	7395
1999	7326
1999	7251
1999	6900
1999	6620
1999	6602
1999	6105
1999	5925
1999	5457
1999	5314
1999	4942
1999	4477
1999	4440
1999	3860
1999	3771
1999	3538
1999	3230
1999	3156
1999	3000
1999	2920
1999	2882
1999	2568
1999	2566
1999	2536
1999	2495
1999	2385
1999	2368
1999	1921
1999	1831
1999	1820
1999	1770
1999	1664
1999	1583
1999	1549
1999	1505
1999	1475
1999	1425
1999	1231
1999	1216
1999	1213
1999	1168
1999	1165
1999	1124
1999	1100
1999	1033
1999	1013
1999	953
1999	951
1999	840
1999	837
1999	794
1999	776
1999	738
1999	517
1999	465
1999	357
1999	255
1999	225
1999	208
1999	189
1999	171
1999	170
1999	146
1999	125
1999	119
1999	119
1999	56
1999	47
1999	2
1999	2
2000	5624439
2000	2290000
2000	2100000
2000	761137
2000	733282
2000	651938
2000	600360
2000	527000
2000	521000
2000	481186
2000	469384
2000	448518
2000	433115
2000	431497
2000	334000
2000	325000
2000	307558
2000	282860
2000	245905
2000	237178
2000	229688
2000	221081
2000	195389
2000	164000
2000	146845
2000	140000
2000	128770
2000	119964
2000	111201
2000	100378
2000	93600
2000	90942
2000	90394
2000	82374
2000	76667
2000	70809
2000	69000
2000	68473
2000	67858
2000	63274
2000	62438
2000	61806
2000	57497
2000	57258
2000	56378
2000	54697
2000	51306
2000	50581
2000	50000
2000	47587
2000	47005
2000	44791
2000	44674
2000	41000
2000	40440
2000	39966
2000	39791
2000	39282
2000	37139
2000	37033
2000	34254
2000	32221
2000	30775
2000	30000
2000	27689
2000	27239
2000	26681
2000	23000
2000	21216
2000	21021
2000	21006
2000	20000
2000	19545
2000	18000
2000	17817
2000	17228
2000	17106
2000	16300
2000	15557
2000	15474
2000	13290
2000	11903
2000	10641
2000	9789
2000	8890
2000	8847
2000	8722
2000	8391
2000	8200
2000	6833
2000	6488
2000	6450
2000	6264
2000	5837
2000	5813
2000	5507
2000	5450
2000	5262
2000	5175
2000	4745
2000	4587
2000	4519
2000	3737
2000	3433
2000	3181
2000	2981
2000	2870
2000	2751
2000	2693
2000	2620
2000	2608
2000	2463
2000	2391
2000	2277
2000	2144
2000	2000
2000	1787
2000	1732
2000	1675
2000	1671
2000	1524
2000	1500
2000	1359
2000	1328
2000	1211
2000	1200
2000	1178
2000	1145
2000	1133
2000	1117
2000	1075
2000	1030
2000	1023
2000	1021
2000	1001
2000	1000
2000	882
2000	870
2000	783
2000	736
2000	720
2000	644
2000	609
2000	525
2000	480
2000	321
2000	305
2000	245
2000	228
2000	200
2000	178
2000	143
2000	136
2000	117
2000	97
2000	93
2000	46
2000	2
2000	1
2001	4277291
2001	2090000
2001	1900000
2001	801082
2001	794878
2001	648388
2001	583403
2001	580800
2001	567865
2001	550000
2001	549113
2001	522773
2001	490141
2001	477905
2001	476000
2001	379292
2001	331833
2001	288339
2001	283161
2001	276000
2001	255613
2001	242990
2001	201587
2001	200000
2001	162000
2001	149639
2001	139900
2001	131351
2001	127245
2001	126500
2001	117333
2001	105873
2001	103333
2001	94900
2001	88409
2001	80763
2001	72361
2001	66000
2001	64014
2001	63000
2001	59840
2001	59414
2001	58820
2001	55765
2001	55487
2001	52715
2001	51004
2001	50965
2001	50633
2001	48823
2001	48502
2001	48187
2001	48070
2001	46129
2001	42396
2001	42000
2001	41618
2001	40385
2001	38696
2001	37185
2001	36000
2001	35211
2001	35000
2001	34969
2001	33116
2001	31911
2001	28121
2001	25576
2001	25568
2001	23398
2001	21000
2001	20132
2001	19155
2001	19093
2001	18610
2001	18128
2001	17899
2001	17801
2001	16563
2001	16000
2001	15637
2001	15255
2001	14439
2001	14434
2001	12023
2001	11166
2001	11000
2001	9416
2001	7952
2001	7844
2001	7764
2001	7340
2001	7222
2001	7064
2001	6485
2001	6162
2001	5309
2001	5002
2001	4717
2001	4607
2001	4000
2001	3422
2001	3373
2001	3371
2001	3083
2001	3081
2001	2984
2001	2937
2001	2838
2001	2609
2001	2605
2001	2595
2001	2213
2001	2195
2001	2147
2001	1953
2001	1925
2001	1875
2001	1717
2001	1682
2001	1604
2001	1440
2001	1315
2001	1175
2001	1112
2001	1087
2001	1076
2001	1075
2001	1072
2001	1072
2001	1069
2001	1019
2001	1012
2001	1000
2001	993
2001	955
2001	900
2001	872
2001	837
2001	708
2001	663
2001	541
2001	531
2001	494
2001	494
2001	477
2001	230
2001	230
2001	218
2001	204
2001	192
2001	138
2001	128
2001	111
2001	100
2001	99
2001	96
2001	2
2001	1
2002	4033437
2002	2183000
2002	1950000
2002	828599
2002	807196
2002	629482
2002	539682
2002	536210
2002	533865
2002	524989
2002	521518
2002	517000
2002	493035
2002	467722
2002	456000
2002	388756
2002	345000
2002	334059
2002	320000
2002	285800
2002	224702
2002	192249
2002	161000
2002	160421
2002	149003
2002	145734
2002	132050
2002	127232
2002	122240
2002	118439
2002	112000
2002	107695
2002	101321
2002	96644
2002	92586
2002	92374
2002	90000
2002	89600
2002	70756
2002	70000
2002	67202
2002	58346
2002	58115
2002	57753
2002	55052
2002	54038
2002	52770
2002	50000
2002	49609
2002	48682
2002	48179
2002	46867
2002	46839
2002	46000
2002	44129
2002	43647
2002	41000
2002	40916
2002	39328
2002	37571
2002	37050
2002	36000
2002	34995
2002	33489
2002	31631
2002	30975
2002	30568
2002	30511
2002	28848
2002	25366
2002	23405
2002	22000
2002	21728
2002	21000
2002	20998
2002	20036
2002	20000
2002	19751
2002	19551
2002	17234
2002	14866
2002	14781
2002	14299
2002	13720
2002	12718
2002	11567
2002	11480
2002	9341
2002	7296
2002	6884
2002	6582
2002	6553
2002	6540
2002	6300
2002	6267
2002	6252
2002	5524
2002	5500
2002	5000
2002	4794
2002	4153
2002	4140
2002	4118
2002	4066
2002	3814
2002	3649
2002	3582
2002	3357
2002	3164
2002	3128
2002	3094
2002	3083
2002	2944
2002	2887
2002	2840
2002	2706
2002	2473
2002	2154
2002	1897
2002	1764
2002	1764
2002	1547
2002	1512
2002	1491
2002	1479
2002	1374
2002	1348
2002	1256
2002	1220
2002	1166
2002	1097
2002	1047
2002	1035
2002	1000
2002	988
2002	933
2002	921
2002	902
2002	897
2002	864
2002	769
2002	700
2002	677
2002	659
2002	612
2002	606
2002	452
2002	272
2002	254
2002	206
2002	158
2002	149
2002	126
2002	121
2002	100
2002	72
2002	72
2002	2
2002	1
2003	3869849
2003	1973000
2003	1900000
2003	770828
2003	729672
2003	581860
2003	570334
2003	566755
2003	546349
2003	480000
2003	477000
2003	463844
2003	408238
2003	375948
2003	298310
2003	285000
2003	273000
2003	264311
2003	255949
2003	254552
2003	237697
2003	193903
2003	188129
2003	165000
2003	162261
2003	161060
2003	159859
2003	142733
2003	141400
2003	134229
2003	124895
2003	93471
2003	90000
2003	89672
2003	77331
2003	73004
2003	71228
2003	70000
2003	68000
2003	61776
2003	61161
2003	59059
2003	55736
2003	54210
2003	51564
2003	51378
2003	50000
2003	49659
2003	49068
2003	45000
2003	43133
2003	41325
2003	39728
2003	38636
2003	36997
2003	36451
2003	36175
2003	36130
2003	35969
2003	35121
2003	34156
2003	33976
2003	32693
2003	30360
2003	30000
2003	29261
2003	28908
2003	28362
2003	25300
2003	24064
2003	23736
2003	21000
2003	21000
2003	20397
2003	20298
2003	19696
2003	19365
2003	19000
2003	17878
2003	17679
2003	16847
2003	14593
2003	14198
2003	14161
2003	12322
2003	11332
2003	10657
2003	10573
2003	8290
2003	7513
2003	7283
2003	7170
2003	7061
2003	6379
2003	6219
2003	6136
2003	6000
2003	5628
2003	5468
2003	5122
2003	5092
2003	4576
2003	4534
2003	4361
2003	4359
2003	3532
2003	3497
2003	3192
2003	3179
2003	3104
2003	3083
2003	3000
2003	2998
2003	2983
2003	2505
2003	2431
2003	2420
2003	1904
2003	1702
2003	1641
2003	1571
2003	1545
2003	1398
2003	1323
2003	1295
2003	1260
2003	1217
2003	1217
2003	1192
2003	1111
2003	1094
2003	1086
2003	1061
2003	1050
2003	1042
2003	1000
2003	984
2003	960
2003	834
2003	761
2003	658
2003	645
2003	629
2003	615
2003	586
2003	484
2003	315
2003	258
2003	241
2003	231
2003	231
2003	196
2003	167
2003	128
2003	114
2003	104
2003	97
2003	3
2003	2
2004	3657306
2004	2165000
2004	2100000
2004	799270
2004	739541
2004	629205
2004	610000
2004	570241
2004	543560
2004	541157
2004	487000
2004	476462
2004	393796
2004	361199
2004	354000
2004	345146
2004	332018
2004	313511
2004	310000
2004	281358
2004	229082
2004	219052
2004	213623
2004	168366
2004	164115
2004	164000
2004	145992
2004	142500
2004	140000
2004	137581
2004	121359
2004	118543
2004	105330
2004	96896
2004	96465
2004	87933
2004	82395
2004	80000
2004	79378
2004	70815
2004	61302
2004	59458
2004	59000
2004	58803
2004	56795
2004	55000
2004	53671
2004	53037
2004	49301
2004	46913
2004	46090
2004	44974
2004	44120
2004	43904
2004	43655
2004	43349
2004	43191
2004	42000
2004	41999
2004	38000
2004	37793
2004	37443
2004	35620
2004	34784
2004	34059
2004	33607
2004	31978
2004	31554
2004	30000
2004	28623
2004	28130
2004	26735
2004	25032
2004	24252
2004	22595
2004	22000
2004	21000
2004	19639
2004	19626
2004	18903
2004	18658
2004	18004
2004	16836
2004	15723
2004	15670
2004	13726
2004	13670
2004	13568
2004	11360
2004	10614
2004	10077
2004	8403
2004	7772
2004	7074
2004	6984
2004	6685
2004	6502
2004	6429
2004	6301
2004	5590
2004	5427
2004	5111
2004	5000
2004	4805
2004	4012
2004	3868
2004	3786
2004	3592
2004	3581
2004	3557
2004	3272
2004	3110
2004	3083
2004	2596
2004	2566
2004	2505
2004	2155
2004	2004
2004	1910
2004	1777
2004	1719
2004	1576
2004	1484
2004	1456
2004	1348
2004	1305
2004	1285
2004	1231
2004	1219
2004	1086
2004	1037
2004	1000
2004	890
2004	889
2004	823
2004	819
2004	817
2004	808
2004	756
2004	750
2004	715
2004	662
2004	650
2004	619
2004	600
2004	585
2004	338
2004	279
2004	254
2004	211
2004	210
2004	194
2004	146
2004	142
2004	122
2004	117
2004	104
2004	6
2004	5
2005	3802756
2005	2150000
2005	2059000
2005	910852
2005	721226
2005	691304
2005	581306
2005	578000
2005	566865
2005	540000
2005	517025
2005	504921
2005	447649
2005	441301
2005	328000
2005	318200
2005	305889
2005	295000
2005	290004
2005	251730
2005	237547
2005	215333
2005	213000
2005	194516
2005	185655
2005	161000
2005	158450
2005	151292
2005	150000
2005	146200
2005	139275
2005	112214
2005	108611
2005	98926
2005	97434
2005	94169
2005	93952
2005	80154
2005	70000
2005	66816
2005	66215
2005	66178
2005	60815
2005	58694
2005	56850
2005	53000
2005	49123
2005	48814
2005	47639
2005	46327
2005	46324
2005	45000
2005	43051
2005	42398
2005	41505
2005	41487
2005	40414
2005	39334
2005	38297
2005	38127
2005	35102
2005	32201
2005	30681
2005	30090
2005	30000
2005	28581
2005	28086
2005	28000
2005	27913
2005	26882
2005	25302
2005	24400
2005	23140
2005	23000
2005	20534
2005	20219
2005	20000
2005	19814
2005	19622
2005	19588
2005	17116
2005	16688
2005	14578
2005	14531
2005	13574
2005	12222
2005	12000
2005	11920
2005	11540
2005	11430
2005	9818
2005	9196
2005	8166
2005	8050
2005	7533
2005	7436
2005	6918
2005	6851
2005	6831
2005	6768
2005	6719
2005	6655
2005	5000
2005	4947
2005	4823
2005	4552
2005	3808
2005	3644
2005	3630
2005	3533
2005	3383
2005	3232
2005	3071
2005	2612
2005	2593
2005	2508
2005	2471
2005	2469
2005	2049
2005	1976
2005	1915
2005	1830
2005	1769
2005	1720
2005	1597
2005	1467
2005	1462
2005	1341
2005	1332
2005	1291
2005	1247
2005	1241
2005	1175
2005	1048
2005	1000
2005	998
2005	907
2005	829
2005	733
2005	715
2005	714
2005	700
2005	681
2005	667
2005	632
2005	529
2005	345
2005	285
2005	256
2005	238
2005	206
2005	136
2005	133
2005	125
2005	124
2005	111
2005	108
2005	6
2005	4
2006	2681625
2006	2081000
2006	2000000
2006	925369
2006	755095
2006	648582
2006	625965
2006	548000
2006	546783
2006	540892
2006	535791
2006	532000
2006	493830
2006	347663
2006	330659
2006	317000
2006	304174
2006	296429
2006	295000
2006	259577
2006	218674
2006	197984
2006	196126
2006	167976
2006	165263
2006	161000
2006	146292
2006	143600
2006	138571
2006	122144
2006	114646
2006	108216
2006	103536
2006	96778
2006	95556
2006	86602
2006	79172
2006	79000
2006	78950
2006	68087
2006	67769
2006	66955
2006	66160
2006	64758
2006	60674
2006	60000
2006	57564
2006	57408
2006	53000
2006	47667
2006	47128
2006	46767
2006	44468
2006	44177
2006	43343
2006	41867
2006	40000
2006	39982
2006	35723
2006	35066
2006	34470
2006	32637
2006	31930
2006	30685
2006	30000
2006	28730
2006	28174
2006	27000
2006	25904
2006	25473
2006	25140
2006	25000
2006	24715
2006	24499
2006	22831
2006	22096
2006	20526
2006	20000
2006	19593
2006	18531
2006	17507
2006	16646
2006	15004
2006	14563
2006	13285
2006	12306
2006	12255
2006	12000
2006	11793
2006	11274
2006	8406
2006	7982
2006	7888
2006	7580
2006	7438
2006	7384
2006	7279
2006	7109
2006	6999
2006	6746
2006	6255
2006	5964
2006	5600
2006	5472
2006	4757
2006	4407
2006	3911
2006	3824
2006	3534
2006	3438
2006	3219
2006	3143
2006	3083
2006	3043
2006	3036
2006	2862
2006	2728
2006	2449
2006	2416
2006	1916
2006	1810
2006	1736
2006	1700
2006	1685
2006	1548
2006	1516
2006	1508
2006	1458
2006	1316
2006	1291
2006	1285
2006	1277
2006	1251
2006	1249
2006	1218
2006	1134
2006	1000
2006	960
2006	878
2006	872
2006	800
2006	739
2006	729
2006	673
2006	633
2006	610
2006	545
2006	452
2006	316
2006	283
2006	253
2006	229
2006	186
2006	146
2006	124
2006	121
2006	103
2006	94
2006	30
2006	7
2007	2510794
2007	2274000
2007	1700000
2007	887863
2007	801993
2007	643318
2007	610388
2007	530797
2007	529483
2007	528000
2007	508459
2007	501904
2007	500000
2007	447719
2007	431187
2007	335301
2007	300000
2007	280000
2007	250775
2007	241350
2007	225796
2007	219999
2007	200450
2007	177920
2007	163000
2007	152992
2007	140967
2007	138414
2007	135694
2007	135200
2007	122498
2007	113499
2007	108023
2007	104871
2007	104469
2007	93296
2007	81059
2007	77434
2007	73916
2007	66872
2007	66100
2007	60000
2007	59728
2007	56240
2007	53937
2007	52165
2007	52000
2007	50342
2007	47133
2007	46552
2007	45095
2007	44995
2007	43785
2007	43000
2007	42995
2007	42832
2007	40037
2007	37190
2007	36705
2007	36319
2007	33097
2007	31915
2007	30000
2007	29181
2007	27843
2007	27499
2007	26615
2007	26472
2007	26007
2007	25030
2007	25000
2007	25000
2007	22166
2007	21025
2007	20000
2007	19841
2007	19809
2007	18850
2007	18728
2007	17926
2007	17240
2007	16099
2007	16024
2007	12633
2007	12264
2007	12000
2007	11476
2007	10964
2007	10681
2007	10203
2007	9933
2007	8581
2007	8169
2007	8085
2007	7857
2007	7635
2007	7608
2007	7565
2007	7494
2007	7491
2007	7238
2007	5734
2007	4412
2007	4277
2007	4000
2007	3964
2007	3749
2007	3709
2007	3654
2007	3579
2007	3526
2007	3437
2007	3358
2007	3083
2007	2953
2007	2537
2007	2524
2007	2523
2007	2361
2007	2136
2007	1728
2007	1722
2007	1687
2007	1627
2007	1490
2007	1443
2007	1392
2007	1356
2007	1352
2007	1293
2007	1258
2007	1191
2007	1083
2007	1078
2007	1014
2007	1010
2007	1000
2007	962
2007	935
2007	832
2007	829
2007	753
2007	721
2007	704
2007	700
2007	638
2007	452
2007	366
2007	317
2007	295
2007	280
2007	238
2007	153
2007	133
2007	124
2007	118
2007	111
2007	111
2007	23
2007	8
2008	3684859
2008	2357000
2008	1800000
2008	1048616
2008	857140
2008	735125
2008	657701
2008	605788
2008	573020
2008	561722
2008	524000
2008	491786
2008	448436
2008	408576
2008	400772
2008	391884
2008	367868
2008	345000
2008	323584
2008	214204
2008	209306
2008	188317
2008	181350
2008	178156
2008	171834
2008	165333
2008	158000
2008	152240
2008	150700
2008	137379
2008	115998
2008	111262
2008	109598
2008	101251
2008	94328
2008	91975
2008	81511
2008	80833
2008	76281
2008	71251
2008	70000
2008	69354
2008	68912
2008	67242
2008	57761
2008	56679
2008	56112
2008	56026
2008	54825
2008	53445
2008	52260
2008	49677
2008	49179
2008	47988
2008	46158
2008	45000
2008	43086
2008	40000
2008	39985
2008	38528
2008	37000
2008	34707
2008	34691
2008	30629
2008	29793
2008	29410
2008	28526
2008	27390
2008	26178
2008	25000
2008	24579
2008	24488
2008	23000
2008	22207
2008	21129
2008	20000
2008	19516
2008	17534
2008	17504
2008	16896
2008	16877
2008	15478
2008	15227
2008	14878
2008	13870
2008	12949
2008	11073
2008	10700
2008	10399
2008	10000
2008	8862
2008	8067
2008	7906
2008	7903
2008	7855
2008	7469
2008	7341
2008	7164
2008	7096
2008	6230
2008	6005
2008	5831
2008	5706
2008	5373
2008	5305
2008	5230
2008	5000
2008	4064
2008	3820
2008	3719
2008	3696
2008	3187
2008	3083
2008	2809
2008	2727
2008	2536
2008	2425
2008	2386
2008	2239
2008	2153
2008	2094
2008	2016
2008	1959
2008	1716
2008	1500
2008	1470
2008	1354
2008	1291
2008	1250
2008	1152
2008	1129
2008	1125
2008	1117
2008	1096
2008	1030
2008	972
2008	962
2008	916
2008	878
2008	870
2008	842
2008	829
2008	792
2008	729
2008	560
2008	416
2008	405
2008	352
2008	269
2008	257
2008	231
2008	160
2008	140
2008	129
2008	115
2008	114
2008	104
2008	99
2008	12
2008	9
2009	5756316
2009	2333000
2009	2100000
2009	947234
2009	943641
2009	877820
2009	740243
2009	710236
2009	669987
2009	607099
2009	600800
2009	542128
2009	449608
2009	386980
2009	363331
2009	325000
2009	316769
2009	303208
2009	282000
2009	240562
2009	224932
2009	221055
2009	216560
2009	211102
2009	195347
2009	188487
2009	178400
2009	161000
2009	142333
2009	132777
2009	126513
2009	121717
2009	111715
2009	111627
2009	107975
2009	93734
2009	90631
2009	90435
2009	79636
2009	78144
2009	77633
2009	70826
2009	70633
2009	70000
2009	62548
2009	62540
2009	59041
2009	55735
2009	54728
2009	52700
2009	50559
2009	49108
2009	45000
2009	44611
2009	43034
2009	41315
2009	40947
2009	38590
2009	37863
2009	34451
2009	33833
2009	32237
2009	32000
2009	31696
2009	31000
2009	30000
2009	28958
2009	28881
2009	28669
2009	26635
2009	25367
2009	25000
2009	24743
2009	23000
2009	21663
2009	20926
2009	20721
2009	20605
2009	20141
2009	20020
2009	19529
2009	18374
2009	15063
2009	14885
2009	14305
2009	13213
2009	12990
2009	12473
2009	11950
2009	10925
2009	10000
2009	9090
2009	8946
2009	8815
2009	8590
2009	8554
2009	8494
2009	7871
2009	7858
2009	7773
2009	7507
2009	6043
2009	6041
2009	6000
2009	5739
2009	5400
2009	4575
2009	4272
2009	4218
2009	4067
2009	3989
2009	3743
2009	3671
2009	3112
2009	3083
2009	2897
2009	2865
2009	2433
2009	2281
2009	2166
2009	2076
2009	1951
2009	1653
2009	1552
2009	1516
2009	1500
2009	1500
2009	1474
2009	1470
2009	1464
2009	1392
2009	1361
2009	1261
2009	1243
2009	1205
2009	1183
2009	1120
2009	1057
2009	901
2009	837
2009	802
2009	751
2009	703
2009	700
2009	666
2009	633
2009	596
2009	326
2009	267
2009	238
2009	236
2009	168
2009	164
2009	146
2009	128
2009	128
2009	122
2009	103
2009	12
2009	10
