1961	133051
1961	118169
1961	108193
1961	82817
1961	52530
1961	41542
1961	40778
1961	35329
1961	29838
1961	29128
1961	20481
1961	17671
1961	15546
1961	14252
1961	13982
1961	12775
1961	11046
1961	10549
1961	9137
1961	8754
1961	8591
1961	8341
1961	8189
1961	8042
1961	7738
1961	7669
1961	7277
1961	7186
1961	6942
1961	6495
1961	5642
1961	5599
1961	5521
1961	5403
1961	5389
1961	4926
1961	4872
1961	4586
1961	4519
1961	4275
1961	4170
1961	3668
1961	3604
1961	3599
1961	3569
1961	3433
1961	3385
1961	3146
1961	3104
1961	2860
1961	2857
1961	2768
1961	2508
1961	2299
1961	2070
1961	1864
1961	1857
1961	1852
1961	1762
1961	1690
1961	1690
1961	1690
1961	1652
1961	1620
1961	1579
1961	1359
1961	1349
1961	1311
1961	1310
1961	1275
1961	1102
1961	1102
1961	1069
1961	866
1961	816
1961	799
1961	741
1961	738
1961	730
1961	699
1961	638
1961	624
1961	604
1961	597
1961	575
1961	570
1961	564
1961	555
1961	550
1961	512
1961	500
1961	491
1961	491
1961	486
1961	483
1961	481
1961	474
1961	397
1961	395
1961	378
1961	369
1961	355
1961	336
1961	321
1961	315
1961	310
1961	281
1961	269
1961	243
1961	241
1961	227
1961	224
1961	221
1961	211
1961	208
1961	197
1961	172
1961	171
1961	167
1961	160
1961	145
1961	144
1961	142
1961	137
1961	123
1961	121
1961	118
1961	113
1961	100
1961	96
1961	91
1961	86
1961	82
1961	72
1961	72
1961	71
1961	71
1961	66
1961	65
1961	63
1961	53
1961	51
1961	47
1961	46
1961	46
1961	44
1961	37
1961	36
1961	35
1961	35
1961	35
1961	31
1961	28
1961	28
1961	28
1961	26
1961	22
1961	22
1961	22
1961	22
1961	21
1961	21
1961	20
1961	20
1961	20
1961	18
1961	16
1961	14
1961	14
1961	14
1961	12
1961	12
1961	12
1961	11
1961	11
1961	9
1961	9
1961	9
1961	8
1961	8
1961	8
1961	7
1961	7
1961	6
1961	6
1961	5
1961	4
1961	4
1961	3
1961	3
1961	2
1961	2
1961	1
1961	1
1961	1
1961	1
1961	1
1962	135669
1962	123594
1962	111604
1962	85356
1962	53087
1962	41863
1962	41784
1962	37173
1962	30307
1962	30028
1962	21486
1962	18151
1962	15914
1962	14607
1962	14575
1962	13162
1962	11525
1962	10952
1962	9495
1962	8826
1962	8798
1962	8637
1962	8584
1962	8537
1962	8126
1962	8086
1962	7656
1962	7312
1962	7063
1962	6673
1962	5816
1962	5702
1962	5655
1962	5624
1962	5591
1962	5203
1962	5115
1962	4691
1962	4619
1962	4387
1962	4330
1962	3859
1962	3803
1962	3761
1962	3729
1962	3606
1962	3492
1962	3278
1962	3187
1962	3064
1962	2977
1962	2854
1962	2566
1962	2434
1962	2102
1962	1943
1962	1918
1962	1913
1962	1850
1962	1793
1962	1780
1962	1742
1962	1742
1962	1665
1962	1653
1962	1453
1962	1425
1962	1398
1962	1330
1962	1314
1962	1157
1962	1142
1962	1139
1962	927
1962	860
1962	851
1962	832
1962	779
1962	762
1962	721
1962	680
1962	650
1962	645
1962	628
1962	608
1962	591
1962	585
1962	582
1962	555
1962	531
1962	530
1962	520
1962	516
1962	510
1962	509
1962	507
1962	493
1962	418
1962	415
1962	400
1962	395
1962	368
1962	353
1962	346
1962	334
1962	331
1962	279
1962	274
1962	261
1962	257
1962	250
1962	238
1962	234
1962	221
1962	215
1962	208
1962	185
1962	176
1962	172
1962	166
1962	149
1962	147
1962	142
1962	140
1962	130
1962	129
1962	126
1962	118
1962	109
1962	99
1962	98
1962	86
1962	83
1962	81
1962	77
1962	75
1962	75
1962	72
1962	67
1962	66
1962	55
1962	52
1962	50
1962	49
1962	48
1962	46
1962	41
1962	40
1962	38
1962	37
1962	37
1962	33
1962	30
1962	29
1962	29
1962	28
1962	23
1962	22
1962	22
1962	22
1962	22
1962	22
1962	22
1962	22
1962	20
1962	19
1962	18
1962	15
1962	14
1962	14
1962	13
1962	13
1962	12
1962	11
1962	11
1962	10
1962	10
1962	9
1962	8
1962	8
1962	8
1962	8
1962	7
1962	6
1962	6
1962	5
1962	4
1962	4
1962	3
1962	3
1962	2
1962	2
1962	1
1962	1
1962	1
1962	1
1962	1
1963	138270
1963	127795
1963	115024
1963	87920
1963	53638
1963	43118
1963	42006
1963	39090
1963	30947
1963	30800
1963	22517
1963	18647
1963	16285
1963	15183
1963	14959
1963	13542
1963	11999
1963	11364
1963	9922
1963	9208
1963	9012
1963	8909
1963	8896
1963	8837
1963	8578
1963	8461
1963	8095
1963	7424
1963	7184
1963	6838
1963	6024
1963	5930
1963	5796
1963	5763
1963	5731
1963	5488
1963	5376
1963	4919
1963	4654
1963	4506
1963	4500
1963	4086
1963	4030
1963	3894
1963	3857
1963	3831
1963	3551
1963	3444
1963	3233
1963	3224
1963	3096
1963	2954
1963	2621
1963	2573
1963	2133
1963	2029
1963	1988
1963	1969
1963	1944
1963	1898
1963	1871
1963	1837
1963	1791
1963	1728
1963	1717
1963	1573
1963	1502
1963	1490
1963	1354
1963	1352
1963	1215
1963	1211
1963	1182
1963	991
1963	919
1963	907
1963	904
1963	824
1963	798
1963	743
1963	723
1963	698
1963	681
1963	653
1963	642
1963	620
1963	614
1963	614
1963	565
1963	560
1963	551
1963	548
1963	542
1963	540
1963	536
1963	530
1963	516
1963	443
1963	437
1963	436
1963	420
1963	380
1963	374
1963	371
1963	354
1963	349
1963	296
1963	281
1963	278
1963	278
1963	258
1963	251
1963	248
1963	237
1963	222
1963	218
1963	203
1963	183
1963	177
1963	174
1963	152
1963	150
1963	146
1963	138
1963	137
1963	136
1963	133
1963	124
1963	119
1963	105
1963	102
1963	91
1963	87
1963	86
1963	84
1963	81
1963	80
1963	79
1963	68
1963	68
1963	57
1963	55
1963	54
1963	53
1963	52
1963	47
1963	47
1963	44
1963	40
1963	39
1963	39
1963	36
1963	33
1963	29
1963	29
1963	29
1963	26
1963	23
1963	23
1963	23
1963	23
1963	23
1963	23
1963	22
1963	21
1963	21
1963	20
1963	16
1963	15
1963	15
1963	15
1963	14
1963	13
1963	12
1963	11
1963	11
1963	10
1963	9
1963	9
1963	9
1963	9
1963	8
1963	8
1963	6
1963	6
1963	5
1963	4
1963	4
1963	4
1963	3
1963	2
1963	2
1963	1
1963	1
1963	1
1963	1
1963	1
1964	140842
1964	131211
1964	118403
1964	90540
1964	54167
1964	44542
1964	42202
1964	41061
1964	31847
1964	31307
1964	23575
1964	19156
1964	16657
1964	15806
1964	15293
1964	13933
1964	12466
1964	11787
1964	10396
1964	9759
1964	9291
1964	9239
1964	9097
1964	9024
1964	8963
1964	8863
1964	8604
1964	7524
1964	7303
1964	7002
1964	6229
1964	6227
1964	6001
1964	5843
1964	5823
1964	5780
1964	5655
1964	5207
1964	4694
1964	4690
1964	4609
1964	4293
1964	4289
1964	4066
1964	4060
1964	3957
1964	3610
1964	3602
1964	3399
1964	3256
1964	3219
1964	3058
1964	2717
1964	2674
1964	2162
1964	2122
1964	2063
1964	2044
1964	2023
1964	2006
1964	1959
1964	1936
1964	1836
1964	1805
1964	1775
1964	1708
1964	1617
1964	1555
1964	1394
1964	1376
1964	1286
1964	1273
1964	1223
1964	1056
1964	1002
1964	964
1964	951
1964	872
1964	837
1964	769
1964	766
1964	758
1964	715
1964	679
1964	677
1964	659
1964	646
1964	637
1964	604
1964	593
1964	585
1964	572
1964	570
1964	566
1964	565
1964	554
1964	540
1964	485
1964	468
1964	457
1964	444
1964	407
1964	390
1964	389
1964	372
1964	368
1964	339
1964	303
1964	282
1964	276
1964	266
1964	264
1964	263
1964	255
1964	238
1964	226
1964	220
1964	190
1964	184
1964	182
1964	156
1964	154
1964	150
1964	147
1964	144
1964	141
1964	132
1964	130
1964	129
1964	112
1964	104
1964	101
1964	100
1964	89
1964	87
1964	85
1964	85
1964	84
1964	70
1964	70
1964	60
1964	60
1964	58
1964	55
1964	55
1964	53
1964	48
1964	48
1964	42
1964	41
1964	41
1964	38
1964	35
1964	31
1964	29
1964	29
1964	29
1964	25
1964	24
1964	24
1964	24
1964	23
1964	23
1964	23
1964	22
1964	22
1964	21
1964	19
1964	16
1964	15
1964	15
1964	15
1964	14
1964	13
1964	12
1964	12
1964	11
1964	9
1964	9
1964	9
1964	9
1964	9
1964	8
1964	7
1964	6
1964	6
1964	5
1964	4
1964	4
1964	3
1964	2
1964	2
1964	1
1964	1
1964	1
1964	1
1964	1
1965	143364
1965	134202
1965	121704
1965	93249
1965	54660
1965	46123
1965	43070
1965	42367
1965	32701
1965	31820
1965	24663
1965	19676
1965	17028
1965	16444
1965	15600
1965	14344
1965	12925
1965	12224
1965	10897
1965	10294
1965	9673
1965	9484
1965	9468
1965	9362
1965	9291
1965	9186
1965	9026
1965	7616
1965	7420
1965	7175
1965	6549
1965	6429
1965	6206
1965	6077
1965	5960
1965	5948
1965	5884
1965	5557
1965	4893
1965	4725
1965	4712
1965	4579
1965	4488
1965	4297
1965	4245
1965	4064
1965	3754
1965	3667
1965	3589
1965	3344
1965	3281
1965	3161
1965	2863
1965	2723
1965	2224
1965	2191
1965	2152
1965	2143
1965	2118
1965	2073
1965	2042
1965	2036
1965	1886
1965	1880
1965	1856
1965	1839
1965	1741
1965	1619
1965	1436
1965	1400
1965	1364
1965	1330
1965	1263
1965	1123
1965	1084
1965	1021
1965	1001
1965	924
1965	881
1965	827
1965	818
1965	789
1965	751
1965	714
1965	706
1965	704
1965	679
1965	665
1965	660
1965	647
1965	621
1965	613
1965	604
1965	584
1965	582
1965	580
1965	566
1965	546
1965	496
1965	480
1965	467
1965	442
1965	408
1965	400
1965	390
1965	388
1965	384
1965	326
1965	286
1965	279
1965	279
1965	276
1965	275
1965	275
1965	256
1965	254
1965	222
1965	199
1965	195
1965	187
1965	159
1965	156
1965	156
1965	154
1965	151
1965	149
1965	141
1965	137
1965	128
1965	119
1965	118
1965	111
1965	107
1965	99
1965	89
1965	89
1965	87
1965	86
1965	71
1965	71
1965	65
1965	64
1965	62
1965	60
1965	59
1965	56
1965	52
1965	49
1965	45
1965	43
1965	42
1965	41
1965	37
1965	32
1965	31
1965	30
1965	29
1965	26
1965	26
1965	25
1965	24
1965	24
1965	24
1965	23
1965	23
1965	23
1965	22
1965	22
1965	18
1965	16
1965	15
1965	15
1965	15
1965	14
1965	13
1965	12
1965	12
1965	10
1965	10
1965	9
1965	9
1965	9
1965	8
1965	7
1965	6
1965	6
1965	5
1965	4
1965	4
1965	3
1965	2
1965	2
1965	1
1965	1
1965	1
1965	1
1965	1
1966	145802
1966	137026
1966	124896
1966	96082
1966	55114
1966	47836
1966	45112
1966	42507
1966	33488
1966	32332
1966	25779
1966	20202
1966	17397
1966	17104
1966	15879
1966	14778
1966	13378
1966	12680
1966	11412
1966	10821
1966	10051
1966	9910
1966	9834
1966	9747
1966	9744
1966	9630
1966	9084
1966	7706
1966	7535
1966	7360
1966	6887
1966	6636
1966	6409
1966	6380
1966	6254
1966	6079
1966	5959
1966	5945
1966	5099
1966	4896
1966	4811
1966	4758
1966	4679
1966	4542
1966	4434
1966	4177
1966	3901
1966	3824
1966	3722
1966	3472
1966	3297
1966	3256
1966	3010
1966	2768
1966	2331
1966	2265
1966	2231
1966	2227
1966	2219
1966	2135
1966	2119
1966	2116
1966	2016
1966	1969
1966	1921
1966	1909
1966	1871
1966	1682
1966	1480
1966	1446
1966	1425
1966	1385
1966	1302
1966	1189
1966	1165
1966	1079
1966	1054
1966	978
1966	927
1966	903
1966	872
1966	813
1966	789
1966	773
1966	756
1966	751
1966	734
1966	713
1966	692
1966	683
1966	668
1966	660
1966	637
1966	618
1966	607
1966	602
1966	593
1966	592
1966	526
1966	503
1966	489
1966	479
1966	432
1966	429
1966	411
1966	410
1966	408
1966	351
1966	300
1966	296
1966	293
1966	290
1966	288
1966	285
1966	277
1966	274
1966	225
1966	209
1966	207
1966	192
1966	165
1966	162
1966	160
1966	158
1966	158
1966	157
1966	153
1966	144
1966	140
1966	127
1966	125
1966	119
1966	110
1966	110
1966	94
1966	94
1966	88
1966	87
1966	73
1966	73
1966	71
1966	69
1966	65
1966	65
1966	64
1966	57
1966	57
1966	50
1966	48
1966	45
1966	44
1966	43
1966	40
1966	34
1966	34
1966	30
1966	29
1966	28
1966	28
1966	28
1966	27
1966	26
1966	25
1966	25
1966	24
1966	23
1966	23
1966	22
1966	21
1966	17
1966	16
1966	16
1966	15
1966	15
1966	14
1966	13
1966	12
1966	11
1966	10
1966	10
1966	10
1966	9
1966	9
1966	8
1966	6
1966	6
1966	6
1966	5
1966	4
1966	3
1966	2
1966	2
1966	1
1966	1
1966	1
1966	1
1966	1
1967	148122
1967	139798
1967	127982
1967	99075
1967	55532
1967	49647
1967	47192
1967	42629
1967	34207
1967	32839
1967	26922
1967	20731
1967	17794
1967	17764
1967	16140
1967	15227
1967	13827
1967	13157
1967	11933
1967	11346
1967	10535
1967	10430
1967	10354
1967	10224
1967	10024
1967	9901
1967	9137
1967	7797
1967	7648
1967	7558
1967	7233
1967	6856
1967	6688
1967	6610
1967	6571
1967	6399
1967	6200
1967	6007
1967	5311
1967	5229
1967	4908
1967	4870
1967	4797
1967	4790
1967	4632
1967	4293
1967	4108
1967	4042
1967	3776
1967	3603
1967	3343
1967	3307
1967	3161
1967	2809
1967	2441
1967	2385
1967	2348
1967	2311
1967	2248
1967	2231
1967	2190
1967	2184
1967	2159
1967	2058
1967	2006
1967	1983
1967	1961
1967	1745
1967	1533
1967	1527
1967	1450
1967	1436
1967	1341
1967	1255
1967	1248
1967	1139
1967	1111
1967	1035
1967	986
1967	976
1967	932
1967	901
1967	838
1967	826
1967	817
1967	790
1967	764
1967	749
1967	741
1967	733
1967	705
1967	700
1967	700
1967	670
1967	635
1967	621
1967	621
1967	594
1967	559
1967	527
1967	518
1967	510
1967	482
1967	450
1967	436
1967	429
1967	421
1967	378
1967	328
1967	326
1967	314
1967	308
1967	300
1967	297
1967	294
1967	273
1967	230
1967	221
1967	220
1967	198
1967	173
1967	167
1967	167
1967	165
1967	164
1967	163
1967	163
1967	162
1967	151
1967	136
1967	128
1967	122
1967	122
1967	113
1967	99
1967	99
1967	88
1967	87
1967	78
1967	75
1967	75
1967	74
1967	71
1967	70
1967	68
1967	62
1967	59
1967	51
1967	50
1967	47
1967	46
1967	45
1967	42
1967	38
1967	36
1967	34
1967	32
1967	30
1967	29
1967	29
1967	29
1967	28
1967	26
1967	26
1967	24
1967	24
1967	23
1967	23
1967	22
1967	17
1967	17
1967	17
1967	16
1967	16
1967	15
1967	14
1967	12
1967	12
1967	10
1967	10
1967	10
1967	9
1967	9
1967	9
1967	6
1967	6
1967	6
1967	5
1967	4
1967	3
1967	2
1967	1
1967	1
1967	1
1967	1
1967	1
1967	1
1968	150302
1968	142556
1968	130992
1968	102271
1968	55906
1968	51510
1968	49314
1968	42743
1968	34866
1968	33335
1968	28101
1968	21261
1968	18529
1968	18136
1968	16395
1968	15668
1968	14272
1968	13658
1968	12461
1968	11881
1968	11274
1968	10819
1968	10799
1968	10729
1968	10308
1968	10178
1968	9187
1968	7898
1968	7764
1968	7760
1968	7580
1968	7101
1968	7004
1968	6898
1968	6856
1968	6809
1968	6317
1968	6070
1968	5561
1968	5528
1968	5063
1968	5059
1968	5008
1968	4840
1968	4820
1968	4430
1968	4409
1968	4180
1968	3828
1968	3735
1968	3418
1968	3317
1968	3317
1968	2849
1968	2551
1968	2508
1968	2468
1968	2393
1968	2378
1968	2325
1968	2274
1968	2250
1968	2199
1968	2150
1968	2144
1968	2062
1968	1999
1968	1807
1968	1623
1968	1576
1968	1486
1968	1475
1968	1382
1968	1334
1968	1322
1968	1207
1968	1174
1968	1096
1968	1075
1968	1027
1968	1024
1968	999
1968	887
1968	864
1968	863
1968	831
1968	803
1968	796
1968	793
1968	791
1968	789
1968	740
1968	728
1968	704
1968	663
1968	650
1968	639
1968	594
1968	593
1968	557
1968	553
1968	534
1968	532
1968	473
1968	465
1968	451
1968	435
1968	408
1968	369
1968	355
1968	333
1968	325
1968	322
1968	309
1968	298
1968	273
1968	237
1968	236
1968	232
1968	203
1968	189
1968	182
1968	182
1968	177
1968	169
1968	168
1968	166
1968	166
1968	158
1968	146
1968	139
1968	135
1968	119
1968	116
1968	105
1968	104
1968	88
1968	88
1968	85
1968	81
1968	77
1968	77
1968	77
1968	76
1968	71
1968	67
1968	60
1968	55
1968	51
1968	49
1968	48
1968	47
1968	44
1968	40
1968	39
1968	38
1968	35
1968	31
1968	30
1968	30
1968	30
1968	30
1968	27
1968	27
1968	26
1968	24
1968	24
1968	23
1968	22
1968	19
1968	18
1968	18
1968	17
1968	16
1968	15
1968	15
1968	13
1968	12
1968	11
1968	11
1968	10
1968	10
1968	9
1968	9
1968	7
1968	6
1968	6
1968	5
1968	4
1968	3
1968	2
1968	1
1968	1
1968	1
1968	1
1968	1
1968	1
1969	152324
1969	145279
1969	133981
1969	105716
1969	56229
1969	53371
1969	51486
1969	42859
1969	35482
1969	33815
1969	29329
1969	21790
1969	19327
1969	18518
1969	16662
1969	16077
1969	14717
1969	14184
1969	13000
1969	12436
1969	12034
1969	11258
1969	11245
1969	11234
1969	10587
1969	10463
1969	9235
1969	8016
1969	7968
1969	7913
1969	7874
1969	7382
1969	7332
1969	7305
1969	7232
1969	7008
1969	6424
1969	6135
1969	5872
1969	5749
1969	5340
1969	5246
1969	5118
1969	5055
1969	4847
1969	4761
1969	4518
1969	4312
1969	3880
1969	3868
1969	3484
1969	3479
1969	3336
1969	2890
1969	2655
1969	2634
1969	2592
1969	2583
1969	2469
1969	2420
1969	2320
1969	2296
1969	2289
1969	2246
1969	2240
1969	2144
1969	2036
1969	1871
1969	1717
1969	1626
1969	1534
1969	1503
1969	1426
1969	1425
1969	1392
1969	1289
1969	1243
1969	1165
1969	1160
1969	1105
1969	1078
1969	1074
1969	971
1969	898
1969	891
1969	888
1969	875
1969	871
1969	847
1969	834
1969	829
1969	780
1969	750
1969	739
1969	692
1969	678
1969	658
1969	629
1969	598
1969	594
1969	589
1969	579
1969	554
1969	502
1969	497
1969	474
1969	451
1969	440
1969	410
1969	387
1969	353
1969	353
1969	335
1969	322
1969	301
1969	273
1969	254
1969	245
1969	242
1969	214
1969	208
1969	199
1969	190
1969	185
1969	175
1969	171
1969	170
1969	169
1969	166
1969	157
1969	156
1969	149
1969	118
1969	117
1969	112
1969	108
1969	92
1969	89
1969	89
1969	88
1969	83
1969	82
1969	80
1969	78
1969	74
1969	72
1969	61
1969	58
1969	51
1969	51
1969	51
1969	50
1969	47
1969	46
1969	41
1969	41
1969	39
1969	32
1969	32
1969	31
1969	30
1969	30
1969	30
1969	28
1969	27
1969	24
1969	24
1969	23
1969	22
1969	20
1969	19
1969	19
1969	18
1969	17
1969	17
1969	15
1969	13
1969	13
1969	11
1969	11
1969	10
1969	10
1969	10
1969	9
1969	7
1969	6
1969	6
1969	5
1969	4
1969	3
1969	2
1969	2
1969	2
1969	1
1969	1
1969	1
1969	1
1970	154171
1970	147994
1970	136987
1970	109447
1970	56496
1970	55178
1970	53716
1970	42987
1970	36070
1970	34273
1970	30613
1970	22316
1970	20206
1970	18918
1970	16956
1970	16430
1970	15163
1970	14737
1970	13559
1970	13024
1970	12799
1970	11812
1970	11693
1970	11691
1970	10853
1970	10758
1970	9285
1970	8222
1970	8166
1970	8156
1970	7991
1970	7722
1970	7711
1970	7674
1970	7570
1970	7205
1970	6517
1970	6201
1970	6141
1970	5973
1970	5628
1970	5430
1970	5278
1970	5244
1970	5078
1970	4872
1970	4617
1970	4440
1970	4001
1970	3930
1970	3650
1970	3539
1970	3370
1970	2934
1970	2809
1970	2760
1970	2748
1970	2720
1970	2536
1970	2515
1970	2440
1970	2399
1970	2346
1970	2314
1970	2287
1970	2229
1970	2074
1970	1936
1970	1814
1970	1677
1970	1584
1970	1533
1970	1525
1970	1472
1970	1466
1970	1389
1970	1320
1970	1256
1970	1229
1970	1158
1970	1128
1970	1108
1970	1068
1970	990
1970	933
1970	931
1970	923
1970	920
1970	904
1970	886
1970	865
1970	817
1970	777
1970	772
1970	719
1970	707
1970	678
1970	664
1970	645
1970	629
1970	611
1970	607
1970	577
1970	546
1970	522
1970	500
1970	476
1970	471
1970	446
1970	423
1970	385
1970	375
1970	348
1970	334
1970	304
1970	274
1970	272
1970	259
1970	250
1970	239
1970	217
1970	212
1970	199
1970	193
1970	181
1970	180
1970	178
1970	174
1970	173
1970	171
1970	169
1970	165
1970	121
1970	120
1970	115
1970	113
1970	100
1970	96
1970	91
1970	90
1970	89
1970	89
1970	84
1970	78
1970	78
1970	77
1970	62
1970	61
1970	54
1970	54
1970	54
1970	53
1970	52
1970	48
1970	45
1970	43
1970	42
1970	34
1970	33
1970	33
1970	32
1970	30
1970	30
1970	29
1970	28
1970	25
1970	25
1970	24
1970	22
1970	22
1970	20
1970	20
1970	19
1970	18
1970	17
1970	15
1970	14
1970	14
1970	11
1970	11
1970	11
1970	11
1970	11
1970	10
1970	7
1970	6
1970	6
1970	5
1970	4
1970	3
1970	2
1970	2
1970	2
1970	1
1970	1
1970	1
1970	1
1971	155825
1971	150857
1971	140022
1971	113492
1971	56899
1971	56705
1971	56004
1971	43131
1971	36631
1971	34704
1971	31955
1971	22834
1971	21179
1971	19337
1971	17281
1971	16718
1971	15613
1971	15319
1971	14140
1971	13649
1971	13559
1971	12391
1971	12200
1971	12143
1971	11104
1971	11065
1971	9335
1971	8500
1971	8353
1971	8320
1971	8110
1971	8097
1971	8092
1971	8031
1971	7912
1971	7401
1971	6594
1971	6355
1971	6268
1971	6200
1971	5927
1971	5612
1971	5509
1971	5389
1971	5366
1971	4895
1971	4701
1971	4563
1971	4134
1971	3980
1971	3830
1971	3584
1971	3423
1971	3057
1971	2983
1971	2886
1971	2853
1971	2828
1971	2612
1971	2597
1971	2590
1971	2489
1971	2449
1971	2340
1971	2326
1971	2317
1971	2113
1971	2004
1971	1914
1971	1729
1971	1634
1971	1634
1971	1564
1971	1544
1971	1523
1971	1511
1971	1404
1971	1345
1971	1302
1971	1253
1971	1182
1971	1176
1971	1097
1971	1017
1971	986
1971	976
1971	963
1971	960
1971	950
1971	947
1971	902
1971	852
1971	817
1971	795
1971	746
1971	735
1971	702
1971	698
1971	698
1971	661
1971	636
1971	634
1971	603
1971	600
1971	549
1971	527
1971	514
1971	497
1971	475
1971	462
1971	419
1971	397
1971	358
1971	345
1971	307
1971	297
1971	274
1971	272
1971	261
1971	259
1971	237
1971	215
1971	213
1971	206
1971	198
1971	187
1971	184
1971	183
1971	183
1971	182
1971	176
1971	173
1971	129
1971	123
1971	117
1971	114
1971	108
1971	105
1971	97
1971	96
1971	94
1971	90
1971	89
1971	82
1971	82
1971	77
1971	64
1971	63
1971	62
1971	57
1971	57
1971	56
1971	52
1971	50
1971	48
1971	48
1971	45
1971	35
1971	35
1971	34
1971	34
1971	30
1971	30
1971	30
1971	29
1971	25
1971	25
1971	24
1971	23
1971	22
1971	21
1971	21
1971	20
1971	20
1971	17
1971	15
1971	15
1971	15
1971	12
1971	12
1971	11
1971	11
1971	11
1971	10
1971	8
1971	7
1971	6
1971	5
1971	4
1971	3
1971	2
1971	2
1971	2
1971	1
1971	1
1971	1
1971	1
1972	157299
1972	154045
1972	143071
1972	117859
1972	58526
1972	58349
1972	56858
1972	43289
1972	37159
1972	35106
1972	33349
1972	23343
1972	22248
1972	19774
1972	17634
1972	16949
1972	16068
1972	15933
1972	14737
1972	14318
1972	14314
1972	12996
1972	12759
1972	12599
1972	11383
1972	11339
1972	9385
1972	8746
1972	8538
1972	8535
1972	8508
1972	8411
1972	8402
1972	8255
1972	8233
1972	7596
1972	6654
1972	6515
1972	6428
1972	6336
1972	6237
1972	5798
1972	5749
1972	5639
1972	5550
1972	4915
1972	4774
1972	4683
1972	4266
1972	4028
1972	4019
1972	3619
1972	3492
1972	3327
1972	3036
1972	3011
1972	2992
1972	2894
1972	2760
1972	2710
1972	2634
1972	2586
1972	2557
1972	2407
1972	2399
1972	2333
1972	2153
1972	2075
1972	2018
1972	1781
1972	1752
1972	1684
1972	1654
1972	1626
1972	1598
1972	1578
1972	1495
1972	1432
1972	1380
1972	1359
1972	1312
1972	1223
1972	1207
1972	1034
1972	1033
1972	1026
1972	1016
1972	985
1972	983
1972	941
1972	884
1972	859
1972	841
1972	818
1972	771
1972	763
1972	760
1972	732
1972	719
1972	689
1972	668
1972	667
1972	663
1972	631
1972	578
1972	556
1972	555
1972	527
1972	504
1972	497
1972	456
1972	422
1972	367
1972	355
1972	321
1972	310
1972	290
1972	281
1972	272
1972	268
1972	259
1972	253
1972	218
1972	214
1972	202
1972	202
1972	199
1972	193
1972	192
1972	190
1972	180
1972	174
1972	139
1972	125
1972	121
1972	116
1972	115
1972	113
1972	105
1972	103
1972	97
1972	95
1972	91
1972	86
1972	86
1972	75
1972	70
1972	67
1972	64
1972	62
1972	61
1972	59
1972	54
1972	53
1972	52
1972	52
1972	47
1972	36
1972	36
1972	36
1972	35
1972	30
1972	30
1972	30
1972	29
1972	26
1972	25
1972	24
1972	24
1972	23
1972	23
1972	22
1972	22
1972	20
1972	17
1972	17
1972	16
1972	15
1972	12
1972	12
1972	12
1972	12
1972	11
1972	11
1972	8
1972	7
1972	7
1972	5
1972	4
1972	3
1972	2
1972	2
1972	2
1972	1
1972	1
1972	1
1972	1
1973	158657
1973	157631
1973	146117
1973	122536
1973	60757
1973	60065
1973	56964
1973	43454
1973	37643
1973	35481
1973	34792
1973	23847
1973	23405
1973	20222
1973	18009
1973	17139
1973	16587
1973	16526
1973	15336
1973	15074
1973	15036
1973	13631
1973	13352
1973	13063
1973	11707
1973	11558
1973	9434
1973	9027
1973	8966
1973	8787
1973	8716
1973	8715
1973	8681
1973	8600
1973	8356
1973	7788
1973	6702
1973	6651
1973	6637
1973	6560
1973	6405
1973	5997
1973	5996
1973	5948
1973	5721
1973	4932
1973	4842
1973	4798
1973	4400
1973	4217
1973	4074
1973	3641
1973	3621
1973	3575
1973	3137
1973	3133
1973	3090
1973	2949
1973	2925
1973	2806
1973	2690
1973	2671
1973	2669
1973	2500
1973	2458
1973	2339
1973	2192
1973	2146
1973	2125
1973	1882
1973	1837
1973	1813
1973	1736
1973	1708
1973	1637
1973	1633
1973	1591
1973	1519
1973	1476
1973	1460
1973	1457
1973	1319
1973	1269
1973	1095
1973	1093
1973	1090
1973	1075
1973	1017
1973	1008
1973	983
1973	916
1973	903
1973	841
1973	818
1973	796
1973	790
1973	766
1973	741
1973	737
1973	715
1973	708
1973	698
1973	660
1973	625
1973	608
1973	599
1973	587
1973	563
1973	549
1973	514
1973	496
1973	447
1973	375
1973	368
1973	348
1973	312
1973	306
1973	302
1973	300
1973	284
1973	279
1973	272
1973	223
1973	221
1973	220
1973	217
1973	206
1973	202
1973	200
1973	198
1973	183
1973	176
1973	150
1973	127
1973	125
1973	125
1973	125
1973	114
1973	114
1973	111
1973	101
1973	101
1973	93
1973	91
1973	90
1973	79
1973	71
1973	69
1973	68
1973	65
1973	64
1973	62
1973	60
1973	56
1973	54
1973	53
1973	48
1973	37
1973	37
1973	37
1973	36
1973	31
1973	30
1973	30
1973	30
1973	26
1973	25
1973	25
1973	24
1973	24
1973	24
1973	24
1973	23
1973	21
1973	19
1973	18
1973	16
1973	15
1973	13
1973	13
1973	12
1973	12
1973	11
1973	11
1973	9
1973	7
1973	7
1973	5
1973	4
1973	3
1973	2
1973	2
1973	2
1973	1
1973	1
1973	1
1973	1
1974	161654
1974	159992
1974	149133
1974	127494
1974	63235
1974	61540
1974	57036
1974	43614
1974	38068
1974	36277
1974	35834
1974	24629
1974	24352
1974	20671
1974	18394
1974	17315
1974	17287
1974	16983
1974	15915
1974	15858
1974	15806
1974	14298
1974	13952
1974	13538
1974	12035
1974	11756
1974	9543
1974	9481
1974	9190
1974	9171
1974	8950
1974	8939
1974	8912
1974	8901
1974	8477
1974	7979
1974	6892
1974	6865
1974	6750
1974	6742
1974	6475
1974	6364
1974	6256
1974	6214
1974	5891
1974	4945
1974	4916
1974	4910
1974	4538
1974	4423
1974	4117
1974	3940
1974	3663
1974	3650
1974	3271
1974	3266
1974	3144
1974	3088
1974	2999
1974	2897
1974	2794
1974	2793
1974	2701
1974	2596
1974	2511
1974	2347
1974	2236
1974	2229
1974	2217
1974	2025
1974	1977
1974	1898
1974	1789
1974	1785
1974	1697
1974	1691
1974	1670
1974	1614
1974	1611
1974	1604
1974	1538
1974	1433
1974	1314
1974	1178
1974	1159
1974	1157
1974	1115
1974	1053
1974	1029
1974	1027
1974	951
1974	948
1974	879
1974	863
1974	824
1974	821
1974	818
1974	801
1974	763
1974	750
1974	740
1974	730
1974	691
1974	646
1974	640
1974	616
1974	603
1974	594
1974	537
1974	529
1974	474
1974	433
1974	385
1974	382
1974	376
1974	360
1974	322
1974	318
1974	314
1974	312
1974	292
1974	273
1974	246
1974	236
1974	228
1974	222
1974	212
1974	210
1974	206
1974	206
1974	186
1974	178
1974	163
1974	137
1974	135
1974	129
1974	128
1974	123
1974	118
1974	114
1974	109
1974	106
1974	94
1974	94
1974	94
1974	88
1974	74
1974	71
1974	68
1974	68
1974	66
1974	66
1974	65
1974	61
1974	57
1974	54
1974	50
1974	40
1974	39
1974	38
1974	37
1974	31
1974	31
1974	31
1974	30
1974	27
1974	26
1974	26
1974	25
1974	25
1974	25
1974	25
1974	23
1974	21
1974	21
1974	18
1974	17
1974	15
1974	14
1974	14
1974	13
1974	12
1974	12
1974	11
1974	9
1974	7
1974	7
1974	5
1974	4
1974	3
1974	2
1974	2
1974	2
1974	1
1974	1
1974	1
1974	1
1975	166165
1975	161379
1975	152097
1975	132703
1975	65788
1975	62967
1975	57085
1975	43760
1975	38426
1975	37796
1975	36167
1975	25905
1975	24863
1975	21116
1975	18780
1975	18039
1975	17498
1975	17438
1975	16678
1975	16632
1975	16462
1975	15002
1975	14541
1975	14026
1975	12363
1975	11934
1975	10073
1975	9610
1975	9525
1975	9372
1975	9308
1975	9169
1975	9113
1975	9099
1975	8593
1975	8167
1975	7233
1975	7065
1975	6942
1975	6879
1975	6778
1975	6547
1975	6526
1975	6460
1975	6050
1975	5020
1975	5003
1975	4952
1975	4682
1975	4636
1975	4286
1975	4157
1975	3753
1975	3646
1975	3402
1975	3400
1975	3245
1975	3196
1975	3048
1975	2983
1975	2926
1975	2891
1975	2732
1975	2697
1975	2552
1975	2359
1975	2352
1975	2287
1975	2262
1975	2181
1975	2139
1975	1967
1975	1852
1975	1845
1975	1793
1975	1781
1975	1756
1975	1742
1975	1712
1975	1708
1975	1612
1975	1548
1975	1362
1975	1270
1975	1226
1975	1225
1975	1153
1975	1092
1975	1073
1975	1049
1975	996
1975	993
1975	942
1975	923
1975	886
1975	847
1975	847
1975	837
1975	788
1975	785
1975	767
1975	761
1975	721
1975	697
1975	673
1975	646
1975	645
1975	640
1975	579
1975	546
1975	504
1975	425
1975	408
1975	406
1975	388
1975	343
1975	337
1975	335
1975	315
1975	313
1975	307
1975	275
1975	270
1975	256
1975	234
1975	225
1975	224
1975	216
1975	214
1975	212
1975	189
1975	180
1975	175
1975	150
1975	145
1975	132
1975	131
1975	131
1975	124
1975	118
1975	115
1975	111
1975	98
1975	97
1975	97
1975	95
1975	80
1975	74
1975	72
1975	71
1975	67
1975	67
1975	65
1975	65
1975	60
1975	54
1975	52
1975	45
1975	40
1975	39
1975	37
1975	32
1975	32
1975	31
1975	30
1975	29
1975	27
1975	27
1975	27
1975	26
1975	25
1975	25
1975	24
1975	24
1975	22
1975	18
1975	18
1975	16
1975	14
1975	14
1975	13
1975	13
1975	12
1975	11
1975	10
1975	7
1975	7
1975	5
1975	4
1975	3
1975	2
1975	2
1975	2
1975	1
1975	1
1975	1
1975	1
1976	171221
1976	162842
1976	155000
1976	138174
1976	68416
1976	64350
1976	57121
1976	43891
1976	39355
1976	38711
1976	36480
1976	27228
1976	25383
1976	21553
1976	19163
1976	18849
1976	17888
1976	17694
1976	17537
1976	17521
1976	16957
1976	15741
1976	15105
1976	14530
1976	12691
1976	12089
1976	10613
1976	10050
1976	9672
1976	9569
1976	9565
1976	9410
1976	9312
1976	9283
1976	8705
1976	8353
1976	7723
1976	7582
1976	7249
1976	7032
1976	6811
1976	6807
1976	6740
1976	6621
1976	6198
1976	5126
1976	5109
1976	4954
1976	4856
1976	4833
1976	4654
1976	4192
1976	3842
1976	3627
1976	3540
1976	3526
1976	3394
1976	3244
1976	3097
1976	3071
1976	3061
1976	2985
1976	2802
1976	2765
1976	2580
1976	2473
1976	2378
1976	2354
1976	2354
1976	2295
1976	2292
1976	2045
1976	1957
1976	1907
1976	1903
1976	1897
1976	1891
1976	1823
1976	1816
1976	1746
1976	1681
1976	1663
1976	1411
1976	1368
1976	1298
1976	1294
1976	1191
1976	1134
1976	1121
1976	1068
1976	1046
1976	1043
1976	1038
1976	1009
1976	908
1976	877
1976	874
1976	873
1976	822
1976	808
1976	796
1976	792
1976	752
1976	751
1976	707
1976	693
1976	686
1976	671
1976	621
1976	564
1976	535
1976	499
1976	439
1976	436
1976	393
1976	379
1976	352
1976	350
1976	325
1976	316
1976	295
1976	281
1976	277
1976	277
1976	240
1976	240
1976	227
1976	223
1976	222
1976	217
1976	192
1976	189
1976	184
1976	167
1976	153
1976	140
1976	136
1976	133
1976	130
1976	129
1976	116
1976	115
1976	108
1976	100
1976	98
1976	96
1976	85
1976	79
1976	76
1976	74
1976	68
1976	68
1976	68
1976	63
1976	63
1976	55
1976	55
1976	54
1976	41
1976	41
1976	37
1976	33
1976	32
1976	31
1976	31
1976	30
1976	28
1976	28
1976	28
1976	27
1976	26
1976	26
1976	25
1976	24
1976	22
1976	19
1976	18
1976	16
1976	15
1976	15
1976	14
1976	14
1976	13
1976	11
1976	11
1976	7
1976	7
1976	5
1976	4
1976	4
1976	2
1976	2
1976	2
1976	1
1976	1
1976	1
1976	1
1977	176904
1977	164378
1977	157847
1977	143896
1977	71118
1977	65674
1977	57144
1977	44011
1977	40946
1977	38934
1977	36772
1977	28607
1977	25906
1977	21984
1977	19716
1977	19545
1977	18475
1977	18429
1977	18335
1977	17900
1977	17414
1977	16516
1977	15654
1977	15050
1977	13021
1977	12224
1977	11162
1977	10507
1977	10042
1977	9764
1977	9657
1977	9602
1977	9537
1977	9421
1977	8812
1977	8695
1977	8536
1977	7938
1977	7417
1977	7205
1977	7099
1977	7054
1977	6842
1977	6696
1977	6334
1977	5230
1977	5229
1977	5084
1977	5047
1977	4991
1977	4951
1977	4224
1977	3932
1977	3686
1977	3643
1977	3597
1977	3535
1977	3289
1977	3226
1977	3146
1977	3134
1977	3074
1977	2912
1977	2798
1977	2598
1977	2596
1977	2542
1977	2447
1977	2419
1977	2403
1977	2318
1977	2143
1977	2133
1977	2051
1977	2003
1977	1965
1977	1950
1977	1944
1977	1876
1977	1785
1977	1776
1977	1745
1977	1474
1977	1462
1977	1372
1977	1365
1977	1229
1977	1178
1977	1171
1977	1168
1977	1101
1977	1097
1977	1087
1977	1078
1977	930
1977	913
1977	908
1977	900
1977	852
1977	831
1977	827
1977	823
1977	808
1977	784
1977	744
1977	743
1977	731
1977	695
1977	664
1977	583
1977	581
1977	567
1977	477
1977	468
1977	418
1977	397
1977	369
1977	362
1977	344
1977	322
1977	319
1977	316
1977	300
1977	281
1977	258
1977	245
1977	233
1977	231
1977	230
1977	223
1977	203
1977	194
1977	188
1977	187
1977	161
1977	149
1977	140
1977	140
1977	136
1977	135
1977	123
1977	119
1977	116
1977	104
1977	97
1977	97
1977	89
1977	86
1977	79
1977	76
1977	71
1977	69
1977	68
1977	68
1977	67
1977	61
1977	55
1977	54
1977	43
1977	42
1977	37
1977	34
1977	33
1977	32
1977	30
1977	30
1977	30
1977	29
1977	29
1977	28
1977	28
1977	26
1977	25
1977	24
1977	22
1977	20
1977	19
1977	16
1977	16
1977	15
1977	15
1977	14
1977	13
1977	11
1977	10
1977	7
1977	7
1977	5
1977	4
1977	4
1977	2
1977	2
1977	2
1977	1
1977	1
1977	1
1977	1
1978	183306
1978	165994
1978	160643
1978	149793
1978	73895
1978	66916
1978	57145
1978	44115
1978	42545
1978	39117
1978	37038
1978	30063
1978	26413
1978	22417
1978	20635
1978	19924
1978	19482
1978	19350
1978	18784
1978	18114
1978	17897
1978	17338
1978	16224
1978	15584
1978	13358
1978	12349
1978	11706
1978	10975
1978	10416
1978	9963
1978	9897
1978	9796
1978	9769
1978	9635
1978	9543
1978	8916
1978	8718
1978	8297
1978	7573
1978	7404
1978	7403
1978	7391
1978	6869
1978	6767
1978	6459
1978	5472
1978	5354
1978	5328
1978	5320
1978	5147
1978	4946
1978	4251
1978	4021
1978	3837
1978	3761
1978	3676
1978	3571
1978	3391
1978	3333
1978	3210
1978	3191
1978	3160
1978	3025
1978	2829
1978	2741
1978	2726
1978	2606
1978	2597
1978	2485
1978	2431
1978	2344
1978	2334
1978	2228
1978	2219
1978	2100
1978	2069
1978	2026
1978	1986
1978	1935
1978	1891
1978	1823
1978	1807
1978	1590
1978	1513
1978	1450
1978	1439
1978	1308
1978	1269
1978	1226
1978	1224
1978	1166
1978	1151
1978	1151
1978	1107
1978	953
1978	951
1978	941
1978	928
1978	881
1978	868
1978	862
1978	854
1978	854
1978	816
1978	799
1978	780
1978	775
1978	719
1978	707
1978	667
1978	605
1978	601
1978	523
1978	500
1978	462
1978	402
1978	401
1978	386
1978	374
1978	365
1978	351
1978	324
1978	317
1978	285
1978	276
1978	250
1978	244
1978	238
1978	234
1978	228
1978	217
1978	208
1978	196
1978	193
1978	170
1978	158
1978	153
1978	145
1978	141
1978	137
1978	131
1978	130
1978	117
1978	107
1978	98
1978	96
1978	93
1978	92
1978	85
1978	81
1978	78
1978	74
1978	71
1978	69
1978	68
1978	59
1978	55
1978	55
1978	45
1978	44
1978	38
1978	37
1978	34
1978	32
1978	31
1978	30
1978	30
1978	30
1978	30
1978	29
1978	29
1978	26
1978	26
1978	24
1978	23
1978	21
1978	19
1978	16
1978	16
1978	16
1978	15
1978	15
1978	13
1978	12
1978	10
1978	7
1978	7
1978	5
1978	4
1978	4
1978	2
1978	2
1978	2
1978	1
1978	1
1978	1
1978	1
1979	190526
1979	167691
1979	163399
1979	155756
1979	76750
1979	68046
1979	57108
1979	44199
1979	44113
1979	39293
1979	37271
1979	31632
1979	26882
1979	22859
1979	21596
1979	20526
1979	20298
1979	20291
1979	19242
1979	18505
1979	18332
1979	18219
1979	16871
1979	16133
1979	13709
1979	12476
1979	12230
1979	11444
1979	10919
1979	10790
1979	10172
1979	10108
1979	10002
1979	9667
1979	9663
1979	9019
1979	8900
1979	8654
1979	7783
1979	7725
1979	7725
1979	7579
1979	6890
1979	6826
1979	6575
1979	5938
1979	5563
1979	5470
1979	5420
1979	5293
1979	4940
1979	4273
1979	4106
1979	3996
1979	3891
1979	3830
1979	3567
1979	3562
1979	3378
1979	3297
1979	3241
1979	3228
1979	3143
1979	2943
1979	2858
1979	2851
1979	2749
1979	2614
1979	2555
1979	2527
1979	2460
1979	2389
1979	2375
1979	2329
1979	2189
1979	2176
1979	2085
1979	2021
1979	2013
1979	1994
1979	1869
1979	1859
1979	1716
1979	1566
1979	1536
1979	1515
1979	1452
1979	1318
1979	1280
1979	1277
1979	1237
1979	1227
1979	1207
1979	1134
1979	996
1979	974
1979	974
1979	957
1979	928
1979	911
1979	904
1979	886
1979	877
1979	857
1979	848
1979	819
1979	817
1979	748
1979	748
1979	743
1979	637
1979	629
1979	575
1979	533
1979	510
1979	496
1979	405
1979	402
1979	386
1979	385
1979	382
1979	349
1979	318
1979	293
1979	289
1979	257
1979	255
1979	246
1979	236
1979	234
1979	231
1979	228
1979	199
1979	197
1979	181
1979	168
1979	166
1979	149
1979	146
1979	146
1979	139
1979	138
1979	117
1979	110
1979	102
1979	100
1979	99
1979	97
1979	95
1979	84
1979	80
1979	76
1979	75
1979	70
1979	68
1979	60
1979	58
1979	56
1979	47
1979	46
1979	40
1979	38
1979	35
1979	33
1979	33
1979	32
1979	30
1979	30
1979	30
1979	30
1979	29
1979	26
1979	26
1979	24
1979	23
1979	23
1979	19
1979	17
1979	17
1979	16
1979	16
1979	16
1979	13
1979	13
1979	10
1979	7
1979	7
1979	5
1979	5
1979	4
1979	2
1979	2
1979	2
1979	1
1979	1
1979	1
1979	1
1980	198633
1980	169468
1980	166121
1980	161698
1980	79682
1980	69045
1980	57028
1980	45626
1980	44262
1980	39484
1980	37466
1980	33338
1980	27292
1980	23317
1980	22591
1980	21592
1980	21247
1980	20665
1980	19715
1980	19309
1980	19170
1980	18550
1980	17640
1980	16695
1980	14081
1980	12721
1980	12615
1980	11973
1980	11906
1980	11163
1980	10398
1980	10275
1980	10228
1980	9809
1980	9684
1980	9121
1980	9082
1980	9005
1980	8191
1980	8064
1980	7879
1980	7759
1980	6905
1980	6867
1980	6683
1980	6455
1980	5816
1980	5567
1980	5503
1980	5422
1980	4936
1980	4289
1980	4187
1980	4160
1980	4043
1980	4006
1980	3737
1980	3598
1980	3428
1980	3404
1980	3318
1980	3265
1980	3255
1980	3139
1980	2971
1980	2908
1980	2882
1980	2720
1980	2632
1980	2626
1980	2556
1980	2489
1980	2433
1980	2415
1980	2299
1980	2224
1980	2147
1980	2139
1980	2059
1980	2051
1980	1937
1980	1891
1980	1856
1980	1631
1980	1619
1980	1595
1980	1592
1980	1378
1980	1339
1980	1332
1980	1314
1980	1305
1980	1265
1980	1168
1980	1041
1980	1010
1980	997
1980	987
1980	985
1980	954
1980	943
1980	920
1980	916
1980	902
1980	882
1980	861
1980	856
1980	820
1980	789
1980	770
1980	676
1980	658
1980	635
1980	584
1980	565
1980	562
1980	420
1980	415
1980	408
1980	402
1980	400
1980	373
1980	320
1980	308
1980	293
1980	273
1980	260
1980	254
1980	245
1980	244
1980	240
1980	237
1980	201
1980	201
1980	198
1980	179
1980	179
1980	164
1980	154
1980	150
1980	147
1980	141
1980	117
1980	116
1980	113
1980	108
1980	100
1980	98
1980	96
1980	87
1980	82
1980	80
1980	79
1980	71
1980	71
1980	61
1980	60
1980	56
1980	48
1980	48
1980	44
1980	38
1980	36
1980	35
1980	34
1980	33
1980	32
1980	31
1980	31
1980	30
1980	29
1980	27
1980	26
1980	24
1980	24
1980	24
1980	20
1980	18
1980	17
1980	17
1980	17
1980	15
1980	13
1980	13
1980	9
1980	7
1980	7
1980	5
1980	5
1980	4
1980	3
1980	2
1980	2
1980	1
1980	1
1980	1
1980	1
1981	207704
1981	171347
1981	168788
1981	167563
1981	82691
1981	69897
1981	56899
1981	47063
1981	44302
1981	39702
1981	37624
1981	35196
1981	27638
1981	23793
1981	23615
1981	22673
1981	22213
1981	21024
1981	20351
1981	20205
1981	20193
1981	18769
1981	18547
1981	17271
1981	14475
1981	13167
1981	12915
1981	12770
1981	12359
1981	11533
1981	10644
1981	10444
1981	10392
1981	9977
1981	9698
1981	9349
1981	9265
1981	9225
1981	8628
1981	8421
1981	8035
1981	7933
1981	7028
1981	6913
1981	6889
1981	6780
1981	6077
1981	5642
1981	5577
1981	5529
1981	4935
1981	4331
1981	4300
1981	4263
1981	4219
1981	4208
1981	3914
1981	3670
1981	3534
1981	3482
1981	3392
1981	3391
1981	3326
1981	3270
1981	3085
1981	3074
1981	2908
1981	2902
1981	2716
1981	2716
1981	2642
1981	2540
1981	2517
1981	2463
1981	2395
1981	2295
1981	2238
1981	2186
1981	2109
1981	2103
1981	2011
1981	2009
1981	1919
1981	1736
1981	1729
1981	1677
1981	1673
1981	1452
1981	1403
1981	1396
1981	1391
1981	1383
1981	1326
1981	1212
1981	1090
1981	1047
1981	1044
1981	1021
1981	1014
1981	1014
1981	979
1981	978
1981	957
1981	927
1981	916
1981	904
1981	891
1981	881
1981	829
1981	800
1981	718
1981	703
1981	690
1981	667
1981	618
1981	595
1981	452
1981	437
1981	417
1981	416
1981	412
1981	397
1981	324
1981	321
1981	298
1981	291
1981	265
1981	262
1981	258
1981	258
1981	247
1981	236
1981	220
1981	204
1981	204
1981	193
1981	191
1981	186
1981	159
1981	157
1981	154
1981	143
1981	128
1981	117
1981	117
1981	116
1981	103
1981	99
1981	98
1981	89
1981	84
1981	84
1981	81
1981	74
1981	72
1981	65
1981	64
1981	56
1981	50
1981	48
1981	47
1981	39
1981	37
1981	37
1981	36
1981	33
1981	33
1981	32
1981	32
1981	31
1981	30
1981	27
1981	26
1981	26
1981	25
1981	24
1981	20
1981	18
1981	18
1981	18
1981	18
1981	15
1981	14
1981	13
1981	9
1981	8
1981	7
1981	5
1981	5
1981	4
1981	3
1981	2
1981	2
1981	1
1981	1
1981	1
1981	1
1982	217715
1982	173354
1982	173336
1982	171385
1982	85770
1982	70618
1982	56737
1982	48433
1982	44322
1982	39941
1982	37747
1982	37200
1982	27924
1982	24667
1982	24284
1982	23776
1982	23188
1982	21610
1982	21371
1982	21282
1982	20708
1982	19582
1982	18993
1982	17861
1982	14892
1982	13760
1982	13568
1982	12939
1982	12803
1982	11901
1982	10910
1982	10649
1982	10461
1982	10169
1982	9706
1982	9687
1982	9448
1982	9329
1982	9096
1982	8796
1982	8195
1982	8106
1982	7651
1982	6917
1982	6893
1982	6868
1982	6347
1982	5698
1982	5643
1982	5617
1982	4937
1982	4509
1982	4437
1982	4419
1982	4333
1982	4305
1982	4094
1982	3778
1982	3685
1982	3540
1982	3522
1982	3503
1982	3464
1982	3276
1982	3246
1982	3193
1982	3092
1982	2919
1982	2870
1982	2809
1982	2663
1982	2651
1982	2544
1982	2520
1982	2476
1982	2456
1982	2230
1982	2225
1982	2180
1982	2165
1982	2153
1982	2086
1982	1943
1982	1861
1982	1851
1982	1762
1982	1727
1982	1541
1982	1484
1982	1472
1982	1460
1982	1454
1982	1389
1982	1266
1982	1143
1982	1100
1982	1087
1982	1084
1982	1046
1982	1045
1982	1042
1982	1018
1982	995
1982	952
1982	950
1982	949
1982	932
1982	922
1982	867
1982	833
1982	778
1982	762
1982	754
1982	728
1982	679
1982	624
1982	490
1982	455
1982	436
1982	427
1982	421
1982	415
1982	332
1982	330
1982	311
1982	302
1982	271
1982	270
1982	270
1982	267
1982	254
1982	246
1982	234
1982	211
1982	207
1982	207
1982	207
1982	204
1982	168
1982	164
1982	158
1982	145
1982	136
1982	125
1982	121
1982	117
1982	105
1982	103
1982	97
1982	92
1982	89
1982	86
1982	83
1982	80
1982	74
1982	71
1982	68
1982	57
1982	53
1982	51
1982	49
1982	40
1982	39
1982	39
1982	38
1982	34
1982	33
1982	33
1982	32
1982	31
1982	31
1982	28
1982	27
1982	27
1982	26
1982	24
1982	20
1982	19
1982	19
1982	19
1982	18
1982	15
1982	15
1982	14
1982	9
1982	8
1982	7
1982	5
1982	5
1982	5
1982	3
1982	3
1982	2
1982	1
1982	1
1982	1
1982	1
1983	228495
1983	179128
1983	175405
1983	173929
1983	88898
1983	71268
1983	56581
1983	49767
1983	44333
1983	40197
1983	39332
1983	37838
1983	28161
1983	25748
1983	24908
1983	24788
1983	24182
1983	23024
1983	22428
1983	21702
1983	21222
1983	20732
1983	19226
1983	18460
1983	15331
1983	14540
1983	13940
1983	13244
1983	13121
1983	12268
1983	11195
1983	10850
1983	10497
1983	10377
1983	10016
1983	9712
1983	9632
1983	9586
1983	9434
1983	9184
1983	8359
1983	8306
1983	8284
1983	6952
1983	6920
1983	6885
1983	6629
1983	5740
1983	5699
1983	5691
1983	4941
1983	4692
1983	4691
1983	4642
1983	4398
1983	4308
1983	4277
1983	3913
1983	3855
1983	3673
1983	3657
1983	3600
1983	3533
1983	3425
1983	3295
1983	3276
1983	3274
1983	3020
1983	2933
1983	2908
1983	2765
1983	2686
1983	2619
1983	2583
1983	2571
1983	2548
1983	2362
1983	2269
1983	2220
1983	2205
1983	2194
1983	2167
1983	1988
1983	1976
1983	1962
1983	1852
1983	1782
1983	1642
1983	1580
1983	1543
1983	1538
1983	1521
1983	1455
1983	1330
1983	1199
1983	1164
1983	1156
1983	1129
1983	1108
1983	1075
1983	1071
1983	1059
1983	1034
1983	995
1983	985
1983	978
1983	977
1983	952
1983	904
1983	867
1983	857
1983	841
1983	805
1983	769
1983	743
1983	655
1983	531
1983	474
1983	457
1983	445
1983	437
1983	419
1983	342
1983	336
1983	333
1983	306
1983	282
1983	280
1983	275
1983	275
1983	275
1983	261
1983	241
1983	232
1983	221
1983	219
1983	210
1983	210
1983	180
1983	169
1983	163
1983	147
1983	143
1983	135
1983	126
1983	116
1983	109
1983	107
1983	95
1983	95
1983	93
1983	87
1983	87
1983	85
1983	78
1983	76
1983	72
1983	57
1983	56
1983	55
1983	49
1983	43
1983	41
1983	40
1983	39
1983	36
1983	33
1983	33
1983	32
1983	32
1983	31
1983	30
1983	28
1983	27
1983	27
1983	24
1983	20
1983	20
1983	20
1983	19
1983	19
1983	16
1983	15
1983	14
1983	10
1983	8
1983	7
1983	5
1983	5
1983	5
1983	3
1983	3
1983	2
1983	1
1983	1
1983	1
1983	1
1984	239789
1984	184987
1984	177510
1984	176443
1984	92044
1984	71928
1984	56485
1984	51118
1984	44349
1984	41560
1984	40458
1984	37900
1984	28366
1984	26863
1984	26087
1984	25299
1984	25211
1984	24486
1984	23615
1984	22013
1984	21970
1984	21741
1984	19471
1984	19064
1984	15795
1984	15318
1984	14311
1984	13691
1984	13313
1984	12638
1984	11492
1984	11059
1984	10587
1984	10521
1984	10335
1984	10090
1984	9817
1984	9721
1984	9581
1984	9539
1984	8965
1984	8528
1984	8475
1984	7042
1984	6926
1984	6924
1984	6873
1984	5774
1984	5763
1984	5747
1984	4969
1984	4948
1984	4881
1984	4878
1984	4464
1984	4458
1984	4310
1984	4061
1984	4039
1984	3842
1984	3798
1984	3659
1984	3613
1984	3601
1984	3465
1984	3394
1984	3269
1984	3175
1984	3010
1984	2947
1984	2885
1984	2772
1984	2711
1984	2647
1984	2617
1984	2598
1984	2553
1984	2304
1984	2275
1984	2252
1984	2252
1984	2160
1984	2112
1984	2109
1984	1978
1984	1947
1984	1837
1984	1749
1984	1682
1984	1619
1984	1614
1984	1591
1984	1524
1984	1404
1984	1256
1984	1254
1984	1213
1984	1178
1984	1175
1984	1105
1984	1103
1984	1093
1984	1075
1984	1042
1984	1023
1984	1022
1984	1007
1984	984
1984	941
1984	935
1984	924
1984	901
1984	842
1984	813
1984	810
1984	692
1984	571
1984	494
1984	479
1984	470
1984	446
1984	424
1984	356
1984	352
1984	343
1984	310
1984	304
1984	295
1984	291
1984	286
1984	280
1984	276
1984	268
1984	237
1984	235
1984	229
1984	213
1984	213
1984	193
1984	175
1984	168
1984	149
1984	148
1984	144
1984	131
1984	116
1984	114
1984	108
1984	98
1984	97
1984	95
1984	93
1984	89
1984	87
1984	86
1984	78
1984	77
1984	60
1984	59
1984	57
1984	49
1984	45
1984	43
1984	41
1984	39
1984	38
1984	34
1984	33
1984	33
1984	33
1984	32
1984	32
1984	29
1984	28
1984	27
1984	23
1984	21
1984	21
1984	20
1984	20
1984	19
1984	18
1984	15
1984	14
1984	10
1984	8
1984	7
1984	6
1984	5
1984	5
1984	4
1984	3
1984	2
1984	1
1984	1
1984	1
1984	1
1985	251402
1985	191009
1985	179621
1985	178933
1985	95185
1985	72660
1985	56486
1985	52523
1985	44379
1985	43860
1985	40715
1985	37939
1985	28554
1985	28015
1985	27326
1985	26281
1985	25909
1985	25813
1985	24827
1985	23267
1985	22299
1985	22259
1985	19732
1985	19668
1985	16285
1985	16146
1985	14702
1985	14148
1985	13513
1985	13012
1985	11797
1985	11281
1985	10791
1985	10643
1985	10600
1985	10549
1985	10003
1985	9982
1985	9735
1985	9643
1985	9604
1985	8703
1985	8685
1985	7234
1985	7142
1985	6939
1985	6863
1985	5839
1985	5806
1985	5788
1985	5266
1985	5132
1985	5065
1985	4957
1985	4656
1985	4513
1985	4313
1985	4234
1985	4210
1985	4016
1985	3947
1985	3811
1985	3716
1985	3668
1985	3663
1985	3492
1985	3338
1985	3263
1985	3114
1985	3010
1985	2961
1985	2905
1985	2750
1985	2735
1985	2709
1985	2691
1985	2625
1985	2340
1985	2337
1985	2330
1985	2292
1985	2251
1985	2233
1985	2136
1985	2048
1985	1989
1985	1890
1985	1858
1985	1793
1985	1706
1985	1683
1985	1664
1985	1595
1985	1488
1985	1355
1985	1311
1985	1275
1985	1251
1985	1226
1985	1147
1985	1136
1985	1118
1985	1112
1985	1087
1985	1077
1985	1060
1985	1038
1985	1019
1985	1008
1985	998
1985	980
1985	933
1985	878
1985	868
1985	858
1985	739
1985	612
1985	515
1985	504
1985	495
1985	455
1985	429
1985	380
1985	363
1985	350
1985	332
1985	316
1985	314
1985	308
1985	303
1985	301
1985	286
1985	274
1985	254
1985	253
1985	226
1985	216
1985	216
1985	207
1985	180
1985	175
1985	155
1985	154
1985	152
1985	136
1985	122
1985	113
1985	110
1985	103
1985	103
1985	100
1985	94
1985	92
1985	91
1985	88
1985	82
1985	80
1985	64
1985	63
1985	58
1985	49
1985	48
1985	45
1985	41
1985	40
1985	40
1985	35
1985	33
1985	33
1985	33
1985	33
1985	32
1985	31
1985	29
1985	27
1985	23
1985	22
1985	21
1985	21
1985	20
1985	20
1985	19
1985	15
1985	14
1985	10
1985	8
1985	7
1985	6
1985	5
1985	5
1985	4
1985	3
1985	2
1985	1
1985	1
1985	1
1985	1
1986	263256
1986	197221
1986	181722
1986	181423
1986	98313
1986	73488
1986	56592
1986	53994
1986	46226
1986	44429
1986	40970
1986	37954
1986	29206
1986	28730
1986	28629
1986	27398
1986	27265
1986	26328
1986	26062
1986	24630
1986	22777
1986	22560
1986	20270
1986	20009
1986	17035
1986	16800
1986	15123
1986	14617
1986	13723
1986	13391
1986	12108
1986	11522
1986	11111
1986	10986
1986	10938
1986	10585
1986	10383
1986	10212
1986	10190
1986	9758
1986	9745
1986	8914
1986	8886
1986	7561
1986	7258
1986	6960
1986	6856
1986	5924
1986	5836
1986	5820
1986	5585
1986	5396
1986	5254
1986	4967
1986	4852
1986	4562
1986	4441
1986	4357
1986	4319
1986	4196
1986	4102
1986	4020
1986	3873
1986	3770
1986	3734
1986	3588
1986	3512
1986	3258
1986	3220
1986	3140
1986	3011
1986	2976
1986	2951
1986	2772
1986	2767
1986	2759
1986	2653
1986	2431
1986	2400
1986	2383
1986	2365
1986	2347
1986	2321
1986	2157
1986	2122
1986	1996
1986	1965
1986	1943
1986	1911
1986	1801
1986	1750
1986	1740
1986	1668
1986	1583
1986	1466
1986	1362
1986	1341
1986	1327
1986	1283
1986	1193
1986	1165
1986	1162
1986	1138
1986	1130
1986	1128
1986	1101
1986	1072
1986	1072
1986	1059
1986	1056
1986	1021
1986	964
1986	947
1986	905
1986	883
1986	798
1986	651
1986	537
1986	529
1986	522
1986	465
1986	436
1986	404
1986	376
1986	363
1986	357
1986	356
1986	322
1986	322
1986	318
1986	317
1986	291
1986	280
1986	274
1986	271
1986	223
1986	222
1986	221
1986	219
1986	185
1986	183
1986	163
1986	161
1986	154
1986	142
1986	129
1986	113
1986	112
1986	110
1986	108
1986	102
1986	101
1986	93
1986	90
1986	89
1986	87
1986	82
1986	69
1986	68
1986	58
1986	50
1986	49
1986	46
1986	42
1986	42
1986	41
1986	36
1986	35
1986	33
1986	33
1986	33
1986	32
1986	32
1986	29
1986	27
1986	23
1986	23
1986	22
1986	21
1986	21
1986	21
1986	20
1986	15
1986	14
1986	10
1986	8
1986	7
1986	7
1986	5
1986	5
1986	4
1986	3
1986	2
1986	1
1986	1
1986	1
1986	1
1987	275391
1987	203593
1987	183869
1987	183832
1987	101425
1987	74392
1987	56793
1987	55521
1987	48665
1987	44496
1987	41229
1987	37948
1987	30433
1987	29996
1987	28891
1987	28562
1987	28548
1987	27315
1987	26845
1987	26050
1987	23293
1987	22795
1987	20869
1987	20300
1987	17969
1987	17341
1987	15565
1987	15097
1987	13942
1987	13775
1987	12429
1987	11774
1987	11622
1987	11223
1987	11174
1987	10787
1987	10785
1987	10625
1987	10378
1987	9847
1987	9787
1987	9163
1987	9078
1987	7904
1987	7387
1987	6987
1987	6851
1987	6015
1987	5925
1987	5864
1987	5845
1987	5673
1987	5443
1987	5053
1987	4980
1987	4660
1987	4606
1987	4505
1987	4382
1987	4327
1987	4265
1987	4240
1987	4094
1987	3821
1987	3799
1987	3697
1987	3682
1987	3328
1987	3275
1987	3252
1987	3155
1987	3094
1987	2992
1987	2858
1987	2823
1987	2783
1987	2680
1987	2557
1987	2525
1987	2454
1987	2436
1987	2390
1987	2342
1987	2273
1987	2119
1987	2072
1987	2037
1987	1999
1987	1994
1987	1902
1987	1818
1987	1815
1987	1743
1987	1688
1987	1587
1987	1412
1987	1411
1987	1408
1987	1346
1987	1241
1987	1207
1987	1206
1987	1194
1987	1172
1987	1143
1987	1139
1987	1130
1987	1108
1987	1103
1987	1098
1987	1063
1987	1016
1987	993
1987	954
1987	888
1987	868
1987	689
1987	561
1987	557
1987	550
1987	476
1987	443
1987	429
1987	415
1987	391
1987	382
1987	363
1987	349
1987	338
1987	335
1987	321
1987	297
1987	296
1987	291
1987	285
1987	239
1987	226
1987	222
1987	220
1987	193
1987	190
1987	173
1987	169
1987	157
1987	148
1987	135
1987	123
1987	115
1987	113
1987	108
1987	108
1987	104
1987	95
1987	92
1987	89
1987	88
1987	84
1987	75
1987	73
1987	59
1987	52
1987	48
1987	47
1987	44
1987	43
1987	42
1987	37
1987	37
1987	34
1987	34
1987	34
1987	33
1987	31
1987	30
1987	27
1987	24
1987	23
1987	22
1987	22
1987	22
1987	21
1987	21
1987	14
1987	14
1987	10
1987	9
1987	7
1987	7
1987	6
1987	5
1987	5
1987	3
1987	2
1987	1
1987	1
1987	1
1987	1
1988	287873
1988	210090
1988	186126
1988	186000
1988	104517
1988	75338
1988	57085
1988	57078
1988	51172
1988	44579
1988	41487
1988	37932
1988	31684
1988	31420
1988	29791
1988	29690
1988	29039
1988	28558
1988	27464
1988	27363
1988	23797
1988	23001
1988	21467
1988	20601
1988	18932
1988	17912
1988	16011
1988	15586
1988	14165
1988	14162
1988	12773
1988	12134
1988	12015
1988	11506
1988	11362
1988	11331
1988	11186
1988	10666
1988	10570
1988	9956
1988	9822
1988	9442
1988	9279
1988	8267
1988	7520
1988	7022
1988	6847
1988	6284
1988	6100
1988	5964
1988	5895
1988	5860
1988	5635
1988	5254
1988	4996
1988	4891
1988	4649
1988	4645
1988	4574
1988	4471
1988	4431
1988	4337
1988	4324
1988	3888
1988	3870
1988	3869
1988	3776
1988	3438
1988	3414
1988	3367
1988	3246
1988	3161
1988	3009
1988	2946
1988	2880
1988	2809
1988	2718
1988	2708
1988	2621
1988	2565
1988	2492
1988	2421
1988	2396
1988	2363
1988	2185
1988	2175
1988	2144
1988	2045
1988	2001
1988	1990
1988	1900
1988	1880
1988	1820
1988	1801
1988	1715
1988	1494
1988	1487
1988	1464
1988	1413
1988	1292
1988	1279
1988	1250
1988	1224
1988	1213
1988	1184
1988	1183
1988	1150
1988	1149
1988	1144
1988	1128
1988	1106
1988	1086
1988	1022
1988	1004
1988	944
1988	885
1988	726
1988	586
1988	584
1988	580
1988	487
1988	472
1988	453
1988	450
1988	406
1988	403
1988	377
1988	370
1988	355
1988	353
1988	325
1988	321
1988	311
1988	301
1988	290
1988	255
1988	232
1988	225
1988	218
1988	204
1988	195
1988	182
1988	176
1988	159
1988	154
1988	141
1988	134
1988	118
1988	117
1988	115
1988	106
1988	105
1988	97
1988	96
1988	90
1988	86
1988	86
1988	81
1988	78
1988	59
1988	54
1988	48
1988	48
1988	46
1988	43
1988	43
1988	39
1988	38
1988	35
1988	34
1988	34
1988	33
1988	31
1988	30
1988	27
1988	25
1988	24
1988	23
1988	23
1988	22
1988	21
1988	21
1988	15
1988	14
1988	10
1988	9
1988	8
1988	8
1988	6
1988	5
1988	5
1988	3
1988	2
1988	1
1988	1
1988	1
1988	1
1989	300814
1989	216651
1989	188293
1989	188000
1989	107584
1989	76266
1989	58656
1989	57432
1989	53743
1989	44677
1989	41744
1989	37920
1989	32943
1989	32896
1989	30951
1989	30768
1989	29763
1989	29176
1989	28785
1989	27880
1989	24273
1989	23175
1989	22067
1989	20907
1989	19900
1989	18514
1989	16427
1989	16084
1989	14551
1989	14386
1989	13156
1989	12651
1989	12215
1989	11854
1989	11799
1989	11589
1989	11556
1989	10770
1989	10701
1989	10081
1989	9859
1989	9761
1989	9487
1989	8654
1989	7645
1989	7063
1989	6841
1989	6661
1989	6273
1989	6168
1989	5932
1989	5863
1989	5830
1989	5455
1989	5135
1989	5018
1989	4773
1989	4771
1989	4711
1989	4698
1989	4597
1989	4564
1989	4349
1989	4081
1989	3958
1989	3914
1989	3873
1989	3593
1989	3556
1989	3551
1989	3237
1989	3221
1989	3029
1989	3027
1989	2944
1989	2879
1989	2841
1989	2737
1989	2718
1989	2695
1989	2554
1989	2525
1989	2470
1989	2397
1989	2328
1989	2314
1989	2219
1989	2099
1989	2043
1989	2004
1989	1982
1989	1948
1989	1917
1989	1898
1989	1841
1989	1587
1989	1565
1989	1530
1989	1484
1989	1354
1989	1349
1989	1286
1989	1259
1989	1255
1989	1235
1989	1221
1989	1200
1989	1175
1989	1159
1989	1159
1989	1158
1989	1151
1989	1054
1989	1051
1989	1019
1989	878
1989	760
1989	616
1989	610
1989	606
1989	527
1989	499
1989	476
1989	458
1989	422
1989	421
1989	404
1989	376
1989	372
1989	370
1989	345
1989	332
1989	328
1989	306
1989	296
1989	271
1989	238
1989	228
1989	216
1989	216
1989	200
1989	190
1989	183
1989	161
1989	160
1989	148
1989	144
1989	123
1989	122
1989	119
1989	108
1989	104
1989	101
1989	99
1989	90
1989	88
1989	87
1989	85
1989	83
1989	59
1989	55
1989	49
1989	48
1989	48
1989	44
1989	44
1989	41
1989	40
1989	37
1989	35
1989	34
1989	32
1989	31
1989	30
1989	27
1989	26
1989	25
1989	25
1989	24
1989	22
1989	22
1989	22
1989	15
1989	14
1989	10
1989	9
1989	8
1989	8
1989	6
1989	6
1989	5
1989	4
1989	2
1989	1
1989	1
1989	1
1989	1
1990	314291
1990	223230
1990	190765
1990	189351
1990	110624
1990	77133
1990	60211
1990	57835
1990	56381
1990	44788
1990	41996
1990	37922
1990	34418
1990	34198
1990	32047
1990	31738
1990	30909
1990	29945
1990	29303
1990	28394
1990	24714
1990	23317
1990	22670
1990	21214
1990	20853
1990	19146
1990	16793
1990	16591
1990	14941
1990	14600
1990	13591
1990	13177
1990	12360
1990	12350
1990	12111
1990	11992
1990	11760
1990	10982
1990	10727
1990	10228
1990	10129
1990	9897
1990	9703
1990	9067
1990	7755
1990	7112
1990	7052
1990	6832
1990	6599
1990	6206
1990	6030
1990	5979
1990	5854
1990	5653
1990	5391
1990	5045
1990	4975
1990	4960
1990	4884
1990	4811
1990	4760
1990	4756
1990	4362
1990	4273
1990	4066
1990	3973
1990	3958
1990	3839
1990	3701
1990	3669
1990	3282
1990	3226
1990	3097
1990	3052
1990	3035
1990	3017
1990	2880
1990	2858
1990	2817
1990	2766
1990	2658
1990	2626
1990	2547
1990	2501
1990	2467
1990	2451
1990	2359
1990	2157
1990	2067
1990	2046
1990	2031
1990	2023
1990	2009
1990	1978
1990	1960
1990	1690
1990	1646
1990	1614
1990	1556
1990	1430
1990	1413
1990	1311
1990	1301
1990	1298
1990	1288
1990	1251
1990	1250
1990	1235
1990	1201
1990	1198
1990	1197
1990	1169
1990	1103
1990	1084
1990	1081
1990	871
1990	792
1990	647
1990	642
1990	623
1990	580
1990	512
1990	497
1990	465
1990	437
1990	434
1990	425
1990	391
1990	385
1990	381
1990	370
1990	351
1990	332
1990	310
1990	303
1990	286
1990	244
1990	231
1990	229
1990	214
1990	204
1990	198
1990	190
1990	166
1990	163
1990	155
1990	154
1990	130
1990	128
1990	122
1990	109
1990	106
1990	104
1990	101
1990	92
1990	91
1990	90
1990	87
1990	85
1990	60
1990	57
1990	51
1990	50
1990	48
1990	44
1990	44
1990	42
1990	41
1990	38
1990	35
1990	34
1990	32
1990	31
1990	31
1990	27
1990	27
1990	27
1990	26
1990	25
1990	22
1990	22
1990	22
1990	15
1990	14
1990	10
1990	9
1990	9
1990	8
1990	6
1990	6
1990	5
1990	4
1990	2
1990	1
1990	1
1990	1
1990	1
1991	328314
1991	229808
1991	193427
1991	190124
1991	113627
1991	77933
1991	61744
1991	59046
1991	58294
1991	44913
1991	42247
1991	37945
1991	35985
1991	35439
1991	33061
1991	32584
1991	31979
1991	30899
1991	29427
1991	28904
1991	25115
1991	23424
1991	23277
1991	21784
1991	21520
1991	19811
1991	17108
1991	17099
1991	15332
1991	14806
1991	14088
1991	13712
1991	12855
1991	12443
1991	12413
1991	12396
1991	11978
1991	11205
1991	10743
1991	10555
1991	10401
1991	9937
1991	9925
1991	9508
1991	7845
1991	7458
1991	7170
1991	6946
1991	6819
1991	6236
1991	6211
1991	6038
1991	5846
1991	5830
1991	5659
1991	5217
1991	5184
1991	5078
1991	5067
1991	4974
1991	4920
1991	4825
1991	4462
1991	4376
1991	4199
1991	4109
1991	4079
1991	3999
1991	3847
1991	3791
1991	3348
1991	3212
1991	3184
1991	3154
1991	3099
1991	3079
1991	3064
1991	2926
1991	2916
1991	2797
1991	2797
1991	2708
1991	2696
1991	2655
1991	2648
1991	2577
1991	2529
1991	2218
1991	2152
1991	2144
1991	2105
1991	2068
1991	2060
1991	2019
1991	1990
1991	1801
1991	1730
1991	1721
1991	1630
1991	1506
1991	1484
1991	1351
1991	1344
1991	1343
1991	1326
1991	1316
1991	1303
1991	1272
1991	1256
1991	1244
1991	1213
1991	1182
1991	1151
1991	1138
1991	1112
1991	863
1991	820
1991	679
1991	676
1991	637
1991	627
1991	525
1991	517
1991	472
1991	447
1991	447
1991	441
1991	411
1991	395
1991	395
1991	385
1991	370
1991	336
1991	314
1991	312
1991	299
1991	250
1991	243
1991	234
1991	213
1991	209
1991	204
1991	197
1991	172
1991	165
1991	163
1991	162
1991	138
1991	133
1991	124
1991	111
1991	105
1991	104
1991	95
1991	93
1991	91
1991	91
1991	86
1991	60
1991	58
1991	53
1991	52
1991	48
1991	45
1991	45
1991	44
1991	42
1991	41
1991	40
1991	35
1991	35
1991	32
1991	32
1991	32
1991	31
1991	29
1991	29
1991	27
1991	27
1991	26
1991	25
1991	22
1991	22
1991	22
1991	14
1991	14
1991	11
1991	10
1991	9
1991	9
1991	9
1991	7
1991	6
1991	5
1991	4
1991	2
1991	2
1991	1
1991	1
1991	1
1992	342877
1992	236399
1992	196267
1992	116593
1992	109433
1992	78676
1992	63259
1992	61736
1992	58799
1992	45054
1992	42502
1992	37989
1992	37602
1992	36672
1992	34588
1992	33988
1992	33310
1992	32981
1992	31655
1992	29552
1992	29409
1992	25481
1992	23886
1992	23499
1992	22702
1992	21826
1992	20503
1992	17635
1992	17355
1992	15723
1992	15005
1992	14643
1992	14253
1992	13336
1992	12799
1992	12793
1992	12413
1992	12204
1992	11440
1992	11033
1992	10752
1992	10596
1992	10155
1992	9978
1992	9977
1992	9221
1992	8499
1992	7918
1992	7877
1992	7310
1992	7235
1992	6892
1992	6804
1992	6446
1992	6109
1992	6035
1992	5938
1992	5795
1992	5482
1992	5401
1992	5332
1992	5330
1992	5118
1992	5075
1992	5043
1992	4905
1992	4649
1992	4401
1992	4393
1992	4353
1992	4189
1992	4037
1992	3996
1992	3965
1992	3917
1992	3417
1992	3324
1992	3311
1992	3199
1992	3197
1992	3191
1992	3109
1992	3016
1992	2979
1992	2940
1992	2926
1992	2911
1992	2865
1992	2853
1992	2828
1992	2800
1992	2791
1992	2629
1992	2499
1992	2497
1992	2312
1992	2283
1992	2255
1992	2237
1992	2194
1992	2165
1992	2142
1992	2053
1992	2032
1992	1923
1992	1886
1992	1848
1992	1816
1992	1807
1992	1741
1992	1705
1992	1691
1992	1668
1992	1584
1992	1570
1992	1562
1992	1409
1992	1403
1992	1401
1992	1390
1992	1356
1992	1331
1992	1323
1992	1292
1992	1286
1992	1219
1992	1198
1992	1196
1992	1182
1992	1143
1992	1136
1992	1081
1992	982
1992	854
1992	845
1992	711
1992	711
1992	669
1992	646
1992	539
1992	534
1992	478
1992	459
1992	454
1992	451
1992	430
1992	419
1992	399
1992	389
1992	388
1992	340
1992	322
1992	317
1992	310
1992	257
1992	256
1992	237
1992	214
1992	213
1992	209
1992	205
1992	179
1992	171
1992	170
1992	166
1992	147
1992	138
1992	127
1992	112
1992	108
1992	106
1992	98
1992	96
1992	95
1992	93
1992	87
1992	60
1992	59
1992	55
1992	54
1992	48
1992	46
1992	46
1992	45
1992	44
1992	42
1992	41
1992	36
1992	35
1992	34
1992	33
1992	33
1992	32
1992	31
1992	30
1992	29
1992	27
1992	26
1992	26
1992	23
1992	22
1992	22
1992	14
1992	14
1992	11
1992	10
1992	10
1992	10
1992	9
1992	7
1992	6
1992	5
1992	4
1992	2
1992	2
1992	1
1992	1
1992	1
1993	357840
1993	243021
1993	199277
1993	119553
1993	109412
1993	79352
1993	64756
1993	64534
1993	59300
1993	45207
1993	42765
1993	39268
1993	38044
1993	37915
1993	34854
1993	34528
1993	33951
1993	33931
1993	32269
1993	29909
1993	29676
1993	25831
1993	24496
1993	23616
1993	23549
1993	22133
1993	21206
1993	18169
1993	17582
1993	16114
1993	15237
1993	15201
1993	14793
1993	13789
1993	13193
1993	13162
1993	12431
1993	12363
1993	11681
1993	11542
1993	10806
1993	10475
1993	10396
1993	10018
1993	9129
1993	8608
1993	8306
1993	7979
1993	7730
1993	7300
1993	7173
1993	6929
1993	6786
1993	6662
1993	6226
1993	6220
1993	6185
1993	5756
1993	5751
1993	5622
1993	5602
1993	5443
1993	5224
1993	5159
1993	5095
1993	4993
1993	4833
1993	4709
1993	4520
1993	4410
1993	4306
1993	4144
1993	4073
1993	4047
1993	4000
1993	3591
1993	3487
1993	3458
1993	3287
1993	3237
1993	3192
1993	3179
1993	3142
1993	3141
1993	3116
1993	3087
1993	3067
1993	3035
1993	3024
1993	2943
1993	2898
1993	2861
1993	2859
1993	2739
1993	2528
1993	2482
1993	2364
1993	2350
1993	2324
1993	2291
1993	2255
1993	2248
1993	2226
1993	2056
1993	2049
1993	2045
1993	1984
1993	1904
1993	1787
1993	1781
1993	1775
1993	1761
1993	1685
1993	1666
1993	1664
1993	1646
1993	1482
1993	1482
1993	1472
1993	1467
1993	1438
1993	1412
1993	1402
1993	1341
1993	1330
1993	1295
1993	1246
1993	1221
1993	1220
1993	1212
1993	1175
1993	1150
1993	1055
1993	987
1993	867
1993	851
1993	747
1993	746
1993	707
1993	652
1993	554
1993	550
1993	516
1993	483
1993	470
1993	459
1993	458
1993	450
1993	443
1993	406
1993	404
1993	392
1993	344
1993	332
1993	320
1993	319
1993	272
1993	261
1993	240
1993	218
1993	214
1993	213
1993	212
1993	185
1993	180
1993	178
1993	167
1993	156
1993	143
1993	129
1993	113
1993	113
1993	109
1993	100
1993	99
1993	98
1993	94
1993	89
1993	61
1993	61
1993	58
1993	57
1993	48
1993	48
1993	47
1993	46
1993	45
1993	43
1993	42
1993	36
1993	36
1993	35
1993	33
1993	33
1993	33
1993	32
1993	31
1993	30
1993	27
1993	27
1993	27
1993	23
1993	23
1993	22
1993	14
1993	14
1993	12
1993	11
1993	10
1993	10
1993	9
1993	7
1993	6
1993	5
1993	4
1993	2
1993	2
1993	1
1993	1
1993	1
1994	373010
1994	249709
1994	202440
1994	122549
1994	109280
1994	79949
1994	67563
1994	66236
1994	59730
1994	45364
1994	43039
1994	40988
1994	39199
1994	38092
1994	35704
1994	34943
1994	34468
1994	34404
1994	32839
1994	30406
1994	29795
1994	26188
1994	25103
1994	24540
1994	23583
1994	22444
1994	21896
1994	18705
1994	17809
1994	16509
1994	15841
1994	15399
1994	15325
1994	14196
1994	13569
1994	13549
1994	12649
1994	12284
1994	12048
1994	11922
1994	11020
1994	10996
1994	10651
1994	10057
1994	9021
1994	8742
1994	8710
1994	8037
1994	7719
1994	7552
1994	7357
1994	6957
1994	6880
1994	6764
1994	6521
1994	6400
1994	6260
1994	6035
1994	5876
1994	5847
1994	5706
1994	5543
1994	5364
1994	5195
1994	5133
1994	5084
1994	5020
1994	5017
1994	4687
1994	4429
1994	4429
1994	4292
1994	4181
1994	4106
1994	4030
1994	3885
1994	3585
1994	3559
1994	3511
1994	3385
1994	3373
1994	3272
1994	3264
1994	3236
1994	3216
1994	3178
1994	3157
1994	3093
1994	3089
1994	3031
1994	2998
1994	2889
1994	2845
1994	2793
1994	2551
1994	2468
1994	2462
1994	2417
1994	2411
1994	2396
1994	2341
1994	2310
1994	2199
1994	2184
1994	2115
1994	2069
1994	2030
1994	1992
1994	1858
1994	1832
1994	1749
1994	1742
1994	1735
1994	1677
1994	1665
1994	1655
1994	1550
1994	1538
1994	1537
1994	1489
1994	1488
1994	1471
1994	1408
1994	1393
1994	1329
1994	1302
1994	1298
1994	1261
1994	1228
1994	1220
1994	1207
1994	1163
1994	1030
1994	991
1994	889
1994	862
1994	786
1994	783
1994	742
1994	658
1994	568
1994	566
1994	523
1994	488
1994	482
1994	470
1994	468
1994	466
1994	464
1994	422
1994	421
1994	395
1994	348
1994	343
1994	328
1994	324
1994	288
1994	267
1994	242
1994	223
1994	219
1994	218
1994	212
1994	192
1994	187
1994	185
1994	167
1994	164
1994	148
1994	132
1994	117
1994	114
1994	112
1994	103
1994	102
1994	101
1994	96
1994	91
1994	62
1994	61
1994	60
1994	59
1994	50
1994	49
1994	48
1994	47
1994	45
1994	44
1994	43
1994	38
1994	37
1994	36
1994	36
1994	34
1994	34
1994	33
1994	33
1994	31
1994	27
1994	27
1994	27
1994	23
1994	23
1994	22
1994	14
1994	13
1994	12
1994	12
1994	11
1994	10
1994	10
1994	7
1994	6
1994	5
1994	4
1994	2
1994	2
1994	1
1994	1
1994	1
1995	388270
1995	256488
1995	205734
1995	125610
1995	109103
1995	80462
1995	70896
1995	67698
1995	60043
1995	45523
1995	43333
1995	42762
1995	40542
1995	38124
1995	36568
1995	35996
1995	34943
1995	34227
1995	33443
1995	30901
1995	29908
1995	26572
1995	25706
1995	25487
1995	23608
1995	22760
1995	22558
1995	19241
1995	18060
1995	16906
1995	16435
1995	15843
1995	15601
1995	14548
1995	13954
1995	13920
1995	12849
1995	12530
1995	12195
1995	12158
1995	11539
1995	11229
1995	10924
1995	10093
1995	9180
1995	8906
1995	8810
1995	8097
1995	7929
1995	7703
1995	7399
1995	7100
1995	6979
1995	6822
1995	6737
1995	6576
1995	6327
1995	6319
1995	6151
1995	6072
1995	5664
1995	5623
1995	5493
1995	5325
1995	5222
1995	5202
1995	5175
1995	5164
1995	4845
1995	4559
1995	4447
1995	4438
1995	4318
1995	4178
1995	4135
1995	4054
1995	3785
1995	3708
1995	3629
1995	3599
1995	3482
1995	3427
1995	3387
1995	3316
1995	3309
1995	3225
1995	3215
1995	3136
1995	3131
1995	3094
1995	3035
1995	2937
1995	2919
1995	2729
1995	2567
1995	2563
1995	2507
1995	2500
1995	2482
1995	2442
1995	2430
1995	2394
1995	2353
1995	2230
1995	2129
1995	2091
1995	2077
1995	2009
1995	1935
1995	1876
1995	1840
1995	1828
1995	1713
1995	1669
1995	1668
1995	1618
1995	1605
1995	1600
1995	1597
1995	1581
1995	1542
1995	1534
1995	1448
1995	1368
1995	1358
1995	1334
1995	1311
1995	1310
1995	1246
1995	1239
1995	1222
1995	1173
1995	1008
1995	995
1995	913
1995	893
1995	833
1995	819
1995	777
1995	664
1995	582
1995	582
1995	533
1995	494
1995	494
1995	492
1995	492
1995	477
1995	472
1995	462
1995	439
1995	399
1995	353
1995	352
1995	336
1995	327
1995	304
1995	272
1995	245
1995	227
1995	226
1995	222
1995	212
1995	199
1995	193
1995	192
1995	172
1995	167
1995	153
1995	134
1995	121
1995	116
1995	115
1995	107
1995	105
1995	104
1995	97
1995	93
1995	64
1995	62
1995	61
1995	61
1995	52
1995	52
1995	48
1995	47
1995	45
1995	45
1995	44
1995	39
1995	38
1995	37
1995	36
1995	35
1995	34
1995	34
1995	33
1995	33
1995	28
1995	27
1995	27
1995	24
1995	23
1995	22
1995	15
1995	13
1995	12
1995	12
1995	11
1995	10
1995	10
1995	7
1995	6
1995	5
1995	4
1995	2
1995	2
1995	1
1995	1
1995	1
1996	403420
1996	263375
1996	209163
1996	128748
1996	108911
1996	80882
1996	74607
1996	69143
1996	60215
1996	45682
1996	44593
1996	43639
1996	41958
1996	38136
1996	37463
1996	37128
1996	35357
1996	34107
1996	33996
1996	31393
1996	30009
1996	26989
1996	26460
1996	26302
1996	23629
1996	23183
1996	23082
1996	19774
1996	18341
1996	17306
1996	17008
1996	16343
1996	15810
1996	14832
1996	14381
1996	14243
1996	13028
1996	12977
1996	12386
1996	12101
1996	12099
1996	11429
1996	11216
1996	10124
1996	9619
1996	8911
1996	8788
1996	8298
1996	8160
1996	7682
1996	7424
1996	7322
1996	7128
1996	6996
1996	6748
1996	6705
1996	6607
1996	6428
1996	6385
1996	6299
1996	5679
1996	5627
1996	5618
1996	5610
1996	5387
1996	5264
1996	5237
1996	5188
1996	4992
1996	4697
1996	4580
1996	4466
1996	4462
1996	4458
1996	4162
1996	4073
1996	3999
1996	3826
1996	3815
1996	3698
1996	3577
1996	3546
1996	3538
1996	3416
1996	3349
1996	3337
1996	3255
1996	3187
1996	3175
1996	3099
1996	3039
1996	3011
1996	2946
1996	2673
1996	2659
1996	2626
1996	2589
1996	2562
1996	2545
1996	2522
1996	2519
1996	2478
1996	2422
1996	2324
1996	2160
1996	2116
1996	2085
1996	2013
1996	1982
1996	1944
1996	1926
1996	1916
1996	1709
1996	1689
1996	1680
1996	1680
1996	1672
1996	1658
1996	1626
1996	1601
1996	1598
1996	1596
1996	1506
1996	1426
1996	1373
1996	1371
1996	1344
1996	1319
1996	1271
1996	1264
1996	1227
1996	1180
1996	999
1996	991
1996	947
1996	938
1996	888
1996	855
1996	811
1996	672
1996	598
1996	595
1996	548
1996	538
1996	520
1996	515
1996	508
1996	496
1996	490
1996	483
1996	455
1996	403
1996	362
1996	355
1996	343
1996	331
1996	321
1996	278
1996	248
1996	232
1996	230
1996	226
1996	212
1996	206
1996	201
1996	195
1996	179
1996	166
1996	158
1996	136
1996	125
1996	117
1996	117
1996	112
1996	107
1996	107
1996	98
1996	95
1996	65
1996	65
1996	62
1996	61
1996	54
1996	54
1996	48
1996	47
1996	46
1996	45
1996	44
1996	40
1996	40
1996	38
1996	37
1996	35
1996	35
1996	34
1996	34
1996	33
1996	29
1996	27
1996	27
1996	24
1996	24
1996	22
1996	15
1996	14
1996	13
1996	13
1996	11
1996	10
1996	10
1996	7
1996	6
1996	5
1996	4
1996	2
1996	2
1996	1
1996	1
1996	1
1997	418531
1997	270360
1997	212711
1997	131947
1997	108693
1997	81215
1997	78624
1997	70567
1997	60262
1997	46481
1997	45843
1997	43965
1997	43434
1997	38382
1997	38327
1997	38135
1997	35711
1997	34817
1997	33719
1997	31881
1997	30109
1997	27456
1997	27437
1997	26893
1997	23773
1997	23645
1997	23408
1997	20304
1997	18647
1997	17708
1997	17565
1997	16827
1997	16026
1997	15063
1997	14829
1997	14541
1997	13399
1997	13188
1997	12683
1997	12608
1997	11996
1997	11623
1997	11528
1997	10152
1997	10060
1997	9013
1997	8668
1997	8661
1997	8225
1997	7658
1997	7545
1997	7438
1997	7433
1997	7008
1997	6915
1997	6899
1997	6707
1997	6669
1997	6527
1997	6436
1997	5902
1997	5716
1997	5713
1997	5594
1997	5573
1997	5354
1997	5242
1997	5205
1997	5130
1997	4843
1997	4741
1997	4720
1997	4603
1997	4485
1997	4185
1997	4163
1997	4088
1997	4022
1997	3939
1997	3769
1997	3690
1997	3671
1997	3626
1997	3516
1997	3429
1997	3392
1997	3297
1997	3275
1997	3207
1997	3070
1997	3063
1997	3042
1997	2973
1997	2753
1997	2746
1997	2696
1997	2679
1997	2624
1997	2616
1997	2606
1997	2562
1997	2552
1997	2402
1997	2401
1997	2241
1997	2143
1997	2089
1997	2061
1997	2051
1997	2026
1997	1954
1997	1951
1997	1813
1997	1787
1997	1740
1997	1696
1997	1673
1997	1669
1997	1653
1997	1649
1997	1648
1997	1633
1997	1567
1997	1502
1997	1445
1997	1410
1997	1359
1997	1328
1997	1302
1997	1283
1997	1234
1997	1185
1997	1022
1997	1002
1997	977
1997	966
1997	951
1997	890
1997	844
1997	680
1997	654
1997	615
1997	609
1997	568
1997	548
1997	540
1997	524
1997	507
1997	500
1997	500
1997	471
1997	407
1997	370
1997	358
1997	350
1997	339
1997	335
1997	284
1997	251
1997	238
1997	234
1997	231
1997	212
1997	211
1997	209
1997	196
1997	185
1997	165
1997	164
1997	138
1997	129
1997	119
1997	119
1997	118
1997	111
1997	110
1997	99
1997	97
1997	67
1997	67
1997	62
1997	61
1997	57
1997	56
1997	48
1997	48
1997	48
1997	45
1997	44
1997	42
1997	41
1997	38
1997	37
1997	36
1997	36
1997	35
1997	35
1997	34
1997	31
1997	27
1997	26
1997	24
1997	24
1997	22
1997	15
1997	14
1997	13
1997	13
1997	11
1997	10
1997	10
1997	8
1997	6
1997	5
1997	4
1997	2
1997	2
1997	1
1997	1
1997	1
1998	434071
1998	277413
1998	216318
1998	135184
1998	108430
1998	82693
1998	81487
1998	71967
1998	60229
1998	48437
1998	46011
1998	44943
1998	44342
1998	39562
1998	39319
1998	38145
1998	36022
1998	35565
1998	33415
1998	32362
1998	30237
1998	28475
1998	27916
1998	27481
1998	24339
1998	23734
1998	23655
1998	20832
1998	18976
1998	18117
1998	18110
1998	17303
1998	16248
1998	15293
1998	15287
1998	14820
1998	13822
1998	13333
1998	13281
1998	12825
1998	11898
1998	11851
1998	11810
1998	10504
1998	10180
1998	9111
1998	9022
1998	8557
1998	8289
1998	7778
1998	7755
1998	7631
1998	7434
1998	7197
1998	7082
1998	7018
1998	6991
1998	6757
1998	6634
1998	6482
1998	6187
1998	5813
1998	5763
1998	5729
1998	5565
1998	5443
1998	5259
1998	5244
1998	5220
1998	5017
1998	4995
1998	4857
1998	4752
1998	4505
1998	4299
1998	4225
1998	4207
1998	4103
1998	4044
1998	3845
1998	3841
1998	3761
1998	3680
1998	3619
1998	3503
1998	3438
1998	3358
1998	3339
1998	3237
1998	3119
1998	3043
1998	3027
1998	2996
1998	2890
1998	2883
1998	2836
1998	2770
1998	2715
1998	2665
1998	2647
1998	2579
1998	2534
1998	2465
1998	2382
1998	2322
1998	2186
1998	2174
1998	2165
1998	2126
1998	2026
1998	1991
1998	1929
1998	1915
1998	1896
1998	1807
1998	1749
1998	1731
1998	1714
1998	1712
1998	1652
1998	1641
1998	1631
1998	1627
1998	1584
1998	1527
1998	1473
1998	1383
1998	1339
1998	1334
1998	1303
1998	1245
1998	1188
1998	1109
1998	1020
1998	1005
1998	995
1998	967
1998	924
1998	875
1998	802
1998	690
1998	632
1998	621
1998	591
1998	576
1998	565
1998	540
1998	524
1998	520
1998	503
1998	487
1998	412
1998	377
1998	361
1998	356
1998	356
1998	339
1998	290
1998	254
1998	244
1998	237
1998	235
1998	219
1998	217
1998	211
1998	195
1998	191
1998	170
1998	164
1998	140
1998	133
1998	126
1998	122
1998	121
1998	115
1998	113
1998	99
1998	99
1998	70
1998	70
1998	62
1998	60
1998	59
1998	59
1998	49
1998	48
1998	47
1998	45
1998	44
1998	44
1998	41
1998	39
1998	38
1998	37
1998	37
1998	36
1998	35
1998	34
1998	33
1998	27
1998	25
1998	24
1998	24
1998	22
1998	15
1998	15
1998	14
1998	13
1998	11
1998	10
1998	10
1998	8
1998	6
1998	5
1998	4
1998	2
1998	2
1998	1
1998	1
1998	1
1999	450707
1999	284490
1999	219908
1999	138419
1999	108087
1999	86451
1999	81736
1999	73342
1999	60182
1999	50469
1999	46439
1999	46191
1999	44813
1999	40782
1999	40260
1999	38195
1999	36332
1999	36318
1999	33112
1999	32831
1999	30433
1999	29514
1999	28422
1999	28069
1999	24898
1999	24057
1999	23653
1999	21359
1999	19318
1999	18686
1999	18505
1999	17778
1999	16475
1999	15742
1999	15591
1999	15089
1999	14283
1999	13891
1999	13469
1999	13040
1999	12177
1999	11996
1999	11817
1999	10957
1999	10211
1999	9390
1999	9199
1999	8470
1999	8346
1999	8083
1999	8030
1999	7604
1999	7503
1999	7436
1999	7286
1999	7257
1999	7026
1999	6988
1999	6607
1999	6523
1999	6490
1999	5960
1999	5906
1999	5735
1999	5540
1999	5532
1999	5382
1999	5296
1999	5250
1999	5235
1999	5149
1999	4996
1999	4908
1999	4524
1999	4441
1999	4434
1999	4229
1999	4139
1999	4123
1999	4003
1999	3916
1999	3845
1999	3725
1999	3725
1999	3562
1999	3490
1999	3433
1999	3379
1999	3268
1999	3166
1999	3078
1999	3042
1999	3039
1999	3016
1999	2994
1999	2943
1999	2863
1999	2818
1999	2735
1999	2722
1999	2537
1999	2526
1999	2517
1999	2407
1999	2363
1999	2312
1999	2240
1999	2219
1999	2209
1999	2056
1999	2026
1999	2006
1999	2003
1999	1876
1999	1875
1999	1832
1999	1823
1999	1771
1999	1731
1999	1698
1999	1668
1999	1638
1999	1636
1999	1620
1999	1614
1999	1540
1999	1420
1999	1364
1999	1353
1999	1321
1999	1260
1999	1193
1999	1191
1999	1093
1999	1025
1999	1006
1999	963
1999	958
1999	957
1999	906
1999	700
1999	648
1999	634
1999	620
1999	606
1999	589
1999	554
1999	541
1999	540
1999	507
1999	506
1999	416
1999	383
1999	374
1999	364
1999	362
1999	342
1999	296
1999	257
1999	253
1999	241
1999	239
1999	226
1999	225
1999	211
1999	197
1999	196
1999	175
1999	162
1999	142
1999	136
1999	135
1999	124
1999	123
1999	119
1999	116
1999	101
1999	100
1999	73
1999	72
1999	63
1999	62
1999	60
1999	59
1999	50
1999	48
1999	47
1999	46
1999	46
1999	44
1999	42
1999	39
1999	39
1999	38
1999	38
1999	36
1999	35
1999	35
1999	35
1999	27
1999	25
1999	25
1999	24
1999	22
1999	16
1999	15
1999	15
1999	13
1999	11
1999	11
1999	10
1999	8
1999	6
1999	5
1999	4
1999	2
1999	2
1999	1
1999	1
1999	1
2000	468861
2000	291558
2000	223423
2000	141619
2000	107647
2000	89627
2000	81990
2000	74692
2000	60170
2000	52587
2000	47892
2000	46389
2000	45405
2000	41950
2000	41193
2000	38307
2000	37101
2000	36616
2000	33284
2000	32828
2000	30725
2000	30571
2000	28951
2000	28660
2000	25464
2000	24374
2000	23639
2000	21886
2000	19669
2000	19286
2000	18890
2000	18262
2000	16705
2000	16183
2000	16006
2000	15357
2000	14809
2000	14512
2000	13602
2000	13253
2000	12497
2000	12183
2000	11763
2000	11421
2000	9882
2000	9771
2000	9273
2000	8424
2000	8417
2000	8395
2000	8306
2000	7817
2000	7594
2000	7579
2000	7445
2000	7444
2000	7220
2000	7033
2000	6822
2000	6593
2000	6563
2000	6167
2000	5998
2000	5739
2000	5623
2000	5586
2000	5516
2000	5500
2000	5305
2000	5267
2000	5256
2000	5137
2000	5071
2000	4655
2000	4616
2000	4544
2000	4252
2000	4223
2000	4167
2000	4152
2000	3995
2000	3919
2000	3835
2000	3778
2000	3610
2000	3550
2000	3500
2000	3417
2000	3305
2000	3277
2000	3218
2000	3201
2000	3078
2000	3039
2000	3031
2000	2967
2000	2957
2000	2925
2000	2827
2000	2777
2000	2591
2000	2504
2000	2498
2000	2498
2000	2435
2000	2345
2000	2314
2000	2302
2000	2250
2000	2194
2000	2104
2000	2062
2000	1989
2000	1945
2000	1922
2000	1906
2000	1831
2000	1829
2000	1768
2000	1751
2000	1744
2000	1704
2000	1635
2000	1623
2000	1620
2000	1597
2000	1471
2000	1393
2000	1371
2000	1338
2000	1282
2000	1262
2000	1193
2000	1169
2000	1115
2000	1057
2000	1008
2000	990
2000	951
2000	936
2000	710
2000	664
2000	652
2000	648
2000	637
2000	614
2000	564
2000	561
2000	556
2000	527
2000	510
2000	420
2000	392
2000	389
2000	368
2000	367
2000	365
2000	346
2000	303
2000	264
2000	260
2000	244
2000	241
2000	234
2000	233
2000	210
2000	202
2000	201
2000	181
2000	162
2000	145
2000	144
2000	140
2000	125
2000	124
2000	124
2000	120
2000	103
2000	101
2000	76
2000	75
2000	64
2000	63
2000	62
2000	60
2000	51
2000	49
2000	48
2000	47
2000	46
2000	44
2000	42
2000	40
2000	40
2000	40
2000	39
2000	37
2000	36
2000	36
2000	35
2000	27
2000	25
2000	25
2000	24
2000	23
2000	17
2000	16
2000	15
2000	13
2000	12
2000	11
2000	10
2000	8
2000	6
2000	5
2000	4
2000	2
2000	2
2000	1
2000	1
2000	1
2001	488802
2001	298609
2001	226834
2001	144780
2001	107103
2001	92092
2001	82259
2001	76016
2001	60207
2001	54797
2001	49289
2001	46605
2001	46133
2001	43053
2001	42119
2001	38487
2001	37878
2001	36927
2001	33719
2001	32574
2001	31650
2001	31123
2001	29505
2001	29255
2001	26039
2001	24681
2001	23612
2001	22414
2001	20028
2001	19921
2001	19265
2001	18757
2001	16936
2001	16607
2001	16559
2001	15626
2001	15410
2001	15141
2001	13732
2001	13465
2001	12808
2001	12370
2001	11899
2001	11739
2001	10169
2001	9921
2001	9332
2001	8780
2001	8609
2001	8434
2001	8403
2001	8141
2001	7917
2001	7645
2001	7554
2001	7463
2001	7453
2001	7190
2001	7042
2001	6602
2001	6595
2001	6386
2001	6091
2001	5885
2001	5740
2001	5714
2001	5611
2001	5495
2001	5461
2001	5296
2001	5282
2001	5281
2001	5242
2001	4892
2001	4833
2001	4563
2001	4338
2001	4296
2001	4276
2001	4192
2001	4077
2001	3981
2001	3951
2001	3839
2001	3646
2001	3622
2001	3557
2001	3480
2001	3449
2001	3377
2001	3350
2001	3276
2001	3246
2001	3052
2001	3041
2001	3039
2001	3035
2001	2948
2001	2923
2001	2830
2001	2661
2001	2597
2001	2541
2001	2498
2001	2461
2001	2386
2001	2372
2001	2342
2001	2328
2001	2296
2001	2198
2001	2097
2001	2020
2001	2014
2001	1977
2001	1974
2001	1886
2001	1840
2001	1833
2001	1797
2001	1783
2001	1751
2001	1640
2001	1638
2001	1630
2001	1610
2001	1539
2001	1421
2001	1393
2001	1352
2001	1313
2001	1311
2001	1246
2001	1245
2001	1195
2001	1089
2001	1022
2001	1008
2001	964
2001	945
2001	720
2001	689
2001	679
2001	669
2001	661
2001	637
2001	578
2001	570
2001	568
2001	553
2001	514
2001	424
2001	410
2001	394
2001	375
2001	370
2001	368
2001	348
2001	309
2001	280
2001	263
2001	248
2001	242
2001	242
2001	239
2001	210
2001	210
2001	208
2001	187
2001	163
2001	156
2001	147
2001	144
2001	129
2001	127
2001	126
2001	123
2001	104
2001	101
2001	80
2001	78
2001	67
2001	63
2001	62
2001	61
2001	52
2001	50
2001	49
2001	47
2001	46
2001	44
2001	43
2001	43
2001	42
2001	41
2001	39
2001	37
2001	37
2001	36
2001	35
2001	28
2001	26
2001	25
2001	24
2001	23
2001	18
2001	17
2001	15
2001	14
2001	12
2001	11
2001	10
2001	8
2001	6
2001	5
2001	4
2001	2
2001	2
2001	1
2001	1
2001	1
2002	510198
2002	305667
2002	230147
2002	147896
2002	106489
2002	93918
2002	82540
2002	77317
2002	60279
2002	57100
2002	50644
2002	46983
2002	46838
2002	44101
2002	43044
2002	38727
2002	38675
2002	37251
2002	34140
2002	32751
2002	32349
2002	31615
2002	30086
2002	29853
2002	26618
2002	24980
2002	23577
2002	22941
2002	20587
2002	20400
2002	19629
2002	19260
2002	17233
2002	17171
2002	17020
2002	16082
2002	15897
2002	15775
2002	13858
2002	13675
2002	13112
2002	12555
2002	12390
2002	11746
2002	10581
2002	9966
2002	9378
2002	9149
2002	8937
2002	8474
2002	8464
2002	8426
2002	8257
2002	7859
2002	7688
2002	7590
2002	7530
2002	7489
2002	7052
2002	6638
2002	6617
2002	6609
2002	6193
2002	6183
2002	5806
2002	5738
2002	5715
2002	5617
2002	5477
2002	5428
2002	5421
2002	5335
2002	5315
2002	5142
2002	5084
2002	4583
2002	4516
2002	4359
2002	4301
2002	4242
2002	4162
2002	4073
2002	4032
2002	3908
2002	3705
2002	3688
2002	3669
2002	3605
2002	3568
2002	3479
2002	3444
2002	3401
2002	3338
2002	3159
2002	3150
2002	3045
2002	3029
2002	3025
2002	2934
2002	2882
2002	2734
2002	2704
2002	2640
2002	2503
2002	2496
2002	2456
2002	2431
2002	2427
2002	2348
2002	2313
2002	2283
2002	2132
2002	2126
2002	2084
2002	2033
2002	1969
2002	1942
2002	1915
2002	1913
2002	1894
2002	1756
2002	1733
2002	1669
2002	1650
2002	1647
2002	1623
2002	1598
2002	1447
2002	1419
2002	1366
2002	1357
2002	1349
2002	1346
2002	1324
2002	1197
2002	1123
2002	1054
2002	1008
2002	992
2002	941
2002	731
2002	730
2002	703
2002	694
2002	676
2002	660
2002	594
2002	582
2002	582
2002	567
2002	518
2002	428
2002	427
2002	398
2002	382
2002	374
2002	371
2002	350
2002	316
2002	298
2002	266
2002	252
2002	249
2002	246
2002	242
2002	222
2002	215
2002	210
2002	193
2002	168
2002	164
2002	149
2002	148
2002	135
2002	129
2002	128
2002	128
2002	106
2002	102
2002	84
2002	81
2002	70
2002	63
2002	63
2002	63
2002	54
2002	52
2002	50
2002	46
2002	46
2002	45
2002	44
2002	44
2002	44
2002	42
2002	39
2002	38
2002	37
2002	36
2002	35
2002	28
2002	27
2002	25
2002	24
2002	23
2002	20
2002	18
2002	15
2002	14
2002	12
2002	12
2002	10
2002	8
2002	6
2002	5
2002	4
2002	2
2002	2
2002	1
2002	1
2002	1
2003	532136
2003	312775
2003	233381
2003	150937
2003	105866
2003	95294
2003	82826
2003	78612
2003	60373
2003	59497
2003	51977
2003	47910
2003	47091
2003	45112
2003	43971
2003	39489
2003	39016
2003	37587
2003	34548
2003	33866
2003	32168
2003	32151
2003	30688
2003	30455
2003	27197
2003	25273
2003	23536
2003	23466
2003	21281
2003	20780
2003	19985
2003	19773
2003	17984
2003	17431
2003	17419
2003	16819
2003	16409
2003	16175
2003	13980
2003	13882
2003	13417
2003	12903
2003	12737
2003	11779
2003	11001
2003	10016
2003	9532
2003	9419
2003	9278
2003	8816
2003	8616
2003	8487
2003	8483
2003	8083
2003	8016
2003	7928
2003	7523
2003	7513
2003	7064
2003	6861
2003	6674
2003	6633
2003	6508
2003	6278
2003	5897
2003	5819
2003	5773
2003	5738
2003	5607
2003	5577
2003	5461
2003	5407
2003	5381
2003	5355
2003	5353
2003	4702
2003	4603
2003	4414
2003	4328
2003	4299
2003	4251
2003	4200
2003	4086
2003	3987
2003	3900
2003	3800
2003	3772
2003	3682
2003	3665
2003	3647
2003	3507
2003	3455
2003	3400
2003	3287
2003	3248
2003	3130
2003	3047
2003	3022
2003	2932
2003	2927
2003	2816
2003	2813
2003	2772
2003	2676
2003	2525
2003	2499
2003	2484
2003	2404
2003	2397
2003	2361
2003	2300
2003	2238
2003	2167
2003	2154
2003	2090
2003	2000
2003	1997
2003	1994
2003	1993
2003	1966
2003	1759
2003	1716
2003	1691
2003	1686
2003	1673
2003	1665
2003	1588
2003	1473
2003	1450
2003	1448
2003	1405
2003	1385
2003	1378
2003	1377
2003	1199
2003	1158
2003	1085
2003	1019
2003	1007
2003	938
2003	775
2003	742
2003	738
2003	708
2003	690
2003	682
2003	622
2003	615
2003	592
2003	572
2003	523
2003	445
2003	432
2003	401
2003	389
2003	377
2003	374
2003	352
2003	322
2003	318
2003	269
2003	257
2003	256
2003	253
2003	242
2003	236
2003	222
2003	211
2003	199
2003	180
2003	166
2003	152
2003	152
2003	141
2003	132
2003	131
2003	129
2003	108
2003	102
2003	89
2003	83
2003	73
2003	66
2003	64
2003	63
2003	55
2003	54
2003	50
2003	48
2003	47
2003	46
2003	45
2003	45
2003	45
2003	43
2003	39
2003	39
2003	38
2003	36
2003	35
2003	28
2003	27
2003	25
2003	24
2003	23
2003	22
2003	18
2003	15
2003	15
2003	13
2003	13
2003	10
2003	8
2003	6
2003	5
2003	5
2003	2
2003	2
2003	1
2003	1
2003	1
2004	553332
2004	319994
2004	236573
2004	153867
2004	105319
2004	96525
2004	83106
2004	79920
2004	61985
2004	60468
2004	53321
2004	48848
2004	47368
2004	46115
2004	44905
2004	40315
2004	39335
2004	37928
2004	34982
2004	34950
2004	32739
2004	31973
2004	31304
2004	31060
2004	27771
2004	25568
2004	23989
2004	23494
2004	21997
2004	21163
2004	20335
2004	20295
2004	18745
2004	17855
2004	17691
2004	17606
2004	17035
2004	16467
2004	14094
2004	14086
2004	13736
2004	13445
2004	12912
2004	11830
2004	11420
2004	10071
2004	9928
2004	9617
2004	9463
2004	9167
2004	8995
2004	8564
2004	8501
2004	8454
2004	8311
2004	8178
2004	7564
2004	7506
2004	7118
2004	7076
2004	6832
2004	6711
2004	6660
2004	6375
2004	5987
2004	5931
2004	5929
2004	5801
2004	5741
2004	5726
2004	5685
2004	5627
2004	5446
2004	5429
2004	5393
2004	4896
2004	4626
2004	4464
2004	4361
2004	4357
2004	4345
2004	4333
2004	4160
2004	4118
2004	4078
2004	3989
2004	3903
2004	3894
2004	3688
2004	3687
2004	3541
2004	3508
2004	3458
2004	3423
2004	3348
2004	3237
2004	3049
2004	3016
2004	2995
2004	2982
2004	2933
2004	2923
2004	2896
2004	2861
2004	2594
2004	2538
2004	2503
2004	2460
2004	2435
2004	2371
2004	2354
2004	2288
2004	2223
2004	2205
2004	2152
2004	2106
2004	2076
2004	2074
2004	2061
2004	1965
2004	1810
2004	1763
2004	1710
2004	1706
2004	1682
2004	1649
2004	1577
2004	1532
2004	1500
2004	1488
2004	1481
2004	1427
2004	1414
2004	1387
2004	1201
2004	1194
2004	1116
2004	1047
2004	1006
2004	936
2004	823
2004	774
2004	754
2004	721
2004	705
2004	704
2004	682
2004	652
2004	603
2004	594
2004	527
2004	462
2004	435
2004	405
2004	397
2004	380
2004	378
2004	354
2004	338
2004	329
2004	272
2004	264
2004	261
2004	260
2004	250
2004	242
2004	229
2004	211
2004	205
2004	192
2004	168
2004	156
2004	155
2004	147
2004	137
2004	132
2004	131
2004	110
2004	103
2004	94
2004	86
2004	76
2004	68
2004	64
2004	62
2004	56
2004	55
2004	51
2004	50
2004	47
2004	47
2004	46
2004	46
2004	45
2004	43
2004	39
2004	39
2004	38
2004	36
2004	35
2004	29
2004	28
2004	26
2004	25
2004	24
2004	23
2004	19
2004	16
2004	15
2004	13
2004	13
2004	10
2004	9
2004	6
2004	5
2004	5
2004	2
2004	2
2004	1
2004	1
2004	1
2005	572857
2005	327378
2005	239751
2005	156658
2005	104905
2005	97853
2005	83371
2005	81256
2005	64562
2005	60548
2005	54703
2005	49746
2005	47669
2005	47131
2005	45850
2005	41150
2005	39668
2005	38268
2005	36092
2005	35351
2005	33293
2005	31927
2005	31810
2005	31670
2005	28333
2005	25866
2005	24509
2005	23455
2005	22731
2005	21546
2005	20826
2005	20679
2005	19467
2005	18436
2005	18303
2005	17994
2005	17648
2005	16779
2005	14286
2005	14201
2005	14080
2005	14023
2005	13077
2005	11893
2005	11829
2005	10336
2005	10130
2005	9941
2005	9526
2005	9516
2005	9398
2005	8897
2005	8663
2005	8541
2005	8508
2005	8440
2005	7613
2005	7514
2005	7387
2005	7166
2005	7089
2005	6750
2005	6686
2005	6477
2005	6086
2005	6075
2005	6055
2005	6001
2005	5975
2005	5885
2005	5873
2005	5752
2005	5474
2005	5434
2005	5431
2005	5098
2005	4653
2005	4509
2005	4472
2005	4443
2005	4426
2005	4388
2005	4343
2005	4266
2005	4216
2005	4183
2005	4121
2005	4012
2005	3730
2005	3693
2005	3583
2005	3567
2005	3557
2005	3509
2005	3449
2005	3348
2005	3347
2005	3058
2005	3054
2005	3054
2005	3034
2005	3011
2005	2983
2005	2923
2005	2662
2005	2598
2005	2515
2005	2508
2005	2506
2005	2472
2005	2349
2005	2293
2005	2276
2005	2246
2005	2225
2005	2223
2005	2160
2005	2159
2005	2126
2005	1965
2005	1898
2005	1769
2005	1746
2005	1730
2005	1701
2005	1626
2005	1614
2005	1576
2005	1568
2005	1530
2005	1515
2005	1468
2005	1466
2005	1395
2005	1231
2005	1204
2005	1146
2005	1076
2005	1005
2005	934
2005	871
2005	810
2005	783
2005	767
2005	734
2005	729
2005	717
2005	691
2005	641
2005	614
2005	530
2005	481
2005	439
2005	410
2005	405
2005	384
2005	383
2005	356
2005	355
2005	335
2005	276
2005	271
2005	267
2005	265
2005	264
2005	242
2005	237
2005	211
2005	211
2005	204
2005	171
2005	161
2005	157
2005	153
2005	141
2005	134
2005	132
2005	112
2005	103
2005	100
2005	89
2005	80
2005	70
2005	64
2005	61
2005	57
2005	57
2005	52
2005	51
2005	50
2005	47
2005	47
2005	46
2005	46
2005	44
2005	40
2005	38
2005	38
2005	36
2005	35
2005	29
2005	28
2005	27
2005	26
2005	24
2005	23
2005	19
2005	16
2005	15
2005	14
2005	14
2005	10
2005	9
2005	6
2005	5
2005	5
2005	2
2005	2
2005	1
2005	1
2006	590322
2006	334948
2006	242914
2006	159292
2006	104649
2006	99348
2006	83622
2006	82624
2006	67231
2006	60614
2006	56128
2006	50586
2006	48165
2006	47996
2006	46806
2006	41994
2006	40016
2006	38610
2006	37189
2006	35750
2006	33822
2006	32556
2006	32283
2006	31663
2006	28885
2006	26171
2006	25026
2006	23484
2006	23419
2006	21927
2006	21366
2006	21017
2006	20136
2006	19307
2006	18778
2006	18335
2006	18242
2006	17113
2006	14643
2006	14482
2006	14450
2006	14300
2006	13232
2006	12225
2006	11968
2006	10756
2006	10248
2006	10192
2006	9893
2006	9826
2006	9582
2006	9340
2006	8780
2006	8770
2006	8717
2006	8508
2006	7671
2006	7671
2006	7538
2006	7509
2006	7102
2006	6791
2006	6709
2006	6585
2006	6278
2006	6243
2006	6207
2006	6196
2006	6161
2006	6124
2006	6020
2006	5517
2006	5476
2006	5416
2006	5385
2006	5309
2006	4683
2006	4618
2006	4575
2006	4551
2006	4548
2006	4491
2006	4453
2006	4422
2006	4410
2006	4343
2006	4305
2006	4127
2006	3853
2006	3776
2006	3721
2006	3696
2006	3634
2006	3603
2006	3553
2006	3551
2006	3457
2006	3267
2006	3179
2006	3087
2006	3077
2006	3063
2006	3007
2006	2927
2006	2730
2006	2665
2006	2591
2006	2574
2006	2568
2006	2513
2006	2361
2006	2349
2006	2332
2006	2312
2006	2291
2006	2265
2006	2249
2006	2247
2006	2197
2006	1977
2006	1967
2006	1794
2006	1780
2006	1751
2006	1720
2006	1694
2006	1667
2006	1619
2006	1562
2006	1558
2006	1551
2006	1537
2006	1509
2006	1403
2006	1269
2006	1207
2006	1176
2006	1105
2006	1005
2006	934
2006	933
2006	920
2006	848
2006	782
2006	755
2006	747
2006	733
2006	730
2006	718
2006	626
2006	533
2006	500
2006	442
2006	416
2006	414
2006	392
2006	388
2006	386
2006	373
2006	356
2006	341
2006	280
2006	278
2006	275
2006	274
2006	270
2006	244
2006	243
2006	217
2006	215
2006	212
2006	174
2006	166
2006	159
2006	158
2006	145
2006	136
2006	133
2006	114
2006	105
2006	103
2006	91
2006	83
2006	72
2006	64
2006	60
2006	59
2006	59
2006	54
2006	52
2006	52
2006	48
2006	48
2006	46
2006	46
2006	45
2006	41
2006	39
2006	38
2006	37
2006	35
2006	30
2006	29
2006	29
2006	26
2006	25
2006	24
2006	19
2006	16
2006	16
2006	14
2006	14
2006	10
2006	9
2006	6
2006	5
2006	5
2006	2
2006	2
2006	1
2006	1
2007	605988
2007	342714
2007	246055
2007	161774
2007	104534
2007	100959
2007	84021
2007	83864
2007	69996
2007	60673
2007	57595
2007	51375
2007	49209
2007	48348
2007	47771
2007	42851
2007	40376
2007	38956
2007	38278
2007	36148
2007	34329
2007	33192
2007	32899
2007	31535
2007	29426
2007	26480
2007	25540
2007	24256
2007	23388
2007	22307
2007	21915
2007	21351
2007	20765
2007	20225
2007	19277
2007	18819
2007	18707
2007	17469
2007	15303
2007	14845
2007	14675
2007	14393
2007	13377
2007	12612
2007	12055
2007	11189
2007	10539
2007	10282
2007	10269
2007	10257
2007	9786
2007	9658
2007	9007
2007	8999
2007	8914
2007	8502
2007	7970
2007	7864
2007	7737
2007	7577
2007	7116
2007	6835
2007	6731
2007	6698
2007	6597
2007	6421
2007	6401
2007	6352
2007	6349
2007	6245
2007	6166
2007	5558
2007	5529
2007	5519
2007	5414
2007	5401
2007	4814
2007	4770
2007	4717
2007	4701
2007	4658
2007	4592
2007	4585
2007	4560
2007	4559
2007	4487
2007	4458
2007	4441
2007	4249
2007	3885
2007	3825
2007	3699
2007	3693
2007	3653
2007	3645
2007	3591
2007	3569
2007	3489
2007	3308
2007	3177
2007	3141
2007	3074
2007	3004
2007	2935
2007	2798
2007	2740
2007	2712
2007	2640
2007	2619
2007	2519
2007	2483
2007	2430
2007	2407
2007	2342
2007	2338
2007	2337
2007	2320
2007	2273
2007	2254
2007	2049
2007	1970
2007	1851
2007	1793
2007	1771
2007	1770
2007	1761
2007	1739
2007	1625
2007	1625
2007	1596
2007	1589
2007	1549
2007	1548
2007	1409
2007	1309
2007	1210
2007	1206
2007	1135
2007	1126
2007	1004
2007	970
2007	932
2007	886
2007	819
2007	799
2007	782
2007	777
2007	760
2007	742
2007	638
2007	536
2007	520
2007	445
2007	423
2007	423
2007	401
2007	389
2007	388
2007	388
2007	358
2007	347
2007	285
2007	285
2007	285
2007	281
2007	275
2007	252
2007	245
2007	225
2007	223
2007	213
2007	177
2007	170
2007	163
2007	161
2007	150
2007	138
2007	135
2007	116
2007	110
2007	104
2007	94
2007	87
2007	73
2007	65
2007	61
2007	60
2007	59
2007	55
2007	54
2007	52
2007	49
2007	48
2007	47
2007	46
2007	46
2007	41
2007	39
2007	38
2007	37
2007	35
2007	31
2007	29
2007	29
2007	26
2007	25
2007	24
2007	20
2007	16
2007	16
2007	14
2007	14
2007	10
2007	9
2007	5
2007	5
2007	5
2007	2
2007	2
2007	1
2007	1
2008	620361
2008	350708
2008	249179
2008	164135
2008	104523
2008	102672
2008	85438
2008	84100
2008	72859
2008	60722
2008	59110
2008	52119
2008	50258
2008	48741
2008	48720
2008	43732
2008	40735
2008	39379
2008	39302
2008	36546
2008	34807
2008	33840
2008	33518
2008	31427
2008	29952
2008	26791
2008	26049
2008	25047
2008	23363
2008	22689
2008	22471
2008	21684
2008	21362
2008	21186
2008	19804
2008	19382
2008	19095
2008	17843
2008	16000
2008	15262
2008	14863
2008	14483
2008	13513
2008	12999
2008	12151
2008	11633
2008	10819
2008	10766
2008	10653
2008	10321
2008	10236
2008	9745
2008	9314
2008	9227
2008	9062
2008	8491
2008	8287
2008	8229
2008	7807
2008	7624
2008	7131
2008	6931
2008	6881
2008	6815
2008	6753
2008	6643
2008	6579
2008	6557
2008	6510
2008	6326
2008	6312
2008	5760
2008	5597
2008	5562
2008	5451
2008	5385
2008	5174
2008	5061
2008	4960
2008	4929
2008	4775
2008	4772
2008	4766
2008	4753
2008	4640
2008	4628
2008	4586
2008	4495
2008	4379
2008	4060
2008	3876
2008	3757
2008	3757
2008	3723
2008	3701
2008	3685
2008	3683
2008	3624
2008	3441
2008	3285
2008	3197
2008	3087
2008	3002
2008	2948
2008	2865
2008	2836
2008	2820
2008	2705
2008	2670
2008	2628
2008	2526
2008	2506
2008	2497
2008	2440
2008	2428
2008	2389
2008	2353
2008	2311
2008	2244
2008	2117
2008	1973
2008	1912
2008	1858
2008	1844
2008	1808
2008	1790
2008	1761
2008	1723
2008	1641
2008	1633
2008	1628
2008	1587
2008	1541
2008	1414
2008	1349
2008	1336
2008	1235
2008	1214
2008	1166
2008	1021
2008	1004
2008	932
2008	932
2008	925
2008	825
2008	818
2008	809
2008	772
2008	753
2008	651
2008	541
2008	538
2008	448
2008	433
2008	431
2008	412
2008	403
2008	390
2008	388
2008	359
2008	353
2008	294
2008	291
2008	290
2008	288
2008	279
2008	260
2008	248
2008	234
2008	230
2008	214
2008	181
2008	175
2008	167
2008	163
2008	154
2008	140
2008	136
2008	118
2008	116
2008	104
2008	97
2008	91
2008	73
2008	65
2008	63
2008	61
2008	57
2008	56
2008	55
2008	53
2008	49
2008	48
2008	47
2008	46
2008	46
2008	42
2008	40
2008	38
2008	37
2008	35
2008	33
2008	29
2008	29
2008	26
2008	25
2008	24
2008	20
2008	16
2008	16
2008	15
2008	15
2008	10
2008	9
2008	5
2008	5
2008	5
2008	2
2008	2
2008	1
2008	1
2009	634267
2009	358963
2009	252293
2009	166427
2009	104559
2009	104438
2009	86860
2009	84334
2009	75826
2009	60758
2009	60680
2009	52833
2009	51303
2009	49709
2009	49104
2009	44647
2009	41078
2009	40524
2009	39643
2009	36942
2009	35252
2009	34510
2009	34137
2009	31336
2009	30456
2009	27103
2009	26554
2009	25858
2009	23344
2009	23077
2009	23028
2009	22190
2009	22021
2009	21945
2009	20364
2009	19940
2009	19479
2009	18224
2009	16723
2009	15694
2009	15049
2009	14571
2009	13642
2009	13398
2009	12250
2009	12088
2009	11282
2009	11097
2009	11045
2009	10694
2009	10382
2009	9842
2009	9638
2009	9456
2009	9218
2009	8625
2009	8604
2009	8479
2009	7877
2009	7673
2009	7281
2009	7148
2009	6934
2009	6928
2009	6874
2009	6824
2009	6775
2009	6713
2009	6667
2009	6459
2009	6405
2009	6001
2009	5809
2009	5635
2009	5604
2009	5489
2009	5370
2009	5315
2009	5230
2009	5096
2009	4989
2009	4946
2009	4866
2009	4788
2009	4728
2009	4709
2009	4699
2009	4531
2009	4520
2009	4246
2009	3970
2009	3929
2009	3862
2009	3820
2009	3801
2009	3725
2009	3702
2009	3656
2009	3579
2009	3402
2009	3256
2009	3101
2009	3002
2009	2965
2009	2964
2009	2933
2009	2906
2009	2781
2009	2772
2009	2719
2009	2603
2009	2564
2009	2544
2009	2534
2009	2522
2009	2442
2009	2433
2009	2303
2009	2235
2009	2184
2009	1978
2009	1974
2009	1957
2009	1921
2009	1825
2009	1820
2009	1809
2009	1784
2009	1672
2009	1668
2009	1660
2009	1625
2009	1532
2009	1530
2009	1420
2009	1391
2009	1265
2009	1218
2009	1197
2009	1075
2009	1036
2009	1004
2009	964
2009	932
2009	873
2009	838
2009	838
2009	784
2009	765
2009	664
2009	562
2009	541
2009	451
2009	443
2009	439
2009	423
2009	418
2009	392
2009	388
2009	360
2009	358
2009	305
2009	297
2009	295
2009	294
2009	284
2009	269
2009	250
2009	243
2009	236
2009	215
2009	184
2009	181
2009	172
2009	166
2009	158
2009	142
2009	138
2009	121
2009	120
2009	104
2009	100
2009	95
2009	74
2009	65
2009	65
2009	62
2009	59
2009	56
2009	56
2009	53
2009	50
2009	48
2009	48
2009	47
2009	46
2009	43
2009	40
2009	38
2009	37
2009	35
2009	35
2009	30
2009	29
2009	27
2009	25
2009	24
2009	20
2009	17
2009	17
2009	15
2009	15
2009	10
2009	9
2009	5
2009	5
2009	5
2009	2
2009	2
2009	1
2009	1
2010	648322
2010	367505
2010	255403
2010	168685
2010	106216
2010	104598
2010	88275
2010	84568
2010	78900
2010	62312
2010	60780
2010	53527
2010	52339
2010	50671
2010	49494
2010	45607
2010	41733
2010	41393
2010	39972
2010	37338
2010	35662
2010	35209
2010	34754
2010	31262
2010	30933
2010	27411
2010	27054
2010	26687
2010	23585
2010	23476
2010	23333
2010	23232
2010	22528
2010	22366
2010	20958
2010	20497
2010	19843
2010	18608
2010	17466
2010	16138
2010	15232
2010	14660
2010	13820
2010	13766
2010	12555
2010	12347
2010	11830
2010	11445
2010	11377
2010	11164
2010	10435
2010	9980
2010	9948
2010	9684
2010	9376
2010	8990
2010	8986
2010	8469
2010	7943
2010	7717
2010	7650
2010	7167
2010	7116
2010	7099
2010	7052
2010	6976
2010	6868
2010	6814
2010	6798
2010	6608
2010	6480
2010	6314
2010	6253
2010	5670
2010	5643
2010	5579
2010	5525
2010	5511
2010	5355
2010	5269
2010	5205
2010	5086
2010	4950
2010	4859
2010	4821
2010	4809
2010	4771
2010	4673
2010	4565
2010	4444
2010	4231
2010	3982
2010	3969
2010	3922
2010	3878
2010	3765
2010	3721
2010	3703
2010	3688
2010	3530
2010	3318
2010	3115
2010	3102
2010	3002
2010	3001
2010	2995
2010	2986
2010	2946
2010	2843
2010	2769
2010	2693
2010	2654
2010	2631
2010	2619
2010	2542
2010	2511
2010	2496
2010	2296
2010	2253
2010	2226
2010	2058
2010	2032
2010	2003
2010	1985
2010	1910
2010	1843
2010	1828
2010	1810
2010	1714
2010	1709
2010	1685
2010	1677
2010	1663
2010	1525
2010	1434
2010	1426
2010	1295
2010	1227
2010	1222
2010	1134
2010	1118
2010	1005
2010	1005
2010	932
2010	922
2010	867
2010	859
2010	795
2010	776
2010	678
2010	584
2010	544
2010	455
2010	453
2010	446
2010	434
2010	432
2010	394
2010	388
2010	364
2010	361
2010	316
2010	303
2010	302
2010	299
2010	288
2010	278
2010	254
2010	252
2010	243
2010	216
2010	187
2010	186
2010	176
2010	168
2010	163
2010	144
2010	139
2010	127
2010	122
2010	104
2010	103
2010	100
2010	75
2010	68
2010	65
2010	64
2010	61
2010	56
2010	56
2010	54
2010	50
2010	49
2010	48
2010	48
2010	46
2010	44
2010	41
2010	39
2010	37
2010	36
2010	35
2010	30
2010	29
2010	27
2010	25
2010	24
2010	20
2010	17
2010	17
2010	15
2010	15
2010	10
2010	10
2010	5
2010	5
2010	5
2010	2
2010	2
2010	1
2010	1
2011	662660
2011	376362
2011	258514
2011	170921
2011	108022
2011	104631
2011	89682
2011	84804
2011	82082
2011	64012
2011	60784
2011	54199
2011	53362
2011	51625
2011	49889
2011	46615
2011	43020
2011	41673
2011	40290
2011	37734
2011	36029
2011	35938
2011	35368
2011	31380
2011	31205
2011	27717
2011	27548
2011	27535
2011	24310
2011	24140
2011	23885
2011	23329
2011	23109
2011	22720
2011	21590
2011	21056
2011	20182
2011	18992
2011	18227
2011	16593
2011	15412
2011	14752
2011	14271
2011	13885
2011	13031
2011	12443
2011	12413
2011	11854
2011	11661
2011	11644
2011	10479
2011	10341
2011	10064
2011	9911
2011	9536
2011	9386
2011	9372
2011	8461
2011	8036
2011	8003
2011	7754
2011	7410
2011	7370
2011	7189
2011	7170
2011	7025
2011	7021
2011	6949
2011	6823
2011	6759
2011	6658
2011	6553
2011	6517
2011	5851
2011	5803
2011	5704
2011	5678
2011	5559
2011	5450
2011	5422
2011	5341
2011	5188
2011	5016
2011	4976
2011	4944
2011	4851
2011	4845
2011	4839
2011	4654
2011	4596
2011	4504
2011	4078
2011	4048
2011	4037
2011	3929
2011	3867
2011	3807
2011	3722
2011	3705
2011	3668
2011	3383
2011	3246
2011	3129
2011	3121
2011	3088
2011	3069
2011	3011
2011	3004
2011	2919
2011	2818
2011	2773
2011	2771
2011	2717
2011	2696
2011	2588
2011	2551
2011	2551
2011	2325
2011	2288
2011	2219
2011	2159
2011	2093
2011	2086
2011	1992
2011	1990
2011	1861
2011	1848
2011	1840
2011	1793
2011	1758
2011	1751
2011	1701
2011	1693
2011	1519
2011	1477
2011	1432
2011	1326
2011	1256
2011	1227
2011	1196
2011	1174
2011	1047
2011	1006
2011	971
2011	932
2011	897
2011	882
2011	807
2011	787
2011	691
2011	606
2011	547
2011	467
2011	456
2011	454
2011	450
2011	441
2011	396
2011	388
2011	370
2011	362
2011	330
2011	309
2011	309
2011	303
2011	293
2011	288
2011	262
2011	257
2011	250
2011	217
2011	192
2011	189
2011	181
2011	170
2011	167
2011	146
2011	141
2011	132
2011	124
2011	106
2011	104
2011	104
2011	75
2011	70
2011	65
2011	65
2011	64
2011	57
2011	56
2011	54
2011	51
2011	49
2011	49
2011	48
2011	46
2011	45
2011	42
2011	40
2011	37
2011	37
2011	35
2011	30
2011	29
2011	27
2011	25
2011	25
2011	20
2011	17
2011	17
2011	16
2011	16
2011	10
2011	10
2011	5
2011	5
2011	5
2011	2
2011	2
2011	1
2011	1
