1961	5169200
1961	2732642
1961	1357988
1961	933784
1961	855600
1961	795387
1961	367082
1961	336800
1961	318800
1961	304220
1961	296800
1961	279892
1961	255197
1961	251147
1961	212893
1961	194400
1961	193400
1961	184100
1961	170013
1961	164600
1961	147781
1961	139658
1961	117800
1961	103500
1961	103000
1961	99318
1961	96272
1961	66800
1961	63100
1961	62400
1961	40720
1961	39917
1961	37100
1961	35600
1961	30600
1961	27900
1961	26400
1961	23300
1961	22600
1961	20800
1961	20100
1961	19200
1961	18600
1961	15400
1961	14900
1961	14400
1961	14000
1961	13700
1961	12300
1961	11000
1961	10200
1961	9200
1961	9000
1961	8300
1961	7200
1961	6000
1961	6000
1961	5000
1961	4800
1961	4300
1961	4000
1961	4000
1961	3900
1961	3200
1961	2400
1961	2300
1961	2300
1961	2000
1961	2000
1961	1900
1961	1600
1961	1300
1961	1300
1961	1000
1961	1000
1961	800
1961	800
1961	700
1961	600
1961	500
1961	500
1961	300
1961	300
1961	200
1962	6835300
1962	2755618
1962	1388410
1962	1160804
1962	913100
1962	595153
1962	478100
1962	472400
1962	359811
1962	328477
1962	319983
1962	282902
1962	262256
1962	260200
1962	212470
1962	205700
1962	199100
1962	194100
1962	179600
1962	150049
1962	137172
1962	115701
1962	115300
1962	112400
1962	103000
1962	102988
1962	79900
1962	77400
1962	75112
1962	51516
1962	48637
1962	36100
1962	35700
1962	33500
1962	31500
1962	31400
1962	27400
1962	24800
1962	23100
1962	22406
1962	22400
1962	15000
1962	15000
1962	15000
1962	14900
1962	14400
1962	13800
1962	13800
1962	11300
1962	11000
1962	10800
1962	10700
1962	10400
1962	8600
1962	8000
1962	7900
1962	7000
1962	4800
1962	4200
1962	4000
1962	4000
1962	3800
1962	3600
1962	3500
1962	3000
1962	2800
1962	2800
1962	2500
1962	2500
1962	2300
1962	2000
1962	1500
1962	1300
1962	1100
1962	1100
1962	1000
1962	900
1962	800
1962	800
1962	600
1962	500
1962	500
1962	500
1962	400
1962	200
1963	6773200
1963	2561009
1963	1457227
1963	1144878
1963	1012814
1963	580100
1963	578456
1963	396300
1963	396242
1963	342149
1963	309304
1963	280346
1963	271800
1963	270563
1963	219500
1963	218200
1963	213800
1963	208670
1963	186900
1963	154800
1963	153735
1963	150700
1963	144670
1963	120157
1963	108900
1963	103000
1963	84200
1963	84183
1963	79288
1963	70202
1963	54207
1963	50600
1963	44956
1963	42900
1963	39600
1963	31271
1963	27800
1963	23400
1963	23300
1963	22400
1963	18300
1963	18000
1963	16300
1963	16300
1963	15600
1963	15200
1963	15000
1963	14900
1963	12200
1963	11700
1963	11000
1963	11000
1963	9600
1963	8500
1963	8000
1963	7000
1963	7000
1963	5000
1963	4812
1963	4000
1963	3900
1963	3500
1963	3000
1963	2800
1963	2700
1963	2500
1963	2500
1963	2400
1963	2000
1963	2000
1963	2000
1963	1300
1963	1200
1963	1100
1963	1000
1963	1000
1963	1000
1963	800
1963	700
1963	600
1963	600
1963	500
1963	500
1963	500
1963	400
1963	200
1964	8991300
1964	2463250
1964	1690908
1964	1056706
1964	990300
1964	982151
1964	818161
1964	554400
1964	471000
1964	395896
1964	379561
1964	371389
1964	328091
1964	305100
1964	295500
1964	285076
1964	256495
1964	241200
1964	219000
1964	166882
1964	153249
1964	148100
1964	144735
1964	143100
1964	104442
1964	103000
1964	99700
1964	98712
1964	90000
1964	84276
1964	59011
1964	58196
1964	52500
1964	47500
1964	45700
1964	39900
1964	37800
1964	34104
1964	29800
1964	27200
1964	22400
1964	22400
1964	18800
1964	18400
1964	18300
1964	17500
1964	16600
1964	15300
1964	15200
1964	12500
1964	12200
1964	12100
1964	11500
1964	11000
1964	10100
1964	9700
1964	8000
1964	7800
1964	7000
1964	4065
1964	4000
1964	4000
1964	3500
1964	3400
1964	3200
1964	3000
1964	2800
1964	2700
1964	2600
1964	2200
1964	2000
1964	1500
1964	1300
1964	1100
1964	1100
1964	1000
1964	1000
1964	800
1964	800
1964	800
1964	700
1964	700
1964	600
1964	500
1964	400
1964	200
1965	7338300
1965	2767730
1965	1520187
1965	1467506
1965	1158609
1965	1034972
1965	812600
1965	507800
1965	463800
1965	407781
1965	399787
1965	397425
1965	358530
1965	321190
1965	282000
1965	252285
1965	224000
1965	213500
1965	201300
1965	188686
1965	164600
1965	153748
1965	143434
1965	135969
1965	113300
1965	109600
1965	106417
1965	103000
1965	96600
1965	95112
1965	69900
1965	63708
1965	50300
1965	47300
1965	46800
1965	44536
1965	33000
1965	32400
1965	28800
1965	25500
1965	24300
1965	23900
1965	23600
1965	22900
1965	22000
1965	18900
1965	17700
1965	17600
1965	17100
1965	14200
1965	14200
1965	13300
1965	13000
1965	11300
1965	9900
1965	9700
1965	9093
1965	8000
1965	7700
1965	5480
1965	5000
1965	4183
1965	3700
1965	3200
1965	3100
1965	3000
1965	3000
1965	2800
1965	2700
1965	2200
1965	2100
1965	1724
1965	1600
1965	1500
1965	1200
1965	1000
1965	1000
1965	1000
1965	900
1965	700
1965	700
1965	700
1965	600
1965	600
1965	400
1965	200
1965	6
1966	8643100
1966	2736796
1966	2064000
1966	1494437
1966	1185700
1966	1131092
1966	895600
1966	836534
1966	477200
1966	418044
1966	405554
1966	356081
1966	348573
1966	295102
1966	279700
1966	273680
1966	234500
1966	233700
1966	213700
1966	203880
1966	200800
1966	160735
1966	154347
1966	145569
1966	114800
1966	108544
1966	103662
1966	103000
1966	91700
1966	91536
1966	87600
1966	66000
1966	58929
1966	53000
1966	47783
1966	44000
1966	41200
1966	35700
1966	33300
1966	29100
1966	29100
1966	27000
1966	23900
1966	23600
1966	21400
1966	21100
1966	20300
1966	18100
1966	18000
1966	18000
1966	14450
1966	14000
1966	12800
1966	12400
1966	11800
1966	10180
1966	8000
1966	7800
1966	5834
1966	5000
1966	4800
1966	3600
1966	3500
1966	3200
1966	3200
1966	3100
1966	3000
1966	2900
1966	2900
1966	2775
1966	2200
1966	1924
1966	1900
1966	1600
1966	1500
1966	1300
1966	1000
1966	1000
1966	900
1966	900
1966	800
1966	800
1966	700
1966	600
1966	500
1966	400
1966	200
1966	9
1967	9946600
1967	2595563
1967	2502215
1967	1505666
1967	1466200
1967	865200
1967	803341
1967	558900
1967	476700
1967	439183
1967	419510
1967	356715
1967	356599
1967	328701
1967	257300
1967	249600
1967	248500
1967	241400
1967	231956
1967	210278
1967	168981
1967	168863
1967	153400
1967	143100
1967	141918
1967	133313
1967	125396
1967	110500
1967	104050
1967	93100
1967	73700
1967	72000
1967	66700
1967	65300
1967	60226
1967	54376
1967	49125
1967	46000
1967	35100
1967	34100
1967	30760
1967	29700
1967	28200
1967	26400
1967	24800
1967	24100
1967	23900
1967	23100
1967	20000
1967	18100
1967	15000
1967	14550
1967	13200
1967	11981
1967	11558
1967	11000
1967	10409
1967	9700
1967	9600
1967	6900
1967	5000
1967	4800
1967	4005
1967	3500
1967	3500
1967	3400
1967	3200
1967	3000
1967	2900
1967	2600
1967	2336
1967	2300
1967	2000
1967	1600
1967	1500
1967	1100
1967	1000
1967	1000
1967	900
1967	900
1967	800
1967	700
1967	700
1967	700
1967	600
1967	500
1967	300
1967	14
1968	10354400
1968	2790162
1968	2015453
1968	1920300
1968	1711056
1968	1133300
1968	879965
1968	548236
1968	501100
1968	484419
1968	438208
1968	358155
1968	349385
1968	305500
1968	302700
1968	243200
1968	239200
1968	221392
1968	188775
1968	181200
1968	176447
1968	169690
1968	165723
1968	161654
1968	148100
1968	143900
1968	134376
1968	113500
1968	109134
1968	84468
1968	65400
1968	64400
1968	61900
1968	61700
1968	58180
1968	54821
1968	51300
1968	46276
1968	40500
1968	39500
1968	30900
1968	30100
1968	26600
1968	24800
1968	23800
1968	23300
1968	22700
1968	20100
1968	18200
1968	18000
1968	17000
1968	16984
1968	13150
1968	11000
1968	10939
1968	10700
1968	10000
1968	10000
1968	8945
1968	6900
1968	6600
1968	6000
1968	4414
1968	3600
1968	3500
1968	3500
1968	3100
1968	3000
1968	2900
1968	2860
1968	2200
1968	2000
1968	2000
1968	1600
1968	1400
1968	1400
1968	1300
1968	1300
1968	1000
1968	1000
1968	800
1968	800
1968	700
1968	700
1968	700
1968	500
1968	300
1968	100
1968	12
1969	9065000
1969	2708740
1969	1794476
1969	1695900
1969	1569242
1969	1011467
1969	890000
1969	513299
1969	489869
1969	468900
1969	379400
1969	374303
1969	369700
1969	335601
1969	322100
1969	316700
1969	265021
1969	228286
1969	201300
1969	196297
1969	180600
1969	171193
1969	153501
1969	147503
1969	146500
1969	145038
1969	131900
1969	122715
1969	119400
1969	109761
1969	66100
1969	64600
1969	60200
1969	57600
1969	54936
1969	53700
1969	47581
1969	44900
1969	38700
1969	37400
1969	34300
1969	33500
1969	27219
1969	25000
1969	24800
1969	23300
1969	21700
1969	21100
1969	20000
1969	20000
1969	19400
1969	18300
1969	16150
1969	14200
1969	12000
1969	10900
1969	10777
1969	10000
1969	8800
1969	8707
1969	6600
1969	6000
1969	4600
1969	4100
1969	4000
1969	3600
1969	3500
1969	3400
1969	2900
1969	2400
1969	2000
1969	2000
1969	1900
1969	1600
1969	1600
1969	1300
1969	1300
1969	1100
1969	1100
1969	1000
1969	1000
1969	1000
1969	800
1969	700
1969	600
1969	500
1969	400
1969	300
1969	9
1970	12391800
1970	2956726
1970	1982832
1970	1870757
1970	1226300
1970	1052700
1970	969300
1970	603706
1970	560800
1970	515598
1970	431094
1970	387952
1970	352888
1970	314801
1970	302393
1970	291200
1970	244800
1970	233986
1970	214302
1970	197300
1970	182604
1970	179726
1970	175001
1970	174590
1970	172740
1970	159907
1970	132599
1970	126315
1970	125400
1970	95015
1970	67000
1970	65420
1970	62485
1970	53200
1970	51020
1970	50255
1970	49300
1970	48687
1970	45368
1970	42090
1970	38819
1970	33553
1970	31700
1970	29100
1970	29100
1970	26900
1970	25000
1970	24100
1970	20437
1970	19833
1970	19334
1970	18900
1970	18420
1970	15000
1970	14734
1970	14570
1970	12100
1970	12000
1970	8492
1970	7000
1970	5740
1970	5600
1970	5150
1970	4487
1970	4000
1970	3907
1970	3700
1970	3400
1970	3183
1970	2924
1970	2500
1970	2400
1970	2019
1970	1900
1970	1581
1970	1500
1970	1400
1970	1300
1970	1200
1970	1200
1970	1200
1970	1100
1970	1000
1970	900
1970	900
1970	751
1970	712
1970	400
1970	400
1970	119
1970	100
1970	100
1970	37
1970	32
1971	10413700
1971	3175982
1971	2044390
1971	1925362
1971	1351800
1971	1303200
1971	1009000
1971	629158
1971	624100
1971	467056
1971	426340
1971	385401
1971	358197
1971	310105
1971	278675
1971	270839
1971	260481
1971	254622
1971	245000
1971	217000
1971	215469
1971	203849
1971	202723
1971	179144
1971	171904
1971	154877
1971	137403
1971	129500
1971	125445
1971	118320
1971	81300
1971	73546
1971	63800
1971	63550
1971	62103
1971	61200
1971	60880
1971	52912
1971	52708
1971	44008
1971	41174
1971	39800
1971	32521
1971	31200
1971	30663
1971	27833
1971	26200
1971	25000
1971	24381
1971	22033
1971	20110
1971	19052
1971	18781
1971	18400
1971	17845
1971	15000
1971	14200
1971	10664
1971	10300
1971	8482
1971	7400
1971	7000
1971	6954
1971	5500
1971	5488
1971	4711
1971	4512
1971	4432
1971	4000
1971	3500
1971	3200
1971	2800
1971	2600
1971	2500
1971	1900
1971	1900
1971	1600
1971	1380
1971	1360
1971	1353
1971	1300
1971	1200
1971	1200
1971	1200
1971	1000
1971	924
1971	900
1971	900
1971	600
1971	400
1971	200
1971	200
1971	193
1971	119
1971	49
1971	36
1972	4592200
1972	3028521
1972	2162561
1972	2091603
1972	1298400
1972	955954
1972	679854
1972	592400
1972	514056
1972	493919
1972	444500
1972	398255
1972	381800
1972	379637
1972	369394
1972	341620
1972	322569
1972	319500
1972	268002
1972	234600
1972	222790
1972	217652
1972	196747
1972	179725
1972	178934
1972	135244
1972	132595
1972	131800
1972	120136
1972	108700
1972	88789
1972	74520
1972	67900
1972	63140
1972	61022
1972	58600
1972	57400
1972	55456
1972	54000
1972	52999
1972	51281
1972	50438
1972	41186
1972	37543
1972	36500
1972	31200
1972	30000
1972	24578
1972	24426
1972	23250
1972	22945
1972	21800
1972	20147
1972	18646
1972	15000
1972	14200
1972	11215
1972	11000
1972	9645
1972	9624
1972	8768
1972	7905
1972	7668
1972	7055
1972	7000
1972	6901
1972	5500
1972	4500
1972	4464
1972	3947
1972	2800
1972	2700
1972	2300
1972	2078
1972	1900
1972	1850
1972	1820
1972	1700
1972	1600
1972	1500
1972	1449
1972	1400
1972	1400
1972	1300
1972	1200
1972	1000
1972	900
1972	773
1972	724
1972	700
1972	400
1972	119
1972	100
1972	100
1972	100
1972	17
1972	11
1973	3496264
1973	2806902
1973	2021347
1973	1855300
1973	1309800
1973	1139475
1973	743843
1973	518702
1973	512200
1973	488600
1973	462197
1973	451169
1973	437270
1973	406000
1973	391733
1973	369366
1973	339301
1973	338388
1973	322662
1973	312102
1973	288800
1973	275965
1973	201760
1973	179138
1973	176913
1973	150700
1973	134778
1973	128200
1973	123676
1973	116348
1973	105170
1973	102910
1973	99759
1973	93644
1973	84300
1973	76511
1973	70500
1973	60325
1973	54800
1973	54272
1973	53289
1973	52363
1973	37800
1973	37598
1973	36215
1973	32608
1973	31200
1973	30400
1973	29800
1973	27500
1973	24750
1973	24636
1973	24512
1973	20158
1973	17800
1973	15000
1973	11072
1973	8500
1973	7967
1973	7200
1973	6984
1973	6700
1973	6624
1973	6400
1973	6225
1973	5500
1973	5000
1973	4600
1973	4266
1973	4166
1973	3952
1973	2800
1973	2600
1973	2520
1973	2500
1973	2200
1973	2100
1973	2033
1973	2000
1973	1975
1973	1900
1973	1660
1973	1500
1973	1400
1973	1300
1973	1200
1973	1124
1973	1034
1973	1000
1973	900
1973	700
1973	500
1973	200
1973	127
1973	100
1973	47
1973	44
1973	21
1974	3898156
1974	3465860
1974	3036717
1974	1513144
1974	1344234
1974	1245451
1974	977243
1974	764971
1974	541142
1974	507962
1974	507593
1974	441246
1974	436477
1974	408810
1974	388650
1974	373775
1974	322968
1974	316802
1974	276524
1974	271601
1974	252080
1974	231007
1974	222743
1974	190993
1974	164857
1974	156841
1974	155850
1974	140318
1974	136542
1974	129080
1974	112821
1974	108395
1974	99480
1974	80387
1974	74875
1974	71756
1974	71564
1974	65509
1974	58808
1974	55495
1974	49400
1974	48004
1974	46474
1974	42458
1974	39711
1974	38400
1974	35372
1974	33221
1974	33073
1974	27478
1974	25000
1974	24216
1974	24070
1974	20196
1974	17103
1974	14628
1974	14000
1974	11600
1974	10332
1974	8760
1974	8500
1974	8330
1974	7954
1974	7329
1974	7324
1974	6602
1974	6388
1974	5203
1974	5000
1974	3654
1974	3500
1974	3150
1974	3072
1974	2943
1974	2900
1974	2692
1974	2514
1974	2270
1974	2100
1974	1873
1974	1550
1974	1460
1974	1334
1974	1308
1974	1244
1974	1070
1974	1035
1974	1000
1974	982
1974	937
1974	852
1974	713
1974	182
1974	127
1974	100
1974	97
1974	64
1974	32
1974	13
1975	3567296
1975	3545171
1975	3233273
1975	1453564
1975	1343022
1975	1195704
1975	793568
1975	750144
1975	651866
1975	551680
1975	545642
1975	502191
1975	461533
1975	454116
1975	454045
1975	355914
1975	332355
1975	253547
1975	249132
1975	233226
1975	227804
1975	207156
1975	178912
1975	176238
1975	160284
1975	160210
1975	140625
1975	136596
1975	129146
1975	127681
1975	124964
1975	124146
1975	103830
1975	99855
1975	89822
1975	84236
1975	84001
1975	73440
1975	68872
1975	63723
1975	49400
1975	47425
1975	39100
1975	39088
1975	36638
1975	35994
1975	35910
1975	30715
1975	30284
1975	30090
1975	26838
1975	26345
1975	25495
1975	25000
1975	23211
1975	16690
1975	16416
1975	14131
1975	10273
1975	9280
1975	8513
1975	7324
1975	7094
1975	6160
1975	5775
1975	5239
1975	5000
1975	4714
1975	4091
1975	3661
1975	3603
1975	3575
1975	3450
1975	2700
1975	2629
1975	2414
1975	2329
1975	2260
1975	2009
1975	2000
1975	1800
1975	1645
1975	1576
1975	1400
1975	1337
1975	1280
1975	1200
1975	1130
1975	1000
1975	952
1975	900
1975	721
1975	569
1975	410
1975	206
1975	138
1975	135
1975	99
1975	70
1975	25
1975	18
1976	4154120
1976	4072250
1976	3773152
1976	2340494
1976	1474831
1976	1184525
1976	994463
1976	720366
1976	558773
1976	554399
1976	534399
1976	500082
1976	489056
1976	472674
1976	421884
1976	361828
1976	342026
1976	313665
1976	282300
1976	267760
1976	263098
1976	248170
1976	175303
1976	168233
1976	167926
1976	148940
1976	142966
1976	137315
1976	136654
1976	126950
1976	123144
1976	115223
1976	101786
1976	98994
1976	85703
1976	80641
1976	76370
1976	71412
1976	67854
1976	56412
1976	50866
1976	47000
1976	45909
1976	42663
1976	38505
1976	37888
1976	31591
1976	31210
1976	30815
1976	30416
1976	28180
1976	27929
1976	27633
1976	25533
1976	25000
1976	15763
1976	15554
1976	14958
1976	12934
1976	8512
1976	7344
1976	7324
1976	7108
1976	7060
1976	6789
1976	6690
1976	5797
1976	5663
1976	4586
1976	4500
1976	4182
1976	3150
1976	2721
1976	2575
1976	2422
1976	2414
1976	2090
1976	1912
1976	1764
1976	1610
1976	1400
1976	1293
1976	1084
1976	1000
1976	999
1976	990
1976	966
1976	850
1976	850
1976	749
1976	730
1976	511
1976	498
1976	492
1976	250
1976	181
1976	157
1976	152
1976	133
1976	87
1976	12
1977	4522514
1977	3709959
1977	2374802
1977	2242241
1977	1291981
1977	1139167
1977	857068
1977	841592
1977	798597
1977	603059
1977	543193
1977	541517
1977	530853
1977	514236
1977	433734
1977	418212
1977	387310
1977	379713
1977	364069
1977	349071
1977	331693
1977	233919
1977	220228
1977	199417
1977	180333
1977	168613
1977	166441
1977	164987
1977	146872
1977	123067
1977	122427
1977	114314
1977	106272
1977	100593
1977	92445
1977	91867
1977	86312
1977	81264
1977	66800
1977	62559
1977	54066
1977	51536
1977	50510
1977	47000
1977	43452
1977	36273
1977	35623
1977	31335
1977	30966
1977	30553
1977	30139
1977	29136
1977	28506
1977	25000
1977	22733
1977	16216
1977	14851
1977	13152
1977	12202
1977	10907
1977	8509
1977	7562
1977	7195
1977	7000
1977	6090
1977	5995
1977	5534
1977	4994
1977	4000
1977	3839
1977	3550
1977	3360
1977	3178
1977	3047
1977	2711
1977	2619
1977	2618
1977	2418
1977	2070
1977	2050
1977	1270
1977	1154
1977	1112
1977	1006
1977	983
1977	928
1977	919
1977	899
1977	880
1977	790
1977	511
1977	465
1977	354
1977	263
1977	215
1977	167
1977	154
1977	145
1977	122
1977	54
1977	9
1978	5094907
1978	3577778
1978	2961201
1978	1762273
1978	1585166
1978	1497919
1978	1004074
1978	804855
1978	802217
1978	633191
1978	592307
1978	571730
1978	560667
1978	558004
1978	523803
1978	459634
1978	435385
1978	429312
1978	397650
1978	382259
1978	282541
1978	269291
1978	206777
1978	203166
1978	185719
1978	177390
1978	172235
1978	153906
1978	143176
1978	139048
1978	133465
1978	124671
1978	110489
1978	102944
1978	99195
1978	99193
1978	92165
1978	83544
1978	74736
1978	74168
1978	68958
1978	67557
1978	64207
1978	50118
1978	47000
1978	32489
1978	31825
1978	31148
1978	31066
1978	30374
1978	29262
1978	25603
1978	25000
1978	22247
1978	20215
1978	19910
1978	19008
1978	18383
1978	17911
1978	16023
1978	15714
1978	10023
1978	8519
1978	8315
1978	6801
1978	6750
1978	6006
1978	5740
1978	5363
1978	4563
1978	4250
1978	4000
1978	3839
1978	3550
1978	3043
1978	3000
1978	2882
1978	2509
1978	2497
1978	2440
1978	2340
1978	2218
1978	1988
1978	1637
1978	1497
1978	1218
1978	1037
1978	1030
1978	979
1978	915
1978	850
1978	616
1978	531
1978	427
1978	327
1978	211
1978	191
1978	167
1978	110
1978	35
1978	28
1978	14
1979	4959208
1979	3410421
1979	3372011
1979	2379965
1979	1615978
1979	1460344
1979	1008629
1979	778007
1979	749297
1979	682426
1979	588551
1979	570929
1979	558303
1979	526273
1979	505282
1979	494187
1979	486197
1979	410350
1979	402293
1979	289225
1979	264117
1979	257502
1979	244011
1979	225650
1979	206659
1979	170689
1979	165454
1979	162685
1979	151043
1979	149491
1979	141484
1979	130077
1979	118982
1979	111963
1979	108643
1979	101348
1979	89574
1979	86255
1979	79304
1979	76308
1979	67932
1979	54467
1979	49855
1979	47000
1979	44182
1979	36377
1979	33390
1979	33244
1979	32441
1979	31721
1979	30000
1979	29539
1979	28161
1979	24997
1979	24395
1979	24352
1979	21340
1979	19746
1979	17864
1979	16172
1979	13664
1979	12750
1979	10417
1979	9094
1979	8532
1979	6878
1979	5956
1979	5510
1979	5146
1979	4261
1979	4000
1979	3603
1979	3590
1979	3314
1979	3253
1979	2426
1979	2224
1979	1972
1979	1893
1979	1880
1979	1856
1979	1630
1979	1624
1979	1268
1979	1050
1979	1000
1979	912
1979	909
1979	830
1979	796
1979	789
1979	769
1979	762
1979	391
1979	316
1979	310
1979	218
1979	142
1979	133
1979	97
1979	69
1979	32
1980	5145908
1980	3673279
1980	2578241
1980	2415001
1980	1629638
1980	1290565
1980	813034
1980	758000
1980	718410
1980	718015
1980	650195
1980	634831
1980	589217
1980	544047
1980	495373
1980	488333
1980	448569
1980	354875
1980	328684
1980	308979
1980	276515
1980	249385
1980	237528
1980	228289
1980	212770
1980	212312
1980	201641
1980	170944
1980	162886
1980	156597
1980	153245
1980	132201
1980	129850
1980	125914
1980	115306
1980	108770
1980	105461
1980	102130
1980	99161
1980	93635
1980	80945
1980	79233
1980	67705
1980	65504
1980	47000
1980	36671
1980	36660
1980	36384
1980	33791
1980	33000
1980	30380
1980	28710
1980	26268
1980	25833
1980	23454
1980	22881
1980	21100
1980	18976
1980	18459
1980	17040
1980	14772
1980	13800
1980	8526
1980	8506
1980	8476
1980	8075
1980	7821
1980	4693
1980	4208
1980	4000
1980	3682
1980	3640
1980	3434
1980	3137
1980	2705
1980	2600
1980	2587
1980	2425
1980	2097
1980	1942
1980	1781
1980	1759
1980	1529
1980	1267
1980	1231
1980	1207
1980	1162
1980	1100
1980	1071
1980	992
1980	850
1980	829
1980	727
1980	716
1980	351
1980	289
1980	266
1980	242
1980	200
1980	192
1980	110
1980	67
1980	39
1981	5525894
1981	3762464
1981	3154552
1981	2504770
1981	1443986
1981	1434259
1981	815687
1981	801814
1981	763745
1981	681974
1981	653981
1981	615028
1981	572573
1981	533844
1981	529817
1981	505997
1981	428696
1981	395772
1981	382744
1981	316773
1981	316361
1981	307816
1981	249383
1981	224753
1981	201343
1981	201146
1981	179417
1981	177149
1981	175357
1981	169945
1981	154652
1981	145086
1981	130395
1981	127500
1981	124829
1981	119809
1981	108253
1981	107533
1981	101188
1981	90409
1981	80944
1981	75068
1981	69528
1981	61033
1981	53600
1981	42770
1981	41550
1981	38656
1981	36172
1981	35000
1981	34333
1981	33999
1981	30827
1981	29476
1981	27350
1981	24338
1981	23923
1981	21358
1981	19731
1981	18558
1981	15100
1981	13820
1981	11158
1981	10268
1981	9484
1981	9469
1981	9002
1981	8641
1981	6704
1981	6578
1981	6420
1981	5674
1981	4767
1981	4581
1981	3910
1981	3900
1981	3804
1981	3691
1981	3428
1981	2895
1981	2200
1981	2188
1981	2128
1981	1944
1981	1661
1981	1424
1981	1410
1981	1069
1981	1035
1981	917
1981	773
1981	760
1981	566
1981	545
1981	500
1981	480
1981	479
1981	377
1981	318
1981	231
1981	200
1981	198
1981	121
1981	62
1982	5720215
1982	3876966
1982	3456292
1982	3337050
1982	1683797
1982	1298509
1982	848756
1982	837214
1982	825565
1982	679169
1982	610675
1982	561060
1982	522473
1982	522389
1982	509004
1982	498090
1982	425615
1982	374291
1982	312165
1982	272711
1982	267156
1982	225791
1982	207435
1982	200872
1982	200087
1982	198172
1982	167859
1982	161430
1982	159034
1982	154420
1982	153654
1982	148933
1982	144514
1982	125606
1982	110834
1982	107501
1982	101538
1982	98343
1982	97984
1982	87394
1982	85170
1982	77213
1982	69785
1982	51010
1982	49260
1982	44040
1982	42930
1982	41806
1982	40000
1982	36387
1982	34073
1982	31286
1982	29474
1982	28680
1982	24367
1982	23366
1982	18790
1982	17671
1982	16971
1982	16500
1982	12827
1982	10516
1982	10207
1982	9773
1982	9255
1982	9139
1982	8753
1982	8528
1982	7136
1982	7061
1982	7028
1982	5280
1982	4090
1982	3843
1982	3515
1982	3108
1982	3090
1982	3000
1982	2900
1982	2714
1982	2569
1982	2321
1982	2179
1982	2057
1982	2004
1982	1980
1982	1889
1982	1763
1982	1134
1982	1067
1982	988
1982	918
1982	897
1982	877
1982	800
1982	710
1982	658
1982	549
1982	500
1982	447
1982	200
1982	200
1982	172
1982	165
1982	64
1983	6343684
1983	3810430
1983	3736657
1983	1782554
1983	1664942
1983	1422859
1983	925978
1983	884878
1983	746955
1983	740925
1983	633454
1983	550117
1983	546758
1983	524319
1983	489464
1983	461598
1983	455047
1983	325230
1983	319435
1983	274309
1983	265069
1983	248182
1983	235215
1983	221111
1983	215115
1983	212865
1983	192345
1983	174680
1983	172524
1983	172275
1983	164040
1983	150301
1983	145995
1983	144291
1983	142997
1983	138814
1983	131154
1983	121197
1983	100449
1983	86751
1983	83628
1983	53469
1983	50488
1983	49643
1983	48212
1983	46083
1983	43186
1983	40000
1983	39178
1983	39018
1983	38953
1983	36230
1983	32547
1983	31997
1983	27445
1983	26407
1983	20701
1983	19980
1983	18064
1983	17941
1983	17800
1983	14033
1983	11669
1983	10573
1983	10323
1983	8810
1983	8525
1983	7676
1983	7424
1983	7383
1983	6194
1983	6070
1983	6009
1983	5953
1983	4270
1983	3733
1983	3447
1983	3000
1983	2950
1983	2940
1983	2723
1983	2522
1983	2503
1983	2480
1983	2214
1983	1964
1983	1882
1983	1778
1983	1729
1983	1071
1983	939
1983	803
1983	679
1983	660
1983	660
1983	572
1983	500
1983	488
1983	401
1983	216
1983	207
1983	200
1983	200
1983	169
1983	80
1983	76
1983	58
1983	45
1984	6929983
1984	4232097
1984	4002171
1984	3114652
1984	1757956
1984	1261922
1984	974806
1984	917239
1984	840914
1984	794971
1984	713436
1984	711940
1984	584970
1984	581013
1984	544219
1984	524003
1984	520764
1984	467365
1984	335755
1984	335123
1984	318167
1984	285439
1984	278893
1984	254435
1984	232677
1984	229652
1984	183311
1984	178316
1984	173415
1984	172112
1984	158315
1984	149348
1984	138608
1984	136810
1984	129719
1984	121265
1984	113093
1984	104119
1984	89163
1984	80401
1984	66892
1984	50025
1984	48212
1984	47692
1984	45374
1984	44936
1984	39895
1984	38745
1984	36213
1984	36187
1984	33893
1984	31179
1984	30000
1984	28121
1984	28115
1984	23436
1984	21661
1984	19515
1984	19100
1984	16671
1984	16504
1984	13304
1984	12129
1984	10546
1984	10524
1984	9840
1984	8530
1984	8163
1984	7674
1984	6674
1984	6489
1984	5770
1984	5412
1984	5185
1984	4997
1984	4938
1984	4450
1984	4309
1984	3520
1984	3326
1984	2811
1984	2600
1984	2416
1984	2190
1984	2071
1984	1729
1984	1671
1984	1327
1984	1089
1984	1022
1984	892
1984	788
1984	610
1984	584
1984	481
1984	426
1984	400
1984	398
1984	389
1984	300
1984	221
1984	200
1984	170
1984	155
1984	120
1984	75
1984	43
1984	4
1985	6461975
1985	4537313
1985	3900580
1985	3754483
1985	1653853
1985	1042800
1985	1029509
1985	1014380
1985	883965
1985	844643
1985	765715
1985	669661
1985	651020
1985	564103
1985	538536
1985	502897
1985	498053
1985	474449
1985	344946
1985	324186
1985	303778
1985	286081
1985	265061
1985	260249
1985	251258
1985	226714
1985	189546
1985	178666
1985	166273
1985	157266
1985	154523
1985	154394
1985	154085
1985	153736
1985	152165
1985	139628
1985	116516
1985	91311
1985	86049
1985	79784
1985	64129
1985	54255
1985	54057
1985	52475
1985	51174
1985	50380
1985	49162
1985	49049
1985	48538
1985	42081
1985	37873
1985	36150
1985	35095
1985	31815
1985	30869
1985	30027
1985	28510
1985	20902
1985	20400
1985	18294
1985	17713
1985	14785
1985	13336
1985	11665
1985	11276
1985	9811
1985	9794
1985	7300
1985	6970
1985	6316
1985	5522
1985	5307
1985	5050
1985	4620
1985	4526
1985	4345
1985	4231
1985	4183
1985	3542
1985	3539
1985	3508
1985	3257
1985	2769
1985	2766
1985	2491
1985	2257
1985	2178
1985	2128
1985	1912
1985	1234
1985	1038
1985	942
1985	925
1985	883
1985	765
1985	720
1985	669
1985	550
1985	479
1985	402
1985	400
1985	250
1985	173
1985	139
1985	132
1985	113
1985	99
1985	69
1986	7132692
1986	5311715
1986	5265524
1986	3766966
1986	1522510
1986	1053854
1986	963769
1986	878326
1986	869724
1986	838682
1986	767135
1986	729725
1986	682741
1986	653120
1986	573712
1986	552595
1986	545480
1986	477047
1986	409968
1986	342653
1986	299382
1986	284205
1986	251260
1986	235408
1986	223000
1986	195132
1986	188700
1986	186723
1986	174979
1986	168409
1986	159980
1986	145891
1986	133078
1986	131144
1986	125874
1986	116264
1986	114163
1986	113630
1986	86361
1986	81390
1986	61642
1986	56121
1986	54475
1986	54205
1986	51901
1986	51870
1986	49934
1986	48988
1986	43381
1986	42467
1986	41358
1986	36098
1986	35477
1986	35067
1986	33424
1986	29280
1986	28900
1986	24175
1986	22820
1986	21830
1986	18323
1986	15095
1986	15071
1986	14251
1986	13710
1986	12876
1986	10343
1986	9600
1986	8994
1986	8239
1986	7800
1986	7771
1986	4789
1986	4670
1986	4523
1986	4379
1986	3928
1986	3896
1986	3851
1986	3796
1986	3776
1986	3755
1986	3664
1986	3545
1986	2864
1986	1937
1986	1900
1986	1890
1986	1750
1986	1543
1986	1493
1986	1246
1986	1095
1986	1032
1986	985
1986	868
1986	760
1986	681
1986	560
1986	531
1986	487
1986	366
1986	357
1986	300
1986	219
1986	210
1986	201
1986	175
1986	151
1986	40
1987	6830722
1987	4380949
1987	4335767
1987	3923107
1987	1713576
1987	1188974
1987	1078428
1987	1073635
1987	938061
1987	885474
1987	781564
1987	700098
1987	674100
1987	611539
1987	599774
1987	579233
1987	516702
1987	501094
1987	378781
1987	348665
1987	347942
1987	328802
1987	294082
1987	244120
1987	211245
1987	203411
1987	189909
1987	164503
1987	163394
1987	161643
1987	160729
1987	158941
1987	143132
1987	140728
1987	135185
1987	131380
1987	112477
1987	91158
1987	85014
1987	84664
1987	84239
1987	82220
1987	61867
1987	57750
1987	56544
1987	56047
1987	55398
1987	53942
1987	48208
1987	44283
1987	40754
1987	36071
1987	35016
1987	33606
1987	29469
1987	28900
1987	28215
1987	27405
1987	23901
1987	22330
1987	19034
1987	17455
1987	14885
1987	12036
1987	11986
1987	11814
1987	11639
1987	10762
1987	10006
1987	9092
1987	8300
1987	7857
1987	7381
1987	7297
1987	5133
1987	4805
1987	4670
1987	4309
1987	4146
1987	4104
1987	3508
1987	3406
1987	3391
1987	3316
1987	3179
1987	2944
1987	2750
1987	1830
1987	1743
1987	1593
1987	1388
1987	1350
1987	1292
1987	1146
1987	1096
1987	1020
1987	1000
1987	953
1987	786
1987	639
1987	606
1987	580
1987	250
1987	230
1987	168
1987	149
1987	142
1987	142
1987	100
1987	74
1987	48
1988	7170756
1988	6365057
1988	4629653
1988	4383289
1988	1481658
1988	1169451
1988	1101078
1988	1066105
1988	1004024
1988	972508
1988	728499
1988	709651
1988	687467
1988	657490
1988	634759
1988	633504
1988	631804
1988	507572
1988	481342
1988	424997
1988	379302
1988	357396
1988	266168
1988	249933
1988	238210
1988	186897
1988	181261
1988	170095
1988	164552
1988	157532
1988	154439
1988	147682
1988	143717
1988	130116
1988	110987
1988	107389
1988	104490
1988	100160
1988	99786
1988	97880
1988	95026
1988	87012
1988	78685
1988	68048
1988	59614
1988	58587
1988	52460
1988	45469
1988	44057
1988	41201
1988	40648
1988	40060
1988	38359
1988	36071
1988	35943
1988	34725
1988	31215
1988	28900
1988	27131
1988	23330
1988	23030
1988	21087
1988	18454
1988	17918
1988	17422
1988	14881
1988	14763
1988	11363
1988	10017
1988	8700
1988	8687
1988	7819
1988	7469
1988	6826
1988	5675
1988	5628
1988	5468
1988	5100
1988	4627
1988	4468
1988	4056
1988	3460
1988	3050
1988	2317
1988	2077
1988	2015
1988	1527
1988	1490
1988	1405
1988	1400
1988	1282
1988	1277
1988	1227
1988	1210
1988	1090
1988	1000
1988	806
1988	633
1988	620
1988	588
1988	496
1988	382
1988	176
1988	170
1988	155
1988	152
1988	132
1988	126
1988	117
1988	50
1988	41
1988	40
1988	1
1989	6511779
1989	6490619
1989	5878268
1989	4619707
1989	1395450
1989	1260859
1989	1221578
1989	1046108
1989	838553
1989	811325
1989	755531
1989	754886
1989	677853
1989	641528
1989	640589
1989	622375
1989	579231
1989	403920
1989	397083
1989	385266
1989	363549
1989	288138
1989	249177
1989	242591
1989	240950
1989	199059
1989	180922
1989	171401
1989	169732
1989	164434
1989	160399
1989	149693
1989	147673
1989	146615
1989	119903
1989	110831
1989	107932
1989	90454
1989	86882
1989	83051
1989	81831
1989	81301
1989	68570
1989	67802
1989	62122
1989	53585
1989	53544
1989	52696
1989	44211
1989	44094
1989	40060
1989	37862
1989	36046
1989	35932
1989	34551
1989	34430
1989	33835
1989	31452
1989	30098
1989	28871
1989	27983
1989	24390
1989	24310
1989	18783
1989	17791
1989	15988
1989	13080
1989	11666
1989	11484
1989	11429
1989	10735
1989	10429
1989	10005
1989	9282
1989	8884
1989	8510
1989	7425
1989	6531
1989	4707
1989	4345
1989	3636
1989	3310
1989	2673
1989	2588
1989	2476
1989	2397
1989	2285
1989	2070
1989	1658
1989	1580
1989	1560
1989	1267
1989	1260
1989	1249
1989	1033
1989	1000
1989	947
1989	903
1989	709
1989	620
1989	605
1989	553
1989	500
1989	491
1989	173
1989	151
1989	129
1989	112
1989	100
1989	89
1989	57
1989	49
1989	4
1990	6503969
1990	6035961
1990	4708921
1990	4577726
1990	1517618
1990	1397458
1990	1320457
1990	1125299
1990	839748
1990	784078
1990	746196
1990	678935
1990	613999
1990	579835
1990	524861
1990	452396
1990	411671
1990	336753
1990	332877
1990	325085
1990	267684
1990	246221
1990	244235
1990	237885
1990	230517
1990	228052
1990	214359
1990	190091
1990	175961
1990	171943
1990	171668
1990	163955
1990	155575
1990	147675
1990	105573
1990	97057
1990	89037
1990	82075
1990	77759
1990	76251
1990	76057
1990	75727
1990	72531
1990	68585
1990	67910
1990	62568
1990	59763
1990	49694
1990	45406
1990	45288
1990	41429
1990	40060
1990	36770
1990	36046
1990	31742
1990	31518
1990	31411
1990	31123
1990	28155
1990	26793
1990	26661
1990	23990
1990	20836
1990	20731
1990	18146
1990	16989
1990	14513
1990	11984
1990	11303
1990	10236
1990	10124
1990	10028
1990	10000
1990	9575
1990	9377
1990	8265
1990	7694
1990	6976
1990	5840
1990	5367
1990	3989
1990	3881
1990	3686
1990	3592
1990	3170
1990	2894
1990	2890
1990	2697
1990	2151
1990	2023
1990	1797
1990	1564
1990	1412
1990	1253
1990	1000
1990	887
1990	840
1990	687
1990	629
1990	625
1990	620
1990	534
1990	362
1990	296
1990	287
1990	237
1990	210
1990	173
1990	157
1990	143
1990	135
1990	108
1990	57
1991	6663713
1991	5458298
1991	5426123
1991	4045016
1991	1573527
1991	1445223
1991	1400937
1991	1176684
1991	1043730
1991	764479
1991	701717
1991	696949
1991	591076
1991	535449
1991	425033
1991	362359
1991	339831
1991	336528
1991	334838
1991	290202
1991	284117
1991	250870
1991	249818
1991	232265
1991	210519
1991	210001
1991	193429
1991	181455
1991	176886
1991	173395
1991	169177
1991	153857
1991	140948
1991	132790
1991	127902
1991	108535
1991	102754
1991	96665
1991	86948
1991	80847
1991	71102
1991	69191
1991	67005
1991	61662
1991	60411
1991	59498
1991	53625
1991	53315
1991	50836
1991	48816
1991	46938
1991	44905
1991	44736
1991	41448
1991	41320
1991	40040
1991	35015
1991	34256
1991	33025
1991	31503
1991	29370
1991	26318
1991	25980
1991	19546
1991	18034
1991	18009
1991	17282
1991	13135
1991	12284
1991	11452
1991	11164
1991	10570
1991	10073
1991	9395
1991	8050
1991	8000
1991	7035
1991	5419
1991	5376
1991	5287
1991	4927
1991	3976
1991	2843
1991	2197
1991	2187
1991	2174
1991	1998
1991	1908
1991	1421
1991	1293
1991	1161
1991	1000
1991	1000
1991	955
1991	954
1991	944
1991	749
1991	601
1991	550
1991	549
1991	548
1991	523
1991	510
1991	470
1991	341
1991	337
1991	200
1991	120
1991	119
1991	114
1991	103
1991	84
1991	53
1991	37
1992	7290347
1992	5842321
1992	4493324
1992	1655193
1992	1529963
1992	1432436
1992	1385412
1992	1238416
1992	1189019
1992	921066
1992	814356
1992	790602
1992	679721
1992	559499
1992	550955
1992	494032
1992	465043
1992	387616
1992	382013
1992	372808
1992	331572
1992	319697
1992	310439
1992	304814
1992	283210
1992	259713
1992	257108
1992	247451
1992	237210
1992	210802
1992	195954
1992	193655
1992	181838
1992	141003
1992	140834
1992	131264
1992	119067
1992	115724
1992	113687
1992	95646
1992	93273
1992	88348
1992	82991
1992	82086
1992	75681
1992	74943
1992	73449
1992	65218
1992	62248
1992	60352
1992	56838
1992	56421
1992	54864
1992	52739
1992	46717
1992	45030
1992	43683
1992	42590
1992	36228
1992	34543
1992	33898
1992	32590
1992	32074
1992	30598
1992	30065
1992	27960
1992	19536
1992	18628
1992	17486
1992	14900
1992	12456
1992	12290
1992	10557
1992	10278
1992	9982
1992	9830
1992	9779
1992	9348
1992	8521
1992	8280
1992	8000
1992	7338
1992	6777
1992	6630
1992	4857
1992	4718
1992	4616
1992	3723
1992	3534
1992	3444
1992	2975
1992	2869
1992	2112
1992	1943
1992	1624
1992	1510
1992	1450
1992	1412
1992	1223
1992	1212
1992	1211
1992	1088
1992	1032
1992	1000
1992	1000
1992	888
1992	755
1992	570
1992	474
1992	433
1992	386
1992	275
1992	215
1992	137
1992	134
1992	92
1992	91
1992	79
1992	56
1992	54
1992	28
1992	8
1993	8757798
1993	5538060
1993	4390842
1993	2026189
1993	1574626
1993	1283984
1993	1281892
1993	1110552
1993	1057564
1993	888501
1993	802391
1993	778318
1993	666413
1993	661173
1993	594525
1993	452016
1993	446480
1993	445599
1993	394184
1993	392806
1993	365276
1993	339498
1993	317882
1993	285099
1993	278602
1993	265737
1993	262052
1993	256793
1993	245282
1993	239862
1993	239793
1993	219301
1993	195276
1993	162341
1993	146026
1993	135087
1993	125529
1993	117795
1993	112992
1993	88691
1993	87250
1993	86497
1993	84533
1993	79667
1993	79439
1993	78500
1993	74607
1993	73589
1993	64410
1993	60338
1993	57279
1993	56794
1993	53235
1993	51881
1993	50040
1993	38147
1993	34316
1993	33537
1993	32189
1993	32033
1993	30803
1993	30790
1993	30120
1993	29531
1993	28036
1993	20155
1993	17831
1993	16508
1993	14459
1993	13730
1993	12327
1993	11820
1993	10820
1993	10449
1993	10377
1993	10023
1993	10000
1993	9983
1993	7992
1993	7473
1993	5236
1993	5197
1993	4920
1993	4502
1993	4378
1993	4095
1993	3406
1993	3108
1993	2939
1993	2518
1993	2500
1993	2416
1993	1848
1993	1713
1993	1501
1993	1480
1993	1387
1993	1215
1993	1115
1993	1075
1993	1049
1993	1041
1993	1024
1993	780
1993	743
1993	635
1993	630
1993	605
1993	521
1993	326
1993	300
1993	261
1993	203
1993	138
1993	136
1993	128
1993	113
1993	99
1993	70
1993	61
1993	6
1993	3
1993	2
1993	1
1994	11676202
1994	7333254
1994	3758096
1994	2181038
1994	1699299
1994	1477054
1994	1135505
1994	1061863
1994	904695
1994	869315
1994	826107
1994	722116
1994	663594
1994	594468
1994	577338
1994	558501
1994	511632
1994	467491
1994	401355
1994	387360
1994	348500
1994	338026
1994	331766
1994	300996
1994	288316
1994	273697
1994	232818
1994	225850
1994	223218
1994	218598
1994	218373
1994	186901
1994	169415
1994	160346
1994	151186
1994	146234
1994	137970
1994	118135
1994	101362
1994	99455
1994	94558
1994	93783
1994	93667
1994	91609
1994	89599
1994	73982
1994	68910
1994	68484
1994	59997
1994	58194
1994	53289
1994	50844
1994	49524
1994	45100
1994	40050
1994	37226
1994	35479
1994	33945
1994	33790
1994	33601
1994	32660
1994	32463
1994	32097
1994	32090
1994	29329
1994	24075
1994	19701
1994	17214
1994	16372
1994	14922
1994	12934
1994	12605
1994	11766
1994	10911
1994	10843
1994	10681
1994	10000
1994	8935
1994	8302
1994	7238
1994	6890
1994	6825
1994	5840
1994	5470
1994	5003
1994	4015
1994	3914
1994	3674
1994	3413
1994	3413
1994	2875
1994	2794
1994	2687
1994	2288
1994	2265
1994	2221
1994	1955
1994	1771
1994	1568
1994	1535
1994	1525
1994	1298
1994	1125
1994	1006
1994	1003
1994	829
1994	785
1994	754
1994	746
1994	736
1994	699
1994	560
1994	557
1994	182
1994	152
1994	134
1994	115
1994	113
1994	106
1994	106
1994	94
1994	72
1994	65
1995	8512758
1995	6898979
1995	3133428
1995	2485911
1995	1735952
1995	1284141
1995	1155976
1995	1053758
1995	1000024
1995	903226
1995	791207
1995	767887
1995	727254
1995	657002
1995	653742
1995	580096
1995	547469
1995	481221
1995	475988
1995	405869
1995	395049
1995	385322
1995	381270
1995	329855
1995	305249
1995	289141
1995	254533
1995	251653
1995	249600
1995	242841
1995	233290
1995	217226
1995	181370
1995	175980
1995	155452
1995	146738
1995	142978
1995	114853
1995	109344
1995	103700
1995	101159
1995	100001
1995	94916
1995	94232
1995	93194
1995	91026
1995	89946
1995	80163
1995	78840
1995	65762
1995	59927
1995	58419
1995	55725
1995	53028
1995	49672
1995	48036
1995	40990
1995	40050
1995	39629
1995	38089
1995	34737
1995	32766
1995	32056
1995	27375
1995	22751
1995	18361
1995	17209
1995	15140
1995	14608
1995	14103
1995	13442
1995	12431
1995	12002
1995	11826
1995	11301
1995	10000
1995	9818
1995	7323
1995	6875
1995	6706
1995	6521
1995	6404
1995	4950
1995	4893
1995	4541
1995	4435
1995	3659
1995	3654
1995	3403
1995	3296
1995	3016
1995	2659
1995	2593
1995	2475
1995	2151
1995	2150
1995	1971
1995	1769
1995	1725
1995	1669
1995	1632
1995	1310
1995	1173
1995	1151
1995	1042
1995	941
1995	850
1995	818
1995	750
1995	694
1995	510
1995	294
1995	250
1995	173
1995	158
1995	156
1995	140
1995	130
1995	120
1995	118
1995	87
1995	72
1995	63
1995	37
1995	17
1996	9104908
1996	5972143
1996	2987899
1996	2863607
1996	1827990
1996	1444556
1996	1255007
1996	1182150
1996	1099280
1996	968098
1996	917697
1996	891393
1996	847558
1996	683225
1996	644269
1996	630595
1996	544621
1996	452617
1996	367511
1996	363247
1996	345905
1996	335125
1996	331067
1996	329519
1996	306302
1996	285334
1996	282008
1996	267130
1996	266114
1996	254898
1996	252388
1996	236593
1996	181855
1996	165030
1996	162614
1996	135264
1996	127971
1996	123832
1996	121226
1996	118993
1996	108899
1996	105992
1996	91708
1996	89841
1996	88910
1996	78930
1996	77426
1996	76916
1996	66984
1996	66779
1996	59686
1996	48044
1996	47374
1996	45395
1996	40040
1996	38726
1996	38587
1996	37683
1996	36126
1996	35665
1996	32060
1996	31669
1996	31556
1996	30912
1996	29684
1996	26352
1996	23578
1996	17724
1996	15988
1996	15528
1996	13353
1996	13252
1996	12611
1996	12438
1996	11670
1996	11589
1996	10000
1996	9990
1996	9933
1996	9349
1996	9171
1996	7377
1996	6845
1996	6637
1996	5171
1996	4962
1996	4261
1996	3728
1996	3671
1996	3334
1996	3199
1996	2819
1996	2800
1996	2506
1996	2475
1996	2375
1996	2210
1996	2060
1996	2037
1996	1583
1996	1580
1996	1464
1996	1446
1996	1423
1996	1417
1996	1332
1996	1258
1996	1168
1996	1064
1996	859
1996	850
1996	831
1996	620
1996	490
1996	313
1996	266
1996	239
1996	237
1996	211
1996	137
1996	125
1996	120
1996	120
1996	97
1996	97
1996	91
1996	91
1996	5
1997	7471366
1997	5385305
1997	3231829
1997	3066155
1997	1941243
1997	1611275
1997	1399741
1997	1271856
1997	1200635
1997	981792
1997	878944
1997	848298
1997	774313
1997	694403
1997	616759
1997	583531
1997	548531
1997	526654
1997	386712
1997	338471
1997	321379
1997	316371
1997	314122
1997	313835
1997	308113
1997	304799
1997	298838
1997	298278
1997	263675
1997	257760
1997	242004
1997	205248
1997	189278
1997	186009
1997	168295
1997	147098
1997	138881
1997	132073
1997	125532
1997	125470
1997	124211
1997	111395
1997	109138
1997	104010
1997	99451
1997	93462
1997	87111
1997	81547
1997	76431
1997	69497
1997	68031
1997	58142
1997	58013
1997	57068
1997	47506
1997	47035
1997	45050
1997	39421
1997	37069
1997	36203
1997	35609
1997	33785
1997	30471
1997	25700
1997	22770
1997	22039
1997	20377
1997	19072
1997	17177
1997	16984
1997	16574
1997	15230
1997	12619
1997	11373
1997	11290
1997	11258
1997	10840
1997	10000
1997	9348
1997	8912
1997	8480
1997	7923
1997	7692
1997	6268
1997	5959
1997	5619
1997	5609
1997	5498
1997	5113
1997	4913
1997	4589
1997	4585
1997	3756
1997	3619
1997	3374
1997	3200
1997	2973
1997	2695
1997	2391
1997	2371
1997	2342
1997	2200
1997	2024
1997	1960
1997	1288
1997	1252
1997	1163
1997	1102
1997	1004
1997	995
1997	973
1997	883
1997	850
1997	849
1997	841
1997	299
1997	275
1997	235
1997	137
1997	133
1997	130
1997	105
1997	103
1997	99
1997	92
1997	91
1997	60
1998	3703644
1998	3562680
1998	2753966
1998	2567763
1998	2050734
1998	1256516
1998	1219892
1998	1130364
1998	1079479
1998	1027885
1998	861224
1998	841406
1998	809812
1998	613722
1998	550306
1998	528496
1998	514131
1998	394877
1998	390388
1998	386589
1998	360008
1998	348030
1998	336830
1998	332417
1998	316389
1998	309584
1998	308337
1998	284688
1998	280034
1998	277807
1998	258465
1998	205293
1998	188853
1998	177094
1998	167542
1998	158872
1998	150621
1998	135106
1998	131739
1998	115670
1998	113364
1998	100894
1998	100677
1998	98274
1998	97881
1998	94379
1998	89316
1998	85865
1998	80963
1998	75272
1998	72862
1998	70707
1998	64712
1998	48472
1998	48352
1998	46007
1998	45060
1998	42894
1998	41647
1998	40670
1998	38504
1998	35510
1998	29847
1998	29526
1998	28408
1998	25747
1998	22487
1998	22001
1998	21948
1998	19294
1998	18751
1998	17829
1998	17294
1998	16683
1998	15960
1998	14362
1998	14165
1998	12000
1998	11705
1998	11511
1998	11290
1998	9920
1998	9516
1998	8209
1998	7914
1998	7400
1998	7334
1998	5925
1998	5506
1998	4671
1998	4497
1998	4185
1998	3799
1998	3539
1998	3538
1998	3379
1998	2506
1998	2500
1998	2467
1998	2383
1998	1975
1998	1950
1998	1949
1998	1870
1998	1645
1998	1499
1998	1258
1998	1244
1998	1219
1998	1146
1998	1065
1998	993
1998	976
1998	850
1998	590
1998	234
1998	198
1998	168
1998	158
1998	149
1998	149
1998	140
1998	105
1998	92
1998	91
1998	90
1998	82
1998	19
1999	7996565
1999	4369279
1999	3302715
1999	2617718
1999	1983210
1999	1350670
1999	1268066
1999	1150744
1999	1045611
1999	1002302
1999	880255
1999	790378
1999	748702
1999	607875
1999	605308
1999	513243
1999	503713
1999	456880
1999	425866
1999	397028
1999	377616
1999	368196
1999	320494
1999	320466
1999	312894
1999	291528
1999	277030
1999	273893
1999	251425
1999	250759
1999	248542
1999	209378
1999	177156
1999	163060
1999	132364
1999	121575
1999	120455
1999	115191
1999	112675
1999	111410
1999	108184
1999	106043
1999	101928
1999	101126
1999	98550
1999	91674
1999	90935
1999	88886
1999	87536
1999	85558
1999	82153
1999	72669
1999	64539
1999	59752
1999	55119
1999	53800
1999	47030
1999	45736
1999	45111
1999	43823
1999	40060
1999	38373
1999	36409
1999	32879
1999	31653
1999	30473
1999	29922
1999	26039
1999	24217
1999	24100
1999	23323
1999	19393
1999	18971
1999	17995
1999	17467
1999	16442
1999	15075
1999	14023
1999	13225
1999	12000
1999	11903
1999	11125
1999	10860
1999	9990
1999	8606
1999	7137
1999	7000
1999	6360
1999	5303
1999	5243
1999	5156
1999	4996
1999	4977
1999	4618
1999	4377
1999	4039
1999	3694
1999	3679
1999	3159
1999	2649
1999	2525
1999	2127
1999	2054
1999	1800
1999	1712
1999	1541
1999	1345
1999	1329
1999	1309
1999	1295
1999	1287
1999	1221
1999	1041
1999	922
1999	876
1999	850
1999	840
1999	330
1999	232
1999	226
1999	202
1999	181
1999	170
1999	153
1999	121
1999	105
1999	80
1999	79
1999	72
1999	56
1999	24
1999	2
2000	10264837
2000	3831795
2000	3246604
2000	2414085
2000	2015836
2000	1353493
2000	1297243
2000	1191681
2000	1180104
2000	1013835
2000	850631
2000	774630
2000	704083
2000	690305
2000	628435
2000	528493
2000	516916
2000	463675
2000	442066
2000	376644
2000	370228
2000	349143
2000	337135
2000	325257
2000	306135
2000	298672
2000	284776
2000	276903
2000	273845
2000	270914
2000	219996
2000	191762
2000	179882
2000	172938
2000	163889
2000	153791
2000	147519
2000	127069
2000	125121
2000	122227
2000	108840
2000	104890
2000	103440
2000	102848
2000	98206
2000	92286
2000	89891
2000	88345
2000	87217
2000	85937
2000	68511
2000	64232
2000	59124
2000	57138
2000	56395
2000	50060
2000	49377
2000	43248
2000	42991
2000	41213
2000	41039
2000	40282
2000	35519
2000	33829
2000	32168
2000	31527
2000	30709
2000	29435
2000	26419
2000	24562
2000	24292
2000	21155
2000	19963
2000	19422
2000	18244
2000	18166
2000	17634
2000	16774
2000	15930
2000	13896
2000	13592
2000	12980
2000	12097
2000	12000
2000	12000
2000	11920
2000	10065
2000	8743
2000	8524
2000	7039
2000	5843
2000	3995
2000	3845
2000	3443
2000	3162
2000	3069
2000	2650
2000	2386
2000	2250
2000	2121
2000	2061
2000	1995
2000	1848
2000	1840
2000	1647
2000	1538
2000	1522
2000	1478
2000	1455
2000	1365
2000	1178
2000	996
2000	923
2000	856
2000	850
2000	768
2000	522
2000	328
2000	187
2000	184
2000	173
2000	164
2000	156
2000	137
2000	115
2000	105
2000	81
2000	80
2000	78
2000	33
2000	19
2000	6
2001	7512315
2001	3446936
2001	3254664
2001	2363924
2001	2065430
2001	1355220
2001	1265194
2001	1228734
2001	1097368
2001	882545
2001	871682
2001	815968
2001	813677
2001	808056
2001	762697
2001	555672
2001	518293
2001	516627
2001	472857
2001	420941
2001	393495
2001	358869
2001	332884
2001	315761
2001	290706
2001	273694
2001	272394
2001	268799
2001	244341
2001	228080
2001	220568
2001	204194
2001	202031
2001	188655
2001	153145
2001	147653
2001	144156
2001	133565
2001	115345
2001	114635
2001	114249
2001	113360
2001	109400
2001	108513
2001	107743
2001	106212
2001	105106
2001	101950
2001	98717
2001	92337
2001	82844
2001	78080
2001	73979
2001	63548
2001	55284
2001	50500
2001	48221
2001	47182
2001	46487
2001	45795
2001	43588
2001	43135
2001	38872
2001	37849
2001	36198
2001	35685
2001	34517
2001	34038
2001	22230
2001	21114
2001	20490
2001	20120
2001	19855
2001	19686
2001	19494
2001	19392
2001	18700
2001	17883
2001	17450
2001	17226
2001	16491
2001	14886
2001	13975
2001	12000
2001	11884
2001	10980
2001	10721
2001	10019
2001	8970
2001	7148
2001	6988
2001	6527
2001	5779
2001	5341
2001	3765
2001	3421
2001	2675
2001	2578
2001	2229
2001	2059
2001	2034
2001	2000
2001	1936
2001	1936
2001	1874
2001	1816
2001	1410
2001	1384
2001	1350
2001	1293
2001	1000
2001	996
2001	978
2001	760
2001	751
2001	673
2001	568
2001	559
2001	319
2001	203
2001	162
2001	159
2001	146
2001	136
2001	131
2001	126
2001	105
2001	101
2001	86
2001	71
2001	34
2001	6
2002	8368016
2002	3785508
2002	3650892
2002	2186939
2002	2158600
2002	1396082
2002	1319803
2002	1302714
2002	1206641
2002	858082
2002	843603
2002	835927
2002	766425
2002	745245
2002	738074
2002	562028
2002	493763
2002	447377
2002	445576
2002	422061
2002	421973
2002	340561
2002	312043
2002	300854
2002	293558
2002	282940
2002	276778
2002	249804
2002	230176
2002	205943
2002	189517
2002	183715
2002	165200
2002	158942
2002	151212
2002	148996
2002	144488
2002	143401
2002	142770
2002	135039
2002	113272
2002	112283
2002	111235
2002	105524
2002	103294
2002	102512
2002	93499
2002	91219
2002	87758
2002	87421
2002	82709
2002	77119
2002	72511
2002	58034
2002	51000
2002	48511
2002	47088
2002	45645
2002	44728
2002	42726
2002	42415
2002	41303
2002	40536
2002	40291
2002	37610
2002	35594
2002	35449
2002	35022
2002	28472
2002	23494
2002	20900
2002	19908
2002	19795
2002	18549
2002	17989
2002	16498
2002	15558
2002	15149
2002	15123
2002	15034
2002	14766
2002	12759
2002	12326
2002	12113
2002	12044
2002	11882
2002	9975
2002	9683
2002	7481
2002	6691
2002	5653
2002	4975
2002	4407
2002	3898
2002	3487
2002	3282
2002	2405
2002	2260
2002	2222
2002	2050
2002	2043
2002	1944
2002	1824
2002	1781
2002	1669
2002	1667
2002	1402
2002	1322
2002	1190
2002	1184
2002	989
2002	864
2002	800
2002	708
2002	694
2002	622
2002	567
2002	247
2002	244
2002	204
2002	170
2002	162
2002	145
2002	105
2002	86
2002	77
2002	61
2002	59
2002	48
2002	34
2002	8
2002	6
2003	5739948
2003	3920194
2003	3166760
2003	2415140
2003	2091434
2003	1528555
2003	1103672
2003	999708
2003	930452
2003	861648
2003	775998
2003	756180
2003	751521
2003	713978
2003	651372
2003	628155
2003	488232
2003	454152
2003	435672
2003	401265
2003	374054
2003	371931
2003	335113
2003	321736
2003	305562
2003	301564
2003	292704
2003	288618
2003	277678
2003	229399
2003	190446
2003	181758
2003	178507
2003	175075
2003	170198
2003	164959
2003	136090
2003	135968
2003	131720
2003	123795
2003	123236
2003	118959
2003	116734
2003	115408
2003	108776
2003	102840
2003	102835
2003	102494
2003	90298
2003	86691
2003	84954
2003	83561
2003	72981
2003	61500
2003	57321
2003	56821
2003	55925
2003	53131
2003	47288
2003	42615
2003	41127
2003	36441
2003	35866
2003	34684
2003	34376
2003	33391
2003	26387
2003	25488
2003	20428
2003	20240
2003	20232
2003	19584
2003	19549
2003	18494
2003	17500
2003	15811
2003	14580
2003	12795
2003	12594
2003	12048
2003	11014
2003	10349
2003	10302
2003	9708
2003	9478
2003	8439
2003	8234
2003	6632
2003	4153
2003	4137
2003	4082
2003	3690
2003	3454
2003	2869
2003	2793
2003	2737
2003	2721
2003	2642
2003	2354
2003	2327
2003	2000
2003	1874
2003	1820
2003	1723
2003	1523
2003	1398
2003	1373
2003	1059
2003	1003
2003	951
2003	937
2003	912
2003	860
2003	855
2003	779
2003	495
2003	450
2003	425
2003	222
2003	192
2003	190
2003	185
2003	131
2003	109
2003	109
2003	105
2003	92
2003	69
2003	34
2003	15
2003	8
2003	6
2004	9121026
2004	4280952
2004	3685257
2004	2191667
2004	2147286
2004	1570033
2004	1072688
2004	888307
2004	834980
2004	796155
2004	765937
2004	749096
2004	735509
2004	680563
2004	654968
2004	654706
2004	472609
2004	469336
2004	465061
2004	414882
2004	355137
2004	353824
2004	305970
2004	302866
2004	290572
2004	289912
2004	273455
2004	262804
2004	256844
2004	231780
2004	218039
2004	198164
2004	185233
2004	163857
2004	157910
2004	155630
2004	153772
2004	145760
2004	138900
2004	137971
2004	136704
2004	129573
2004	127834
2004	114942
2004	110144
2004	109191
2004	109145
2004	102283
2004	99616
2004	98001
2004	94459
2004	87654
2004	86253
2004	80105
2004	78107
2004	64832
2004	63787
2004	55213
2004	51932
2004	46231
2004	43242
2004	37147
2004	34689
2004	34088
2004	31991
2004	30985
2004	25105
2004	24156
2004	22725
2004	21083
2004	20849
2004	18706
2004	18500
2004	18115
2004	18077
2004	17011
2004	16686
2004	14362
2004	13615
2004	12000
2004	11667
2004	11048
2004	9007
2004	8861
2004	8220
2004	7973
2004	7611
2004	6776
2004	5987
2004	5210
2004	5095
2004	5070
2004	4107
2004	4071
2004	3079
2004	2856
2004	2656
2004	2527
2004	2442
2004	2302
2004	2065
2004	2037
2004	2000
2004	1959
2004	1879
2004	1509
2004	1413
2004	1410
2004	1237
2004	1225
2004	1204
2004	1031
2004	966
2004	888
2004	806
2004	657
2004	642
2004	620
2004	425
2004	300
2004	246
2004	235
2004	206
2004	116
2004	113
2004	105
2004	100
2004	70
2004	34
2004	30
2004	25
2004	18
2004	6
2005	8862800
2005	3901714
2005	3588221
2005	2335313
2005	2175624
2005	1622963
2005	962254
2005	944372
2005	910659
2005	866317
2005	828731
2005	805926
2005	750670
2005	745015
2005	694284
2005	603442
2005	534338
2005	495940
2005	403690
2005	370525
2005	359997
2005	338204
2005	291512
2005	290131
2005	284739
2005	278427
2005	274345
2005	240620
2005	234603
2005	232359
2005	218568
2005	181293
2005	178197
2005	176995
2005	161921
2005	160836
2005	155012
2005	148721
2005	142709
2005	133761
2005	129506
2005	121632
2005	118638
2005	118371
2005	115987
2005	111370
2005	105732
2005	98617
2005	96634
2005	87820
2005	86547
2005	86294
2005	84872
2005	83104
2005	77539
2005	72070
2005	67739
2005	56051
2005	51143
2005	44163
2005	40163
2005	39452
2005	34973
2005	33202
2005	31838
2005	29386
2005	24000
2005	21238
2005	20074
2005	20055
2005	20044
2005	19812
2005	18165
2005	17735
2005	15773
2005	13650
2005	13614
2005	13051
2005	12910
2005	12738
2005	12593
2005	12498
2005	12217
2005	10780
2005	10643
2005	10285
2005	9642
2005	9272
2005	7330
2005	6458
2005	4782
2005	3416
2005	3123
2005	2806
2005	2760
2005	2492
2005	2045
2005	2028
2005	1968
2005	1950
2005	1660
2005	1650
2005	1639
2005	1627
2005	1394
2005	1271
2005	1259
2005	1206
2005	1133
2005	1085
2005	927
2005	904
2005	864
2005	850
2005	821
2005	766
2005	569
2005	475
2005	344
2005	288
2005	209
2005	206
2005	183
2005	128
2005	95
2005	70
2005	68
2005	34
2005	15
2005	13
2005	6
2006	6389498
2006	3745200
2006	3265235
2006	2411606
2006	2388763
2006	1633935
2006	1002451
2006	873344
2006	844520
2006	803258
2006	783253
2006	738395
2006	712956
2006	672316
2006	567074
2006	480033
2006	441521
2006	429251
2006	417385
2006	365662
2006	357012
2006	327157
2006	285804
2006	265563
2006	265508
2006	259790
2006	246368
2006	240123
2006	231618
2006	220056
2006	210562
2006	200365
2006	192926
2006	172142
2006	167059
2006	158927
2006	156254
2006	156211
2006	140319
2006	140252
2006	135607
2006	133333
2006	132333
2006	126348
2006	122507
2006	104194
2006	98944
2006	94722
2006	89308
2006	86183
2006	84906
2006	81220
2006	79358
2006	71245
2006	70072
2006	64685
2006	62738
2006	60811
2006	58548
2006	44355
2006	42086
2006	38000
2006	37880
2006	33187
2006	32182
2006	31570
2006	31414
2006	29286
2006	22876
2006	22456
2006	21995
2006	19559
2006	18406
2006	17379
2006	17080
2006	16858
2006	16506
2006	15816
2006	14611
2006	13753
2006	13650
2006	13292
2006	12146
2006	10953
2006	10627
2006	9277
2006	8830
2006	8474
2006	7698
2006	6654
2006	5547
2006	4132
2006	4057
2006	3388
2006	2772
2006	2741
2006	2622
2006	2349
2006	2199
2006	2032
2006	1967
2006	1962
2006	1940
2006	1840
2006	1745
2006	1594
2006	1496
2006	1249
2006	1147
2006	1123
2006	1063
2006	850
2006	783
2006	782
2006	739
2006	609
2006	583
2006	545
2006	509
2006	414
2006	387
2006	206
2006	186
2006	124
2006	101
2006	95
2006	86
2006	70
2006	34
2006	15
2006	12
2006	6
2006	1
2007	6546617
2007	3896082
2007	3356410
2007	2603247
2007	2297623
2007	1775125
2007	1076066
2007	1062354
2007	942786
2007	815304
2007	748343
2007	732047
2007	709260
2007	693607
2007	663859
2007	509856
2007	480275
2007	479069
2007	444615
2007	357585
2007	294724
2007	286178
2007	275010
2007	259294
2007	247136
2007	235855
2007	228272
2007	226801
2007	216843
2007	204369
2007	202292
2007	174373
2007	173159
2007	163667
2007	162622
2007	160648
2007	159670
2007	134859
2007	128499
2007	127098
2007	126076
2007	125544
2007	124514
2007	118594
2007	114019
2007	113960
2007	113249
2007	110757
2007	101395
2007	91873
2007	86405
2007	83531
2007	77225
2007	76591
2007	67316
2007	65659
2007	61214
2007	57104
2007	55371
2007	44255
2007	43342
2007	42026
2007	42000
2007	37396
2007	35130
2007	33878
2007	31570
2007	24016
2007	23519
2007	21222
2007	20381
2007	18985
2007	17500
2007	17080
2007	16988
2007	14518
2007	14410
2007	13734
2007	13199
2007	13189
2007	12000
2007	10875
2007	10855
2007	9249
2007	8465
2007	8247
2007	7778
2007	6857
2007	5857
2007	5272
2007	4637
2007	3653
2007	3368
2007	3210
2007	3184
2007	2957
2007	2772
2007	2250
2007	2220
2007	2189
2007	1994
2007	1962
2007	1786
2007	1677
2007	1653
2007	1628
2007	1556
2007	1423
2007	1301
2007	1143
2007	1115
2007	1074
2007	849
2007	709
2007	583
2007	542
2007	454
2007	405
2007	403
2007	274
2007	218
2007	206
2007	130
2007	127
2007	110
2007	83
2007	70
2007	34
2007	15
2007	8
2007	6
2008	6546617
2008	3849136
2008	3356410
2008	2667568
2008	2297623
2008	1828518
2008	1076066
2008	1062354
2008	991448
2008	815304
2008	732047
2008	709260
2008	693607
2008	663859
2008	565496
2008	509856
2008	480275
2008	479069
2008	444615
2008	357585
2008	294724
2008	286178
2008	275010
2008	259294
2008	247136
2008	235855
2008	228272
2008	226801
2008	216843
2008	204369
2008	202292
2008	189533
2008	174373
2008	164104
2008	163667
2008	160648
2008	159670
2008	134859
2008	128499
2008	126076
2008	125544
2008	124398
2008	123782
2008	118594
2008	114019
2008	113960
2008	113249
2008	101395
2008	91873
2008	91559
2008	86405
2008	83531
2008	77225
2008	76591
2008	67617
2008	65659
2008	61214
2008	57104
2008	55371
2008	44255
2008	42026
2008	40782
2008	39500
2008	37396
2008	36057
2008	33878
2008	31570
2008	24016
2008	23519
2008	21222
2008	20381
2008	18985
2008	17500
2008	17080
2008	16988
2008	14518
2008	14410
2008	13734
2008	13199
2008	13189
2008	12000
2008	10875
2008	10855
2008	9249
2008	8465
2008	8247
2008	7778
2008	6857
2008	5857
2008	5272
2008	4637
2008	3653
2008	3368
2008	3210
2008	3184
2008	2957
2008	2772
2008	2314
2008	2250
2008	2220
2008	2189
2008	1962
2008	1786
2008	1677
2008	1653
2008	1628
2008	1556
2008	1423
2008	1301
2008	1143
2008	1115
2008	1074
2008	849
2008	709
2008	583
2008	542
2008	454
2008	405
2008	403
2008	274
2008	218
2008	206
2008	130
2008	121
2008	110
2008	83
2008	70
2008	34
2008	15
2008	8
2008	6
2008	1
2009	6546617
2009	3372363
2009	3356410
2009	2705771
2009	2297623
2009	1863428
2009	1076066
2009	1062354
2009	986513
2009	815304
2009	732047
2009	709260
2009	693607
2009	663859
2009	577179
2009	509856
2009	480275
2009	479069
2009	444615
2009	357585
2009	294724
2009	286178
2009	275010
2009	259294
2009	247136
2009	235855
2009	228272
2009	226801
2009	216843
2009	210399
2009	204369
2009	202292
2009	174373
2009	163870
2009	163667
2009	160648
2009	159670
2009	134859
2009	130397
2009	128499
2009	126076
2009	125544
2009	118594
2009	114019
2009	113960
2009	113249
2009	105685
2009	101395
2009	96724
2009	96548
2009	91873
2009	86405
2009	83531
2009	77225
2009	76591
2009	65659
2009	61214
2009	57104
2009	55371
2009	46576
2009	44255
2009	42026
2009	38343
2009	37396
2009	36800
2009	33878
2009	31570
2009	24016
2009	23519
2009	21222
2009	20381
2009	18985
2009	17500
2009	17080
2009	16988
2009	14518
2009	14410
2009	13734
2009	13199
2009	13189
2009	12000
2009	10875
2009	10855
2009	9249
2009	8465
2009	8247
2009	7778
2009	6857
2009	5857
2009	5272
2009	4637
2009	3653
2009	3368
2009	3210
2009	3184
2009	2957
2009	2772
2009	2250
2009	2220
2009	2189
2009	1962
2009	1786
2009	1677
2009	1653
2009	1628
2009	1588
2009	1556
2009	1423
2009	1301
2009	1143
2009	1115
2009	1074
2009	849
2009	709
2009	583
2009	542
2009	454
2009	405
2009	403
2009	274
2009	218
2009	206
2009	165
2009	130
2009	110
2009	83
2009	70
2009	34
2009	15
2009	8
2009	6
2009	2
