1961	2053231
1961	874559
1961	470832
1961	379818
1961	377958
1961	257305
1961	253889
1961	251147
1961	226656
1961	214189
1961	176200
1961	141408
1961	133400
1961	110862
1961	94493
1961	92909
1961	88659
1961	88200
1961	82327
1961	66494
1961	58100
1961	56630
1961	54612
1961	52344
1961	49900
1961	47600
1961	42668
1961	42020
1961	36647
1961	36171
1961	33678
1961	33188
1961	31270
1961	31044
1961	29120
1961	27496
1961	24240
1961	22150
1961	21400
1961	21307
1961	19000
1961	18600
1961	17200
1961	16750
1961	16261
1961	15133
1961	14300
1961	13300
1961	12800
1961	12300
1961	11800
1961	9806
1961	9585
1961	7600
1961	6750
1961	6539
1961	6300
1961	6011
1961	5960
1961	5200
1961	5133
1961	5000
1961	4300
1961	4200
1961	4100
1961	3900
1961	3900
1961	3900
1961	3669
1961	3500
1961	3400
1961	3000
1961	2800
1961	2800
1961	2400
1961	2300
1961	2200
1961	2000
1961	2000
1961	2000
1961	1800
1961	1765
1961	1750
1961	1600
1961	1600
1961	1400
1961	1358
1961	1300
1961	1200
1961	1200
1961	1095
1961	1000
1961	1000
1961	1000
1961	800
1961	800
1961	750
1961	600
1961	600
1961	500
1961	500
1961	400
1961	400
1961	400
1961	400
1961	400
1961	300
1961	200
1961	200
1961	200
1961	200
1961	200
1961	200
1961	200
1961	200
1961	200
1962	1947143
1962	1104563
1962	546189
1962	378583
1962	366973
1962	262256
1962	235341
1962	215717
1962	195281
1962	190000
1962	164554
1962	129457
1962	114068
1962	112586
1962	102757
1962	92209
1962	87893
1962	87400
1962	84014
1962	76940
1962	74900
1962	65185
1962	50822
1962	47274
1962	44184
1962	42905
1962	38498
1962	38336
1962	37283
1962	35100
1962	31537
1962	31125
1962	29580
1962	28643
1962	28418
1962	27700
1962	26400
1962	24420
1962	23600
1962	23349
1962	22050
1962	20820
1962	20244
1962	19800
1962	17200
1962	16306
1962	15600
1962	14290
1962	13800
1962	12128
1962	11800
1962	11600
1962	10601
1962	9711
1962	8150
1962	7600
1962	6850
1962	6220
1962	6000
1962	5600
1962	5200
1962	5100
1962	5000
1962	4800
1962	4650
1962	4127
1962	4100
1962	4000
1962	3400
1962	3400
1962	3300
1962	3200
1962	3000
1962	3000
1962	2800
1962	2800
1962	2500
1962	2500
1962	2400
1962	2400
1962	2200
1962	2200
1962	2161
1962	2100
1962	2000
1962	1900
1962	1867
1962	1800
1962	1500
1962	1400
1962	1400
1962	1318
1962	1250
1962	1200
1962	1000
1962	1000
1962	800
1962	800
1962	700
1962	700
1962	600
1962	600
1962	600
1962	500
1962	400
1962	400
1962	400
1962	400
1962	400
1962	400
1962	400
1962	200
1962	200
1962	200
1962	200
1962	200
1963	1779229
1963	1407642
1963	501171
1963	396966
1963	363546
1963	270563
1963	267170
1963	239958
1963	203100
1963	197086
1963	192429
1963	143236
1963	137445
1963	133354
1963	101850
1963	96491
1963	86800
1963	85681
1963	76111
1963	74288
1963	72239
1963	68379
1963	64388
1963	57475
1963	52325
1963	51307
1963	48428
1963	47118
1963	42567
1963	40044
1963	36476
1963	36310
1963	31460
1963	29412
1963	28622
1963	26700
1963	25505
1963	24730
1963	24578
1963	24471
1963	23400
1963	23100
1963	22000
1963	21800
1963	21150
1963	20594
1963	20500
1963	20400
1963	18300
1963	17200
1963	17019
1963	14243
1963	13972
1963	11100
1963	10944
1963	10008
1963	8800
1963	7483
1963	5950
1963	5600
1963	5450
1963	5100
1963	5000
1963	5000
1963	4900
1963	4400
1963	4300
1963	4140
1963	4000
1963	3635
1963	3300
1963	3200
1963	3138
1963	3000
1963	3000
1963	2550
1963	2500
1963	2400
1963	2400
1963	2100
1963	2000
1963	2000
1963	2000
1963	2000
1963	2000
1963	1900
1963	1800
1963	1800
1963	1800
1963	1800
1963	1600
1963	1200
1963	1200
1963	1000
1963	1000
1963	900
1963	800
1963	800
1963	800
1963	800
1963	719
1963	700
1963	700
1963	600
1963	600
1963	600
1963	500
1963	400
1963	400
1963	400
1963	400
1963	400
1963	200
1963	200
1963	200
1963	200
1963	200
1964	1784798
1964	1641991
1964	474550
1964	401291
1964	397866
1964	362500
1964	285076
1964	237547
1964	235632
1964	214203
1964	205979
1964	167070
1964	160525
1964	150706
1964	122939
1964	89900
1964	87815
1964	87200
1964	84465
1964	79437
1964	75496
1964	66920
1964	63419
1964	56152
1964	55950
1964	53241
1964	52480
1964	52155
1964	51700
1964	49669
1964	45629
1964	44538
1964	43265
1964	42713
1964	41317
1964	31050
1964	30745
1964	29350
1964	28381
1964	28100
1964	26206
1964	25800
1964	23800
1964	23800
1964	22611
1964	22579
1964	20800
1964	19700
1964	19700
1964	18200
1964	17600
1964	17172
1964	16800
1964	13733
1964	12250
1964	11906
1964	11570
1964	9850
1964	8000
1964	6455
1964	5900
1964	5800
1964	5716
1964	5600
1964	5600
1964	5000
1964	4200
1964	4100
1964	3629
1964	3367
1964	3200
1964	3006
1964	3000
1964	3000
1964	3000
1964	3000
1964	2800
1964	2800
1964	2800
1964	2750
1964	2600
1964	2600
1964	2600
1964	2400
1964	2250
1964	2200
1964	2100
1964	2100
1964	1800
1964	1800
1964	1400
1964	1267
1964	1200
1964	1100
1964	1100
1964	1000
1964	1000
1964	1000
1964	1000
1964	1000
1964	800
1964	800
1964	800
1964	800
1964	600
1964	600
1964	600
1964	500
1964	400
1964	400
1964	400
1964	200
1964	200
1964	200
1964	200
1964	200
1964	200
1964	200
1964	200
1965	2083671
1965	1439674
1965	501415
1965	474525
1965	394991
1965	381538
1965	321190
1965	288847
1965	241908
1965	235069
1965	197491
1965	169668
1965	144111
1965	142721
1965	120335
1965	109593
1965	96250
1965	90273
1965	85474
1965	85200
1965	81933
1965	62459
1965	61241
1965	59841
1965	59619
1965	59102
1965	50541
1965	49745
1965	49624
1965	46927
1965	44966
1965	43654
1965	38212
1965	38063
1965	35400
1965	32644
1965	31550
1965	30600
1965	28815
1965	28250
1965	27700
1965	27391
1965	25700
1965	25450
1965	24134
1965	24000
1965	21910
1965	20800
1965	20696
1965	14800
1965	13111
1965	12767
1965	12300
1965	11950
1965	10383
1965	10204
1965	8798
1965	8750
1965	7700
1965	7300
1965	7000
1965	6610
1965	6163
1965	6000
1965	5976
1965	5200
1965	5200
1965	5100
1965	4500
1965	4200
1965	4100
1965	4000
1965	3800
1965	3800
1965	3600
1965	3200
1965	3200
1965	3000
1965	3000
1965	3000
1965	2800
1965	2600
1965	2500
1965	2400
1965	2250
1965	2200
1965	2200
1965	2100
1965	2100
1965	2000
1965	1924
1965	1906
1965	1800
1965	1796
1965	1600
1965	1500
1965	1400
1965	1320
1965	1200
1965	1200
1965	1100
1965	1000
1965	800
1965	800
1965	600
1965	600
1965	600
1965	600
1965	400
1965	400
1965	200
1965	200
1965	200
1965	200
1965	200
1966	1880306
1966	1434686
1966	524701
1966	477607
1966	404488
1966	376359
1966	348573
1966	259518
1966	243885
1966	222283
1966	210100
1966	176725
1966	161725
1966	152687
1966	107556
1966	99737
1966	99145
1966	94689
1966	81977
1966	79000
1966	78986
1966	76548
1966	57719
1966	57566
1966	56511
1966	54788
1966	54066
1966	53887
1966	52921
1966	51476
1966	49278
1966	47588
1966	43306
1966	42700
1966	39115
1966	37850
1966	35250
1966	31356
1966	30900
1966	29895
1966	28625
1966	27631
1966	25500
1966	24300
1966	22600
1966	21600
1966	20989
1966	17063
1966	16420
1966	16222
1966	15000
1966	14750
1966	14320
1966	13886
1966	12500
1966	10684
1966	8700
1966	7800
1966	7430
1966	7000
1966	6474
1966	6400
1966	6300
1966	6100
1966	5400
1966	5387
1966	5100
1966	4972
1966	4700
1966	4000
1966	4000
1966	3900
1966	3840
1966	3700
1966	3600
1966	3489
1966	3400
1966	3157
1966	3000
1966	3000
1966	3000
1966	2900
1966	2800
1966	2624
1966	2500
1966	2500
1966	2500
1966	2236
1966	2200
1966	2200
1966	2109
1966	2000
1966	1800
1966	1680
1966	1600
1966	1600
1966	1600
1966	1400
1966	1400
1966	1200
1966	1100
1966	1000
1966	1000
1966	950
1966	840
1966	800
1966	800
1966	600
1966	600
1966	600
1966	500
1966	300
1966	200
1966	200
1966	200
1966	200
1966	200
1966	200
1966	120
1967	1722656
1967	1406884
1967	547325
1967	533083
1967	382491
1967	379881
1967	328701
1967	248310
1967	235700
1967	230768
1967	219824
1967	148386
1967	148125
1967	140356
1967	121364
1967	117397
1967	116313
1967	114508
1967	95564
1967	87395
1967	85800
1967	85642
1967	82172
1967	76106
1967	75500
1967	72000
1967	68914
1967	64402
1967	62556
1967	54812
1967	48388
1967	48019
1967	46466
1967	44313
1967	39836
1967	36425
1967	36137
1967	33781
1967	32896
1967	31776
1967	29026
1967	27282
1967	26600
1967	26218
1967	23600
1967	22700
1967	19986
1967	17768
1967	17400
1967	14872
1967	14809
1967	12650
1967	12450
1967	11755
1967	11463
1967	10167
1967	8750
1967	7700
1967	7600
1967	7560
1967	7200
1967	6900
1967	6800
1967	6547
1967	6500
1967	6305
1967	5855
1967	5200
1967	5100
1967	5044
1967	4585
1967	4500
1967	4400
1967	4300
1967	4136
1967	4030
1967	4000
1967	3600
1967	3600
1967	3500
1967	3015
1967	3000
1967	2900
1967	2600
1967	2514
1967	2423
1967	2400
1967	2350
1967	2300
1967	2300
1967	2100
1967	2000
1967	2000
1967	1800
1967	1750
1967	1600
1967	1462
1967	1400
1967	1200
1967	1000
1967	950
1967	840
1967	800
1967	800
1967	800
1967	800
1967	600
1967	600
1967	600
1967	600
1967	600
1967	500
1967	400
1967	300
1967	200
1967	200
1967	200
1967	88
1968	1729906
1968	1440004
1968	606568
1968	558888
1968	408483
1968	405175
1968	349385
1968	293692
1968	252878
1968	235887
1968	185009
1968	172080
1968	170380
1968	147019
1968	142233
1968	138897
1968	130503
1968	94603
1968	87800
1968	81762
1968	74813
1968	72968
1968	64359
1968	63259
1968	61100
1968	59667
1968	56026
1968	55616
1968	53500
1968	52732
1968	51347
1968	50879
1968	44617
1968	43759
1968	40995
1968	36838
1968	34538
1968	32345
1968	30405
1968	26408
1968	26032
1968	25400
1968	24600
1968	23100
1968	22335
1968	22083
1968	20750
1968	20200
1968	18737
1968	18600
1968	17550
1968	15984
1968	13189
1968	12211
1968	11850
1968	10853
1968	10600
1968	10076
1968	9500
1968	9280
1968	8500
1968	8400
1968	7644
1968	7200
1968	7060
1968	7000
1968	6900
1968	6900
1968	5600
1968	5314
1968	5200
1968	5100
1968	4800
1968	4506
1968	4500
1968	4400
1968	3500
1968	3400
1968	3200
1968	3194
1968	3177
1968	3000
1968	3000
1968	2700
1968	2673
1968	2362
1968	2200
1968	2156
1968	2000
1968	1900
1968	1606
1968	1600
1968	1500
1968	1400
1968	1400
1968	1200
1968	1200
1968	1200
1968	1000
1968	1000
1968	1000
1968	1000
1968	950
1968	915
1968	860
1968	800
1968	600
1968	600
1968	600
1968	500
1968	400
1968	400
1968	400
1968	300
1968	200
1968	200
1968	200
1968	200
1969	1601572
1969	1477308
1969	596680
1969	565268
1969	385606
1969	384773
1969	379400
1969	309982
1969	254131
1969	200493
1969	172336
1969	167756
1969	158933
1969	157492
1969	155877
1969	143470
1969	125752
1969	115563
1969	114615
1969	92700
1969	82900
1969	78602
1969	74656
1969	73654
1969	68113
1969	55459
1969	51817
1969	50748
1969	48793
1969	47423
1969	44792
1969	43368
1969	43345
1969	40611
1969	39545
1969	37855
1969	36762
1969	34081
1969	33911
1969	33615
1969	27400
1969	26295
1969	26094
1969	25219
1969	22300
1969	22298
1969	22200
1969	21200
1969	20421
1969	19300
1969	19216
1969	13596
1969	11950
1969	11656
1969	10511
1969	9254
1969	9140
1969	9000
1969	9000
1969	8800
1969	8633
1969	7200
1969	7000
1969	6600
1969	6563
1969	6400
1969	6300
1969	6300
1969	5657
1969	5600
1969	5200
1969	5090
1969	5000
1969	4400
1969	4303
1969	4300
1969	4200
1969	4200
1969	3600
1969	3500
1969	3300
1969	2830
1969	2500
1969	2412
1969	2400
1969	2400
1969	2359
1969	2346
1969	2200
1969	2000
1969	1964
1969	1900
1969	1700
1969	1600
1969	1600
1969	1400
1969	1200
1969	1200
1969	1100
1969	1000
1969	1000
1969	1000
1969	1000
1969	1000
1969	900
1969	800
1969	800
1969	800
1969	600
1969	500
1969	400
1969	400
1969	300
1969	200
1969	200
1969	200
1969	200
1969	200
1969	200
1969	200
1970	1800635
1970	1708796
1970	702667
1970	686787
1970	443141
1970	388339
1970	352888
1970	326565
1970	263367
1970	219378
1970	216028
1970	175659
1970	169232
1970	156763
1970	141011
1970	134355
1970	133218
1970	119565
1970	106913
1970	106200
1970	77181
1970	71419
1970	65767
1970	62508
1970	62332
1970	59560
1970	54978
1970	54251
1970	48693
1970	48294
1970	46023
1970	45884
1970	38780
1970	38219
1970	37985
1970	31326
1970	30578
1970	30400
1970	30094
1970	30085
1970	28585
1970	28100
1970	27278
1970	26926
1970	26150
1970	24200
1970	22126
1970	21820
1970	20864
1970	17984
1970	17061
1970	15000
1970	14587
1970	13501
1970	13400
1970	11565
1970	10193
1970	10000
1970	9753
1970	9400
1970	9390
1970	9000
1970	8918
1970	7667
1970	6900
1970	6900
1970	6600
1970	6540
1970	6492
1970	6400
1970	6156
1970	6000
1970	5924
1970	5600
1970	4783
1970	4200
1970	3900
1970	3860
1970	3850
1970	3700
1970	3600
1970	3329
1970	3300
1970	3019
1970	3000
1970	3000
1970	2969
1970	2400
1970	2400
1970	2312
1970	2300
1970	2300
1970	2091
1970	1900
1970	1732
1970	1500
1970	1500
1970	1400
1970	1200
1970	1200
1970	1200
1970	1200
1970	1200
1970	1200
1970	1000
1970	1000
1970	950
1970	900
1970	900
1970	800
1970	751
1970	663
1970	581
1970	400
1970	400
1970	400
1970	400
1970	200
1970	200
1970	200
1970	200
1970	200
1970	119
1970	100
1970	37
1971	1951809
1971	1663136
1971	737725
1971	683878
1971	500808
1971	399989
1971	358197
1971	285723
1971	259110
1971	256026
1971	211626
1971	209102
1971	191489
1971	182616
1971	151858
1971	133355
1971	132190
1971	113770
1971	107688
1971	107256
1971	106254
1971	102616
1971	95693
1971	79603
1971	70770
1971	67593
1971	62103
1971	59251
1971	59058
1971	57575
1971	55967
1971	55225
1971	51308
1971	48642
1971	47939
1971	45937
1971	42762
1971	40738
1971	40533
1971	39796
1971	33405
1971	30800
1971	29595
1971	29200
1971	28773
1971	27094
1971	23233
1971	21510
1971	20650
1971	19352
1971	17600
1971	16952
1971	15433
1971	15000
1971	11550
1971	11212
1971	11082
1971	10933
1971	10864
1971	10300
1971	10200
1971	10200
1971	9350
1971	9000
1971	8867
1971	8680
1971	8300
1971	8121
1971	8001
1971	7354
1971	7137
1971	6000
1971	6000
1971	5888
1971	5500
1971	5000
1971	4800
1971	4686
1971	4600
1971	4220
1971	3700
1971	3352
1971	3200
1971	3067
1971	2992
1971	2800
1971	2800
1971	2617
1971	2400
1971	2386
1971	2260
1971	2124
1971	2000
1971	1900
1971	1800
1971	1800
1971	1800
1971	1700
1971	1611
1971	1600
1971	1400
1971	1360
1971	1200
1971	1000
1971	950
1971	900
1971	800
1971	800
1971	800
1971	753
1971	750
1971	700
1971	600
1971	600
1971	600
1971	400
1971	400
1971	200
1971	200
1971	200
1971	200
1971	200
1971	193
1971	119
1971	49
1972	1809850
1972	1788680
1972	844872
1972	770421
1972	398255
1972	383980
1972	359179
1972	352225
1972	271444
1972	270144
1972	220447
1972	219568
1972	215485
1972	213666
1972	208663
1972	140957
1972	137143
1972	128094
1972	99334
1972	93338
1972	88857
1972	88823
1972	86836
1972	79305
1972	73079
1972	65199
1972	64281
1972	60054
1972	58591
1972	57518
1972	52999
1972	51649
1972	51040
1972	50723
1972	49661
1972	46727
1972	44181
1972	41689
1972	39150
1972	38359
1972	36583
1972	35736
1972	34972
1972	31600
1972	30009
1972	28072
1972	24147
1972	24046
1972	22846
1972	21845
1972	20929
1972	15873
1972	15000
1972	13699
1972	13322
1972	12968
1972	12210
1972	11600
1972	10637
1972	10400
1972	10024
1972	9855
1972	9440
1972	9216
1972	9049
1972	8656
1972	8500
1972	8400
1972	8200
1972	7978
1972	7500
1972	7301
1972	7138
1972	6200
1972	5668
1972	5609
1972	5500
1972	4618
1972	4600
1972	4600
1972	4600
1972	3700
1972	3463
1972	3394
1972	3300
1972	2800
1972	2800
1972	2324
1972	2317
1972	2202
1972	2100
1972	2040
1972	2000
1972	1917
1972	1900
1972	1850
1972	1600
1972	1600
1972	1478
1972	1400
1972	1400
1972	1200
1972	1105
1972	1000
1972	950
1972	914
1972	900
1972	900
1972	808
1972	800
1972	773
1972	660
1972	600
1972	600
1972	460
1972	400
1972	400
1972	400
1972	200
1972	200
1972	200
1972	200
1972	119
1972	100
1972	100
1972	90
1972	11
1973	2421232
1973	2100990
1973	836714
1973	808300
1973	462184
1973	451169
1973	315303
1973	300230
1973	291171
1973	277067
1973	273598
1973	268724
1973	219161
1973	193683
1973	151466
1973	149965
1973	143338
1973	121048
1973	106670
1973	105798
1973	99604
1973	97896
1973	89323
1973	84981
1973	77397
1973	69385
1973	66770
1973	63174
1973	60018
1973	59904
1973	56879
1973	55555
1973	55529
1973	53348
1973	46532
1973	45228
1973	44412
1973	41046
1973	38444
1973	37118
1973	36873
1973	35813
1973	35198
1973	34413
1973	32984
1973	30400
1973	28477
1973	27463
1973	23558
1973	22765
1973	21600
1973	21237
1973	17772
1973	16025
1973	15559
1973	15400
1973	15000
1973	14183
1973	13636
1973	12753
1973	11900
1973	11361
1973	11100
1973	10275
1973	9600
1973	9591
1973	8500
1973	7800
1973	7750
1973	7635
1973	7538
1973	7047
1973	6800
1973	6649
1973	6400
1973	6266
1973	5566
1973	5400
1973	5184
1973	4600
1973	4433
1973	4338
1973	3900
1973	3600
1973	3082
1973	3000
1973	2800
1973	2626
1973	2524
1973	2500
1973	2343
1973	2200
1973	2077
1973	1900
1973	1900
1973	1800
1973	1660
1973	1600
1973	1500
1973	1492
1973	1400
1973	1324
1973	1233
1973	1200
1973	1034
1973	950
1973	933
1973	900
1973	800
1973	800
1973	700
1973	600
1973	600
1973	600
1973	518
1973	500
1973	400
1973	400
1973	200
1973	200
1973	200
1973	200
1973	200
1973	168
1973	127
1973	78
1973	44
1973	20
1974	2685556
1974	2058221
1974	852751
1974	840571
1974	507962
1974	424349
1974	408682
1974	329440
1974	269669
1974	256509
1974	235227
1974	228806
1974	228213
1974	223837
1974	188971
1974	154238
1974	144232
1974	139974
1974	136230
1974	130295
1974	98870
1974	92815
1974	90755
1974	80719
1974	80302
1974	70706
1974	70297
1974	64292
1974	59955
1974	55345
1974	52980
1974	50703
1974	50060
1974	49740
1974	46641
1974	45351
1974	43656
1974	41937
1974	39680
1974	39000
1974	38843
1974	38604
1974	38302
1974	37358
1974	33991
1974	29178
1974	27896
1974	26469
1974	26061
1974	25080
1974	24447
1974	23928
1974	22042
1974	21310
1974	21072
1974	20597
1974	18986
1974	18154
1974	17947
1974	16900
1974	13000
1974	11874
1974	11312
1974	10740
1974	10292
1974	10044
1974	9253
1974	8330
1974	8000
1974	7988
1974	7729
1974	7602
1974	7003
1974	6860
1974	6800
1974	6355
1974	5400
1974	5064
1974	5018
1974	4954
1974	4950
1974	4600
1974	4010
1974	3540
1974	3297
1974	3150
1974	3000
1974	2982
1974	2713
1974	2594
1974	2270
1974	2200
1974	2132
1974	2000
1974	1880
1974	1800
1974	1684
1974	1608
1974	1532
1974	1488
1974	1460
1974	1434
1974	1229
1974	1200
1974	1159
1974	1070
1974	1035
1974	952
1974	950
1974	950
1974	937
1974	910
1974	800
1974	800
1974	600
1974	600
1974	430
1974	200
1974	200
1974	200
1974	200
1974	200
1974	182
1974	127
1974	32
1975	2690630
1975	2087073
1975	892636
1975	695918
1975	558685
1975	423385
1975	353678
1975	313307
1975	292647
1975	288464
1975	267222
1975	219258
1975	194398
1975	181652
1975	175050
1975	173934
1975	151382
1975	132068
1975	129413
1975	100390
1975	92860
1975	91397
1975	88955
1975	83683
1975	83524
1975	76187
1975	71311
1975	68015
1975	66116
1975	63618
1975	58901
1975	56464
1975	51943
1975	51052
1975	49269
1975	47772
1975	47053
1975	44774
1975	44288
1975	43818
1975	43114
1975	42232
1975	41306
1975	33883
1975	33548
1975	31388
1975	30386
1975	29519
1975	29202
1975	28538
1975	26455
1975	26188
1975	25000
1975	23873
1975	18604
1975	18261
1975	17290
1975	16328
1975	15650
1975	15260
1975	15183
1975	14913
1975	14659
1975	13642
1975	13618
1975	10721
1975	10511
1975	9880
1975	9280
1975	8625
1975	8339
1975	8000
1975	7898
1975	7870
1975	7857
1975	7012
1975	6871
1975	5703
1975	5446
1975	5400
1975	5160
1975	4600
1975	4400
1975	3958
1975	3575
1975	3524
1975	3482
1975	3450
1975	3000
1975	2838
1975	2482
1975	2423
1975	2150
1975	1902
1975	1800
1975	1721
1975	1702
1975	1700
1975	1600
1975	1600
1975	1576
1975	1535
1975	1531
1975	1500
1975	1451
1975	1280
1975	1188
1975	1134
1975	1130
1975	952
1975	784
1975	700
1975	600
1975	580
1975	569
1975	400
1975	340
1975	292
1975	240
1975	206
1975	206
1975	200
1975	200
1975	138
1975	135
1975	120
1975	104
1975	18
1975	1
1976	2036283
1976	1797806
1976	792443
1976	757666
1976	586080
1976	425577
1976	369039
1976	314679
1976	288268
1976	277919
1976	271681
1976	265424
1976	262422
1976	256141
1976	176520
1976	161604
1976	150999
1976	144411
1976	137817
1976	121940
1976	107858
1976	100275
1976	99262
1976	98527
1976	97623
1976	83633
1976	71211
1976	61507
1976	60922
1976	57685
1976	57603
1976	53392
1976	51230
1976	49578
1976	48889
1976	45531
1976	43518
1976	43388
1976	42221
1976	38350
1976	36412
1976	35283
1976	35078
1976	32444
1976	32164
1976	30335
1976	26643
1976	26570
1976	25558
1976	25000
1976	24479
1976	23750
1976	21712
1976	20859
1976	18951
1976	17689
1976	17656
1976	17550
1976	15583
1976	15316
1976	13471
1976	12934
1976	11857
1976	10931
1976	10197
1976	9771
1976	8793
1976	8466
1976	8086
1976	7789
1976	7580
1976	6690
1976	6177
1976	5663
1976	5504
1976	5241
1976	4250
1976	3726
1976	3721
1976	3176
1976	3150
1976	2721
1976	2530
1976	2518
1976	2514
1976	2274
1976	2092
1976	2091
1976	2004
1976	1914
1976	1899
1976	1871
1976	1838
1976	1800
1976	1800
1976	1430
1976	1212
1976	1130
1976	1084
1976	1071
1976	1034
1976	999
1976	966
1976	956
1976	829
1976	802
1976	730
1976	715
1976	564
1976	492
1976	454
1976	411
1976	322
1976	290
1976	247
1976	238
1976	181
1976	152
1976	87
1976	48
1976	12
1976	9
1977	2180233
1977	1916641
1977	879582
1977	677778
1977	615237
1977	424105
1977	383972
1977	335196
1977	326337
1977	297272
1977	250420
1977	229734
1977	207561
1977	201032
1977	178334
1977	168326
1977	160940
1977	140041
1977	137870
1977	125859
1977	125480
1977	118020
1977	112374
1977	105576
1977	102789
1977	101641
1977	90437
1977	74945
1977	71532
1977	66981
1977	59533
1977	57776
1977	55573
1977	52539
1977	51400
1977	45888
1977	45449
1977	43956
1977	42503
1977	39735
1977	36736
1977	35683
1977	34810
1977	34596
1977	34312
1977	32433
1977	27522
1977	26932
1977	25400
1977	24295
1977	24043
1977	23633
1977	23060
1977	22664
1977	18627
1977	16724
1977	16273
1977	15136
1977	14941
1977	14438
1977	13857
1977	13152
1977	12977
1977	12268
1977	11809
1977	8220
1977	8202
1977	6090
1977	5536
1977	5453
1977	5084
1977	4839
1977	4726
1977	4613
1977	4353
1977	4209
1977	4170
1977	3880
1977	3720
1977	3708
1977	3550
1977	3436
1977	3300
1977	3019
1977	3002
1977	2745
1977	2618
1977	2469
1977	2346
1977	2050
1977	1856
1977	1777
1977	1680
1977	1642
1977	1638
1977	1344
1977	1293
1977	1134
1977	1112
1977	983
1977	928
1977	810
1977	693
1977	628
1977	612
1977	465
1977	416
1977	376
1977	356
1977	354
1977	317
1977	289
1977	252
1977	202
1977	154
1977	152
1977	145
1977	120
1977	54
1977	29
1977	9
1977	5
1978	2480314
1978	2296361
1978	816310
1978	800125
1978	630963
1978	486364
1978	438640
1978	368325
1978	334192
1978	333469
1978	271985
1978	213479
1978	193291
1978	189393
1978	172991
1978	167945
1978	153858
1978	140239
1978	136938
1978	131548
1978	118987
1978	115515
1978	113117
1978	111301
1978	108433
1978	101118
1978	97815
1978	84276
1978	74195
1978	68240
1978	62554
1978	56955
1978	55778
1978	53693
1978	52520
1978	51494
1978	48300
1978	48143
1978	45344
1978	43297
1978	42696
1978	41060
1978	39851
1978	37195
1978	37088
1978	33554
1978	33394
1978	32944
1978	30783
1978	30733
1978	27585
1978	25382
1978	25223
1978	25036
1978	23624
1978	21469
1978	20147
1978	19811
1978	16023
1978	15758
1978	15230
1978	15021
1978	14881
1978	14650
1978	14099
1978	13637
1978	11831
1978	10675
1978	10642
1978	9546
1978	8293
1978	8212
1978	7318
1978	6774
1978	6750
1978	5714
1978	5421
1978	5344
1978	4628
1978	4076
1978	3972
1978	3681
1978	3646
1978	3592
1978	3550
1978	3000
1978	2828
1978	2665
1978	2207
1978	2110
1978	1988
1978	1758
1978	1752
1978	1739
1978	1732
1978	1470
1978	1400
1978	1218
1978	1186
1978	1030
1978	979
1978	850
1978	616
1978	434
1978	427
1978	414
1978	413
1978	404
1978	388
1978	336
1978	302
1978	211
1978	194
1978	191
1978	158
1978	110
1978	88
1978	35
1978	14
1978	5
1979	2413826
1979	2265874
1979	769570
1979	736930
1979	670723
1979	455928
1979	453039
1979	398746
1979	373636
1979	349008
1979	287054
1979	220390
1979	219503
1979	187139
1979	183641
1979	172835
1979	158370
1979	155796
1979	154642
1979	145786
1979	134944
1979	119144
1979	114487
1979	101632
1979	92884
1979	87888
1979	82771
1979	79019
1979	69574
1979	65768
1979	62759
1979	59559
1979	59283
1979	59155
1979	59006
1979	55193
1979	52285
1979	50090
1979	44029
1979	41637
1979	41603
1979	39828
1979	39273
1979	38982
1979	35479
1979	33504
1979	31909
1979	31068
1979	30211
1979	30080
1979	29418
1979	28198
1979	25563
1979	24897
1979	22749
1979	22749
1979	21476
1979	20884
1979	17750
1979	17554
1979	14817
1979	14640
1979	14530
1979	13793
1979	12902
1979	12840
1979	12132
1979	11622
1979	11491
1979	11130
1979	10417
1979	9914
1979	8669
1979	6227
1979	6051
1979	5510
1979	4730
1979	4261
1979	3698
1979	3603
1979	3590
1979	3502
1979	3058
1979	2951
1979	2651
1979	2584
1979	2538
1979	2482
1979	2122
1979	1946
1979	1914
1979	1770
1979	1632
1979	1268
1979	1000
1979	930
1979	909
1979	830
1979	820
1979	762
1979	672
1979	515
1979	488
1979	414
1979	320
1979	316
1979	315
1979	312
1979	300
1979	272
1979	218
1979	210
1979	192
1979	133
1979	97
1979	69
1979	22
1979	6
1979	6
1979	4
1980	2592534
1980	2256496
1980	815932
1980	729187
1980	704235
1980	510260
1980	453747
1980	422609
1980	404430
1980	345175
1980	304370
1980	258184
1980	253472
1980	231881
1980	193235
1980	171550
1980	170274
1980	162365
1980	144698
1980	138863
1980	134821
1980	128253
1980	112740
1980	109995
1980	103069
1980	101551
1980	98171
1980	82591
1980	68315
1980	67911
1980	67369
1980	67069
1980	66336
1980	62182
1980	60793
1980	53771
1980	52177
1980	50073
1980	47705
1980	44866
1980	44533
1980	43261
1980	42448
1980	38996
1980	36806
1980	36678
1980	36012
1980	35622
1980	33827
1980	33034
1980	30557
1980	24444
1980	23997
1980	23846
1980	23524
1980	23126
1980	20004
1980	18865
1980	18686
1980	17103
1980	16895
1980	16342
1980	14217
1980	14138
1980	14121
1980	13660
1980	11311
1980	10534
1980	9346
1980	9177
1980	9163
1980	8476
1980	8170
1980	7129
1980	6571
1980	6425
1980	6061
1980	4952
1980	4693
1980	3640
1980	2718
1980	2567
1980	2381
1980	2320
1980	2200
1980	2156
1980	2073
1980	1896
1980	1860
1980	1781
1980	1750
1980	1509
1980	1399
1980	1267
1980	1207
1980	1146
1980	1100
1980	951
1980	918
1980	850
1980	834
1980	829
1980	716
1980	716
1980	612
1980	605
1980	556
1980	524
1980	446
1980	338
1980	328
1980	300
1980	276
1980	242
1980	200
1980	192
1980	120
1980	67
1980	39
1980	38
1980	2
1981	2773528
1981	2191176
1981	778396
1981	761078
1981	746182
1981	549829
1981	448256
1981	446759
1981	409281
1981	365742
1981	301934
1981	292368
1981	282152
1981	229896
1981	187369
1981	185493
1981	165579
1981	165386
1981	159971
1981	147786
1981	139925
1981	138230
1981	129331
1981	113975
1981	112221
1981	107142
1981	94652
1981	92337
1981	85797
1981	82758
1981	82253
1981	76809
1981	75275
1981	64556
1981	59239
1981	58502
1981	57530
1981	57216
1981	56901
1981	51318
1981	50931
1981	48825
1981	45535
1981	45062
1981	40474
1981	38724
1981	38284
1981	38130
1981	36946
1981	36940
1981	35000
1981	33777
1981	21581
1981	20843
1981	20618
1981	18798
1981	17404
1981	16786
1981	15838
1981	15218
1981	13854
1981	13313
1981	13034
1981	11939
1981	11111
1981	10091
1981	9469
1981	8970
1981	8807
1981	8608
1981	8491
1981	7721
1981	7151
1981	6994
1981	6682
1981	6578
1981	5977
1981	5674
1981	5322
1981	4975
1981	4416
1981	3910
1981	3604
1981	3348
1981	3058
1981	2958
1981	2898
1981	2258
1981	2200
1981	2164
1981	1938
1981	1736
1981	1620
1981	1418
1981	1228
1981	1169
1981	966
1981	917
1981	864
1981	773
1981	760
1981	575
1981	566
1981	545
1981	496
1981	480
1981	389
1981	371
1981	365
1981	324
1981	318
1981	244
1981	231
1981	200
1981	121
1981	86
1981	62
1981	1
1982	2688911
1982	2201023
1982	837313
1982	811893
1982	694067
1982	538069
1982	477849
1982	427018
1982	376590
1982	368865
1982	339953
1982	330596
1982	318994
1982	267925
1982	234204
1982	182879
1982	166131
1982	158686
1982	150251
1982	129512
1982	128375
1982	127569
1982	121030
1982	119720
1982	112585
1982	98671
1982	96614
1982	96097
1982	95483
1982	88750
1982	78405
1982	71287
1982	65844
1982	63808
1982	58929
1982	55645
1982	53225
1982	52692
1982	52265
1982	45618
1982	43883
1982	43225
1982	42952
1982	41416
1982	40000
1982	38139
1982	36425
1982	35946
1982	31624
1982	30586
1982	28573
1982	27987
1982	26072
1982	21887
1982	21710
1982	17699
1982	17606
1982	17476
1982	17428
1982	17056
1982	16899
1982	16880
1982	16865
1982	16500
1982	15216
1982	14550
1982	12091
1982	10565
1982	9862
1982	9139
1982	8479
1982	8343
1982	7459
1982	7136
1982	6850
1982	6651
1982	6020
1982	5373
1982	5168
1982	4492
1982	4090
1982	3122
1982	3098
1982	2900
1982	2833
1982	2587
1982	2057
1982	1972
1982	1879
1982	1800
1982	1741
1982	1735
1982	1682
1982	1626
1982	1514
1982	1502
1982	1227
1982	1134
1982	988
1982	918
1982	897
1982	866
1982	800
1982	710
1982	658
1982	580
1982	549
1982	536
1982	373
1982	344
1982	310
1982	237
1982	222
1982	206
1982	200
1982	172
1982	165
1982	40
1982	4
1983	2707122
1983	2565695
1983	885527
1983	832209
1983	724072
1983	507738
1983	427971
1983	392499
1983	360322
1983	352876
1983	329632
1983	269569
1983	268782
1983	225846
1983	221346
1983	211711
1983	181938
1983	158962
1983	155279
1983	138365
1983	133982
1983	132964
1983	131395
1983	124861
1983	108742
1983	103962
1983	97498
1983	94029
1983	93684
1983	92691
1983	89151
1983	84205
1983	77540
1983	74684
1983	66379
1983	61661
1983	54743
1983	53876
1983	51915
1983	51861
1983	50888
1983	45910
1983	45136
1983	43893
1983	42693
1983	42146
1983	40351
1983	40000
1983	37205
1983	33997
1983	28508
1983	24766
1983	20801
1983	20653
1983	20422
1983	18686
1983	17800
1983	17247
1983	17155
1983	17108
1983	17007
1983	15535
1983	14909
1983	14470
1983	13852
1983	11669
1983	11508
1983	10642
1983	10323
1983	9572
1983	9448
1983	8499
1983	8434
1983	8246
1983	8028
1983	6868
1983	6009
1983	5922
1983	5897
1983	5706
1983	4270
1983	3820
1983	3398
1983	3389
1983	2950
1983	2854
1983	2503
1983	2480
1983	2245
1983	1915
1983	1832
1983	1791
1983	1771
1983	1734
1983	1480
1983	1080
1983	1071
1983	1062
1983	812
1983	803
1983	762
1983	679
1983	660
1983	660
1983	572
1983	481
1983	451
1983	408
1983	368
1983	359
1983	216
1983	208
1983	180
1983	145
1983	90
1983	80
1983	76
1983	58
1983	40
1983	8
1984	2733972
1984	2547023
1984	944668
1984	793108
1984	771953
1984	485159
1984	444133
1984	422755
1984	385978
1984	338673
1984	337594
1984	315870
1984	221987
1984	218340
1984	217386
1984	214459
1984	182212
1984	180624
1984	162124
1984	156659
1984	150585
1984	147059
1984	142514
1984	130054
1984	129045
1984	125818
1984	106758
1984	98060
1984	96904
1984	78836
1984	77364
1984	74886
1984	73414
1984	71055
1984	66541
1984	56848
1984	56614
1984	54956
1984	54098
1984	52930
1984	46652
1984	45632
1984	43138
1984	42709
1984	42499
1984	42482
1984	42044
1984	40384
1984	39689
1984	38225
1984	36952
1984	32478
1984	30000
1984	22980
1984	22261
1984	19408
1984	18888
1984	17693
1984	17585
1984	17583
1984	17426
1984	16143
1984	13586
1984	12646
1984	12129
1984	11423
1984	10678
1984	10546
1984	10356
1984	9653
1984	9147
1984	8425
1984	8400
1984	7258
1984	6963
1984	6329
1984	5500
1984	5412
1984	4450
1984	3890
1984	3808
1984	3273
1984	3272
1984	3056
1984	2986
1984	2780
1984	2600
1984	2200
1984	2154
1984	2148
1984	2071
1984	1722
1984	1671
1984	1634
1984	1476
1984	1400
1984	1294
1984	1057
1984	1022
1984	892
1984	860
1984	750
1984	654
1984	610
1984	600
1984	584
1984	492
1984	486
1984	402
1984	389
1984	371
1984	325
1984	268
1984	222
1984	219
1984	193
1984	178
1984	170
1984	155
1984	151
1984	150
1984	5
1984	4
1985	2902495
1985	2700079
1985	997030
1985	816655
1985	784586
1985	469456
1985	449658
1985	367676
1985	347567
1985	343229
1985	337140
1985	260866
1985	232968
1985	224469
1985	216360
1985	196455
1985	191871
1985	173949
1985	173444
1985	154053
1985	153865
1985	146919
1985	145188
1985	142878
1985	142134
1985	113956
1985	110376
1985	100003
1985	93083
1985	84764
1985	83131
1985	81931
1985	80710
1985	79502
1985	76268
1985	62258
1985	58411
1985	57088
1985	56063
1985	55915
1985	54137
1985	50750
1985	49177
1985	49079
1985	45749
1985	43460
1985	40478
1985	39602
1985	37780
1985	35095
1985	35036
1985	30865
1985	29713
1985	28910
1985	28311
1985	24011
1985	22048
1985	21510
1985	20712
1985	19656
1985	18588
1985	16775
1985	16436
1985	16011
1985	15409
1985	15327
1985	14785
1985	13867
1985	13336
1985	12552
1985	11117
1985	10296
1985	9740
1985	9318
1985	8967
1985	8593
1985	6167
1985	6065
1985	5221
1985	5056
1985	5050
1985	4620
1985	3508
1985	3411
1985	3097
1985	2557
1985	2400
1985	2394
1985	2216
1985	2178
1985	2147
1985	1912
1985	1736
1985	1489
1985	1417
1985	1350
1985	1272
1985	1230
1985	1053
1985	1038
1985	995
1985	979
1985	966
1985	940
1985	848
1985	765
1985	763
1985	720
1985	695
1985	669
1985	522
1985	433
1985	402
1985	395
1985	380
1985	372
1985	335
1985	268
1985	168
1985	139
1985	132
1985	99
1985	3
1986	2835155
1986	2482151
1986	1019644
1986	903128
1986	855254
1986	474474
1986	438038
1986	400013
1986	365199
1986	361309
1986	334269
1986	321828
1986	255072
1986	243367
1986	221673
1986	219387
1986	197392
1986	194104
1986	170073
1986	158155
1986	153698
1986	138120
1986	130919
1986	130578
1986	127534
1986	123476
1986	119075
1986	116610
1986	110954
1986	102167
1986	95702
1986	95272
1986	93218
1986	81505
1986	76266
1986	74538
1986	56956
1986	55466
1986	53475
1986	52957
1986	48278
1986	47915
1986	46999
1986	46646
1986	42051
1986	41945
1986	41800
1986	38803
1986	38113
1986	36467
1986	35866
1986	35067
1986	32389
1986	32116
1986	29100
1986	28688
1986	27369
1986	26325
1986	26126
1986	22096
1986	20359
1986	19114
1986	18717
1986	18421
1986	17330
1986	16814
1986	15071
1986	14533
1986	14319
1986	13710
1986	13531
1986	12764
1986	11510
1986	8893
1986	8758
1986	8099
1986	7517
1986	5384
1986	4696
1986	4670
1986	3851
1986	3776
1986	3664
1986	3162
1986	3113
1986	2864
1986	2857
1986	2660
1986	2500
1986	2430
1986	2414
1986	2337
1986	2328
1986	2116
1986	2038
1986	1900
1986	1776
1986	1593
1986	1531
1986	1478
1986	1375
1986	1246
1986	1032
1986	1029
1986	1000
1986	973
1986	964
1986	868
1986	789
1986	760
1986	738
1986	695
1986	580
1986	531
1986	468
1986	357
1986	325
1986	244
1986	219
1986	201
1986	164
1986	120
1986	95
1986	1
1987	2619724
1987	2236482
1987	1021745
1987	947391
1987	933209
1987	582644
1987	397647
1987	385306
1987	366115
1987	327263
1987	292423
1987	278427
1987	264669
1987	264261
1987	245056
1987	243956
1987	213776
1987	182042
1987	177372
1987	167216
1987	155659
1987	154157
1987	150338
1987	139720
1987	138155
1987	128434
1987	127283
1987	124972
1987	122745
1987	114015
1987	111391
1987	109728
1987	106237
1987	100102
1987	91105
1987	78912
1987	65197
1987	56784
1987	50981
1987	49406
1987	49152
1987	47725
1987	45900
1987	42657
1987	41928
1987	35152
1987	35016
1987	32449
1987	31648
1987	31576
1987	31462
1987	31184
1987	30046
1987	29810
1987	29318
1987	29066
1987	27463
1987	26433
1987	26268
1987	25408
1987	23686
1987	23068
1987	23002
1987	19540
1987	19429
1987	19259
1987	18072
1987	14885
1987	14515
1987	11814
1987	11326
1987	10061
1987	9341
1987	9092
1987	8639
1987	7857
1987	6952
1987	6832
1987	5450
1987	4884
1987	4805
1987	4087
1987	3406
1987	3316
1987	3243
1987	3097
1987	2858
1987	2810
1987	2797
1987	2750
1987	2688
1987	2568
1987	2414
1987	2400
1987	2209
1987	2121
1987	1931
1987	1836
1987	1830
1987	1700
1987	1598
1987	1388
1987	1316
1987	1290
1987	1020
1987	1000
1987	961
1987	888
1987	670
1987	639
1987	613
1987	599
1987	548
1987	511
1987	460
1987	418
1987	398
1987	253
1987	198
1987	168
1987	164
1987	146
1987	142
1987	32
1988	2897888
1988	2199762
1988	1092952
1988	1014866
1988	838972
1988	480349
1988	446390
1988	405145
1988	397798
1988	350877
1988	308823
1988	297214
1988	270842
1988	239162
1988	233693
1988	209793
1988	203051
1988	195873
1988	195463
1988	187235
1988	168425
1988	150456
1988	144683
1988	144296
1988	142352
1988	128935
1988	117004
1988	113899
1988	113669
1988	110363
1988	105230
1988	103162
1988	98533
1988	96329
1988	92107
1988	89167
1988	80505
1988	49002
1988	45968
1988	45443
1988	45076
1988	41907
1988	40242
1988	40060
1988	39442
1988	39384
1988	38676
1988	35646
1988	34318
1988	33994
1988	32164
1988	32114
1988	32058
1988	31216
1988	29463
1988	26415
1988	26007
1988	25716
1988	24697
1988	23526
1988	22679
1988	22621
1988	21401
1988	21087
1988	21082
1988	18969
1988	18521
1988	17918
1988	17637
1988	16712
1988	15977
1988	14814
1988	12361
1988	10615
1988	10356
1988	9236
1988	8716
1988	7289
1988	5675
1988	5480
1988	5024
1988	4788
1988	4687
1988	4627
1988	4518
1988	4207
1988	3460
1988	3403
1988	3386
1988	3305
1988	2400
1988	2350
1988	2192
1988	2184
1988	2093
1988	1866
1988	1527
1988	1490
1988	1486
1988	1210
1988	1195
1988	1192
1988	1056
1988	1000
1988	860
1988	633
1988	631
1988	588
1988	562
1988	448
1988	424
1988	382
1988	380
1988	296
1988	272
1988	200
1988	196
1988	190
1988	176
1988	165
1988	155
1988	153
1988	152
1988	132
1988	40
1988	11
1988	7
1989	2930470
1989	2430632
1989	1179050
1989	1089933
1989	944510
1989	530385
1989	519851
1989	438165
1989	405884
1989	368888
1989	335297
1989	330550
1989	291387
1989	251655
1989	248031
1989	192781
1989	190863
1989	185165
1989	183392
1989	177812
1989	174715
1989	170750
1989	153280
1989	141926
1989	141687
1989	140311
1989	133161
1989	121203
1989	120087
1989	108222
1989	105529
1989	97564
1989	86482
1989	85098
1989	83106
1989	79732
1989	68866
1989	54611
1989	49359
1989	44549
1989	42898
1989	42014
1989	41717
1989	40074
1989	39356
1989	37783
1989	37494
1989	36729
1989	34606
1989	33835
1989	32794
1989	32147
1989	31108
1989	30783
1989	29810
1989	28164
1989	27337
1989	26902
1989	25050
1989	24723
1989	23709
1989	23232
1989	19803
1989	18875
1989	18210
1989	17378
1989	17228
1989	17218
1989	16676
1989	15988
1989	14428
1989	13908
1989	13458
1989	12046
1989	11742
1989	11612
1989	9986
1989	9563
1989	8651
1989	8510
1989	6661
1989	6531
1989	6477
1989	5473
1989	4372
1989	4345
1989	4168
1989	3949
1989	3751
1989	3310
1989	3234
1989	2738
1989	2673
1989	2400
1989	2172
1989	2068
1989	1886
1989	1794
1989	1673
1989	1658
1989	1580
1989	1476
1989	1465
1989	1251
1989	1249
1989	1220
1989	1033
1989	1000
1989	932
1989	930
1989	866
1989	852
1989	819
1989	709
1989	659
1989	631
1989	558
1989	553
1989	500
1989	464
1989	441
1989	417
1989	384
1989	320
1989	263
1989	242
1989	151
1989	140
1989	112
1989	49
1989	9
1990	3384425
1990	2447517
1990	1222482
1990	1149385
1990	789942
1990	568908
1990	512981
1990	487324
1990	443301
1990	367273
1990	327630
1990	309849
1990	290270
1990	244696
1990	233128
1990	232664
1990	215549
1990	210617
1990	209803
1990	206000
1990	204374
1990	171214
1990	169326
1990	169321
1990	161045
1990	148167
1990	142172
1990	117780
1990	113149
1990	100759
1990	96819
1990	93274
1990	89979
1990	78699
1990	77889
1990	75804
1990	74563
1990	59899
1990	56943
1990	52721
1990	52363
1990	48792
1990	48158
1990	45947
1990	42441
1990	40060
1990	38709
1990	37921
1990	37715
1990	35649
1990	32941
1990	31411
1990	30685
1990	29062
1990	28755
1990	28337
1990	26748
1990	25970
1990	25563
1990	25390
1990	18440
1990	18146
1990	17709
1990	17378
1990	16573
1990	14594
1990	13944
1990	13781
1990	12920
1990	12670
1990	12530
1990	12528
1990	11148
1990	10810
1990	10292
1990	10112
1990	9954
1990	8271
1990	8237
1990	7192
1990	7165
1990	7151
1990	6457
1990	5914
1990	5367
1990	5351
1990	5240
1990	4681
1990	4637
1990	4445
1990	3712
1990	3170
1990	2435
1990	2400
1990	2194
1990	2098
1990	2052
1990	2049
1990	1979
1990	1923
1990	1835
1990	1800
1990	1711
1990	1598
1990	1581
1990	1564
1990	1362
1990	1291
1990	1135
1990	928
1990	840
1990	825
1990	661
1990	647
1990	629
1990	577
1990	476
1990	452
1990	362
1990	336
1990	308
1990	296
1990	284
1990	200
1990	190
1990	157
1990	143
1990	98
1990	52
1990	39
1990	26
1990	3
1991	2723550
1991	2476910
1991	1287041
1991	1229980
1991	832554
1991	782128
1991	526056
1991	523963
1991	391176
1991	374758
1991	250339
1991	228645
1991	226055
1991	220105
1991	215067
1991	193925
1991	192237
1991	183071
1991	181155
1991	164724
1991	160952
1991	160674
1991	156291
1991	141287
1991	139853
1991	135371
1991	124650
1991	117705
1991	109346
1991	89383
1991	89109
1991	73082
1991	72071
1991	70080
1991	66775
1991	62267
1991	59818
1991	58468
1991	57421
1991	57199
1991	56089
1991	54550
1991	51232
1991	51062
1991	48985
1991	45435
1991	45084
1991	44391
1991	43338
1991	41448
1991	33811
1991	33790
1991	33442
1991	27780
1991	27685
1991	27216
1991	26386
1991	24154
1991	23472
1991	22956
1991	21618
1991	21475
1991	20369
1991	20293
1991	19982
1991	19487
1991	18189
1991	18090
1991	16992
1991	16922
1991	15684
1991	13175
1991	12804
1991	12077
1991	11731
1991	11656
1991	11134
1991	10330
1991	10309
1991	8390
1991	8365
1991	7089
1991	6452
1991	5958
1991	5947
1991	5287
1991	5238
1991	4897
1991	4383
1991	4091
1991	3972
1991	3758
1991	3111
1991	2660
1991	2450
1991	2330
1991	2304
1991	2020
1991	1723
1991	1665
1991	1588
1991	1560
1991	1558
1991	1374
1991	1296
1991	1293
1991	1264
1991	1158
1991	1118
1991	885
1991	774
1991	756
1991	653
1991	625
1991	560
1991	549
1991	470
1991	450
1991	341
1991	336
1991	302
1991	240
1991	188
1991	177
1991	120
1991	119
1991	114
1991	107
1991	87
1991	74
1991	10
1991	8
1992	2256675
1992	1409281
1992	1238474
1992	817868
1992	791363
1992	744108
1992	574155
1992	478520
1992	406209
1992	338870
1992	338749
1992	321415
1992	319697
1992	314537
1992	278774
1992	275765
1992	274699
1992	267152
1992	245833
1992	210052
1992	205868
1992	204492
1992	203310
1992	183957
1992	171822
1992	171102
1992	155371
1992	155323
1992	148557
1992	131847
1992	108930
1992	90930
1992	87178
1992	84739
1992	81930
1992	61998
1992	60352
1992	58928
1992	58226
1992	55096
1992	52764
1992	51767
1992	50575
1992	46382
1992	41826
1992	40174
1992	39311
1992	37630
1992	36661
1992	36228
1992	35696
1992	35512
1992	34950
1992	34512
1992	33296
1992	32838
1992	30830
1992	30646
1992	29717
1992	28800
1992	26258
1992	25771
1992	25207
1992	24088
1992	22823
1992	21356
1992	20193
1992	17385
1992	17238
1992	17115
1992	16097
1992	15812
1992	15792
1992	15163
1992	12248
1992	11410
1992	11045
1992	10868
1992	10595
1992	9974
1992	9013
1992	8196
1992	7338
1992	6955
1992	6353
1992	6314
1992	5646
1992	5225
1992	5144
1992	4857
1992	4823
1992	4590
1992	4319
1992	4230
1992	4191
1992	4134
1992	3757
1992	3073
1992	2903
1992	2560
1992	2543
1992	2434
1992	2364
1992	1936
1992	1761
1992	1678
1992	1538
1992	1480
1992	1467
1992	1450
1992	1412
1992	1247
1992	1237
1992	1212
1992	1156
1992	1147
1992	1044
1992	1032
1992	862
1992	857
1992	844
1992	770
1992	767
1992	688
1992	674
1992	656
1992	540
1992	455
1992	455
1992	436
1992	424
1992	400
1992	348
1992	275
1992	260
1992	218
1992	92
1992	79
1992	65
1992	50
1992	5
1992	4
1993	2386589
1993	1456351
1993	1093715
1993	892119
1993	693814
1993	613453
1993	548432
1993	524470
1993	486563
1993	422013
1993	347406
1993	326742
1993	306432
1993	302584
1993	302351
1993	298883
1993	272547
1993	268965
1993	263043
1993	250622
1993	224680
1993	215903
1993	184161
1993	176565
1993	172264
1993	161957
1993	147395
1993	144246
1993	137234
1993	130957
1993	129955
1993	106079
1993	100728
1993	87158
1993	77486
1993	69722
1993	65380
1993	62002
1993	61616
1993	60966
1993	60338
1993	58375
1993	53340
1993	47150
1993	46272
1993	45505
1993	44397
1993	44136
1993	42234
1993	40967
1993	33441
1993	31694
1993	31693
1993	30568
1993	30465
1993	29779
1993	26618
1993	26326
1993	26206
1993	25192
1993	25051
1993	24638
1993	23720
1993	23158
1993	22833
1993	22805
1993	22593
1993	22025
1993	21666
1993	19882
1993	19347
1993	18297
1993	16508
1993	16103
1993	15460
1993	14850
1993	13040
1993	11545
1993	11387
1993	11102
1993	9213
1993	9034
1993	8419
1993	8341
1993	8236
1993	7113
1993	6633
1993	5656
1993	5575
1993	5469
1993	5236
1993	4911
1993	4593
1993	4069
1993	3870
1993	3688
1993	3564
1993	3185
1993	3184
1993	2800
1993	2630
1993	2350
1993	2268
1993	2251
1993	2122
1993	1907
1993	1844
1993	1813
1993	1630
1993	1618
1993	1516
1993	1501
1993	1387
1993	1379
1993	1340
1993	1338
1993	1331
1993	1188
1993	1164
1993	1135
1993	1049
1993	936
1993	923
1993	796
1993	743
1993	737
1993	681
1993	571
1993	564
1993	506
1993	479
1993	450
1993	431
1993	400
1993	325
1993	301
1993	300
1993	292
1993	261
1993	173
1993	131
1993	113
1993	60
1993	3
1993	3
1993	2
1994	2638941
1994	1570769
1994	1110957
1994	815504
1994	752099
1994	655694
1994	640058
1994	598227
1994	519507
1994	399850
1994	376387
1994	344902
1994	305991
1994	302314
1994	300741
1994	286025
1994	263205
1994	256936
1994	221106
1994	214945
1994	198961
1994	184515
1994	181448
1994	179290
1994	161474
1994	158592
1994	150690
1994	148458
1994	147296
1994	147034
1994	137602
1994	118931
1994	104130
1994	100890
1994	78389
1994	78255
1994	72640
1994	69276
1994	68127
1994	61469
1994	59997
1994	53598
1994	50940
1994	48369
1994	47700
1994	44287
1994	43678
1994	41788
1994	40918
1994	40366
1994	40157
1994	36539
1994	36383
1994	34118
1994	33780
1994	33476
1994	32265
1994	31348
1994	27938
1994	27374
1994	26281
1994	25473
1994	25466
1994	23616
1994	22260
1994	20980
1994	19460
1994	18964
1994	18926
1994	18850
1994	17133
1994	16727
1994	15118
1994	15075
1994	14712
1994	13197
1994	12686
1994	12280
1994	12209
1994	10430
1994	10279
1994	10229
1994	9506
1994	9079
1994	8780
1994	8382
1994	7889
1994	7116
1994	7023
1994	6927
1994	6825
1994	5590
1994	5504
1994	5296
1994	5210
1994	5057
1994	4944
1994	4745
1994	4274
1994	4216
1994	4175
1994	3914
1994	3192
1994	3035
1994	2909
1994	2896
1994	2878
1994	2850
1994	2794
1994	2658
1994	2648
1994	2598
1994	2442
1994	2056
1994	2028
1994	1913
1994	1790
1994	1781
1994	1611
1994	1568
1994	1555
1994	1535
1994	1403
1994	1402
1994	1257
1994	1203
1994	1161
1994	1112
1994	1049
1994	1012
1994	792
1994	756
1994	734
1994	733
1994	690
1994	665
1994	620
1994	558
1994	529
1994	440
1994	406
1994	395
1994	362
1994	340
1994	200
1994	134
1994	106
1994	106
1994	97
1994	95
1994	72
1994	71
1994	45
1994	35
1994	2
1995	2325688
1995	1608862
1995	1170154
1995	838226
1995	760718
1995	706628
1995	697625
1995	555513
1995	555315
1995	436876
1995	423361
1995	392220
1995	342357
1995	334304
1995	327989
1995	306124
1995	259882
1995	248896
1995	241798
1995	234486
1995	225152
1995	218222
1995	203255
1995	202492
1995	194247
1995	174015
1995	167855
1995	167505
1995	150311
1995	139933
1995	129245
1995	102629
1995	98402
1995	92657
1995	86619
1995	79231
1995	74478
1995	70732
1995	65758
1995	64812
1995	63500
1995	61232
1995	57871
1995	53921
1995	50030
1995	48513
1995	46609
1995	46174
1995	45043
1995	43760
1995	43424
1995	43420
1995	41434
1995	37884
1995	36187
1995	35053
1995	30962
1995	27180
1995	26505
1995	25290
1995	22777
1995	22649
1995	21888
1995	21707
1995	21687
1995	21622
1995	21033
1995	20494
1995	19041
1995	17111
1995	17041
1995	15056
1995	14852
1995	14646
1995	14384
1995	14227
1995	13573
1995	12114
1995	10496
1995	10114
1995	9241
1995	8656
1995	8202
1995	7202
1995	7195
1995	6975
1995	6506
1995	6279
1995	5969
1995	5967
1995	5840
1995	5752
1995	5623
1995	5437
1995	5361
1995	5326
1995	5266
1995	4895
1995	4618
1995	4291
1995	3779
1995	3723
1995	3414
1995	3355
1995	3312
1995	3148
1995	3144
1995	3009
1995	2808
1995	2785
1995	2593
1995	2578
1995	2350
1995	2232
1995	2159
1995	2046
1995	2044
1995	1996
1995	1972
1995	1972
1995	1905
1995	1823
1995	1725
1995	1722
1995	1688
1995	1487
1995	1460
1995	1379
1995	1144
1995	1138
1995	1016
1995	967
1995	967
1995	963
1995	900
1995	851
1995	830
1995	774
1995	752
1995	599
1995	593
1995	588
1995	580
1995	556
1995	527
1995	510
1995	359
1995	358
1995	316
1995	297
1995	270
1995	248
1995	242
1995	225
1995	200
1995	150
1995	125
1995	81
1995	72
1995	70
1995	58
1995	46
1995	37
1995	30
1995	20
1996	2034134
1996	1691160
1996	1111079
1996	1012476
1996	726228
1996	682577
1996	647252
1996	606429
1996	582075
1996	466893
1996	441564
1996	382435
1996	373256
1996	361454
1996	347078
1996	333920
1996	291540
1996	288036
1996	285597
1996	266350
1996	252858
1996	227256
1996	223258
1996	197752
1996	189041
1996	173437
1996	167077
1996	159275
1996	131033
1996	105619
1996	100321
1996	96292
1996	94496
1996	91320
1996	86501
1996	77536
1996	77126
1996	70504
1996	68564
1996	65022
1996	62073
1996	59704
1996	55519
1996	50826
1996	48451
1996	47218
1996	46636
1996	43896
1996	43583
1996	41256
1996	39769
1996	38645
1996	37575
1996	34322
1996	32110
1996	30176
1996	29873
1996	29858
1996	29802
1996	29663
1996	28163
1996	27271
1996	25522
1996	23930
1996	23839
1996	21763
1996	20987
1996	20901
1996	20847
1996	20511
1996	19874
1996	18416
1996	17833
1996	15621
1996	15565
1996	13871
1996	13195
1996	12918
1996	12040
1996	11718
1996	11075
1996	9349
1996	8701
1996	8664
1996	8377
1996	8100
1996	7960
1996	7564
1996	7222
1996	6830
1996	6729
1996	6709
1996	6642
1996	6529
1996	6080
1996	5598
1996	5569
1996	5511
1996	5426
1996	5386
1996	5055
1996	4710
1996	4399
1996	4233
1996	4137
1996	4111
1996	4063
1996	3921
1996	3390
1996	3184
1996	3152
1996	3125
1996	2934
1996	2819
1996	2784
1996	2740
1996	2361
1996	2329
1996	2167
1996	2107
1996	2003
1996	1962
1996	1801
1996	1665
1996	1633
1996	1629
1996	1446
1996	1437
1996	1423
1996	1348
1996	1332
1996	1215
1996	1056
1996	1042
1996	938
1996	880
1996	822
1996	804
1996	792
1996	718
1996	651
1996	482
1996	439
1996	414
1996	398
1996	382
1996	377
1996	370
1996	333
1996	302
1996	280
1996	252
1996	252
1996	246
1996	228
1996	187
1996	186
1996	146
1996	139
1996	122
1996	91
1996	85
1996	70
1996	70
1996	62
1996	32
1996	30
1996	4
1996	3
1996	2
1997	1868837
1997	1805675
1997	1272075
1997	1226933
1997	676808
1997	632608
1997	611064
1997	523351
1997	472788
1997	449274
1997	444420
1997	437474
1997	397036
1997	390872
1997	365026
1997	318986
1997	314044
1997	310348
1997	295033
1997	262270
1997	226822
1997	220506
1997	206899
1997	206317
1997	191814
1997	181436
1997	160609
1997	145528
1997	144475
1997	110102
1997	100652
1997	91807
1997	90007
1997	86650
1997	79906
1997	77044
1997	70410
1997	69618
1997	67933
1997	65249
1997	64404
1997	60860
1997	55890
1997	50713
1997	50614
1997	47700
1997	43638
1997	43598
1997	43341
1997	43178
1997	40303
1997	38640
1997	38552
1997	33555
1997	32425
1997	31447
1997	31068
1997	30475
1997	28696
1997	28194
1997	28090
1997	27061
1997	26216
1997	23805
1997	22419
1997	21973
1997	20724
1997	20176
1997	19911
1997	19456
1997	17329
1997	16527
1997	15952
1997	15736
1997	14400
1997	14384
1997	12609
1997	11734
1997	11490
1997	11401
1997	11305
1997	11130
1997	10894
1997	10272
1997	9212
1997	9169
1997	9038
1997	8828
1997	8738
1997	8736
1997	8725
1997	8662
1997	8288
1997	7859
1997	7597
1997	7132
1997	6981
1997	6864
1997	6579
1997	6125
1997	6036
1997	5674
1997	5651
1997	5619
1997	5555
1997	5471
1997	5360
1997	4702
1997	4669
1997	4576
1997	3963
1997	3711
1997	3707
1997	3585
1997	3576
1997	3232
1997	3078
1997	3026
1997	2973
1997	2795
1997	2773
1997	2624
1997	2548
1997	2458
1997	2154
1997	2112
1997	2095
1997	2048
1997	2000
1997	1940
1997	1770
1997	1733
1997	1670
1997	1562
1997	1529
1997	1229
1997	1216
1997	1197
1997	1163
1997	1156
1997	1012
1997	860
1997	851
1997	735
1997	720
1997	697
1997	674
1997	605
1997	603
1997	557
1997	525
1997	373
1997	369
1997	351
1997	349
1997	340
1997	325
1997	287
1997	283
1997	256
1997	255
1997	240
1997	184
1997	99
1997	91
1997	88
1997	70
1997	8
1997	4
1998	2010370
1998	1871532
1998	1246021
1998	1195948
1998	801206
1998	697966
1998	594946
1998	591031
1998	564740
1998	525572
1998	407414
1998	400852
1998	400234
1998	362900
1998	360906
1998	357664
1998	317102
1998	312893
1998	293980
1998	292403
1998	274692
1998	233581
1998	198579
1998	190344
1998	170209
1998	164788
1998	159723
1998	155276
1998	151325
1998	127734
1998	119236
1998	116559
1998	112667
1998	103273
1998	91782
1998	91012
1998	82247
1998	80693
1998	67510
1998	64081
1998	61894
1998	52417
1998	52127
1998	51105
1998	44719
1998	44187
1998	44125
1998	42256
1998	41492
1998	40017
1998	38748
1998	37815
1998	37671
1998	36294
1998	35712
1998	32891
1998	31217
1998	31097
1998	31048
1998	30747
1998	29003
1998	26491
1998	26203
1998	25878
1998	25848
1998	25794
1998	25139
1998	22801
1998	22692
1998	22561
1998	21320
1998	19953
1998	18904
1998	17646
1998	15802
1998	14823
1998	14300
1998	13965
1998	13382
1998	12553
1998	12493
1998	11802
1998	11606
1998	11603
1998	11513
1998	11466
1998	11243
1998	10750
1998	9260
1998	9058
1998	8332
1998	7431
1998	7337
1998	7111
1998	6801
1998	6633
1998	6589
1998	6556
1998	6143
1998	5933
1998	5709
1998	5631
1998	5500
1998	5374
1998	5318
1998	5106
1998	4922
1998	4863
1998	4801
1998	4801
1998	4700
1998	4622
1998	3875
1998	3769
1998	3767
1998	3715
1998	3239
1998	3101
1998	2852
1998	2717
1998	2700
1998	2700
1998	2688
1998	2506
1998	2503
1998	2161
1998	1888
1998	1830
1998	1721
1998	1484
1998	1407
1998	1360
1998	1216
1998	1175
1998	976
1998	934
1998	929
1998	862
1998	800
1998	800
1998	698
1998	696
1998	672
1998	596
1998	590
1998	568
1998	543
1998	526
1998	445
1998	438
1998	396
1998	395
1998	364
1998	357
1998	251
1998	232
1998	218
1998	200
1998	142
1998	140
1998	128
1998	81
1998	62
1998	54
1998	2
1998	2
1998	1
1999	1957088
1999	1859978
1999	1308821
1999	1092206
1999	808820
1999	769757
1999	653914
1999	535185
1999	447035
1999	436324
1999	425916
1999	384530
1999	369314
1999	365836
1999	365423
1999	323673
1999	322131
1999	287735
1999	252669
1999	251647
1999	239689
1999	233997
1999	226137
1999	202763
1999	198371
1999	183173
1999	175118
1999	153162
1999	152050
1999	130436
1999	128427
1999	108044
1999	105217
1999	91649
1999	91304
1999	88121
1999	78400
1999	78171
1999	74915
1999	72136
1999	71837
1999	66972
1999	65884
1999	54525
1999	54394
1999	48475
1999	46947
1999	46334
1999	45125
1999	45001
1999	41404
1999	37181
1999	36555
1999	33716
1999	32105
1999	31826
1999	31188
1999	30874
1999	30142
1999	29844
1999	29264
1999	28806
1999	28384
1999	28256
1999	28021
1999	26637
1999	24371
1999	23999
1999	23433
1999	23207
1999	22622
1999	20384
1999	19437
1999	18942
1999	17944
1999	16681
1999	15690
1999	14860
1999	14302
1999	13939
1999	13165
1999	12623
1999	12414
1999	12137
1999	11448
1999	11205
1999	11199
1999	10305
1999	10223
1999	9186
1999	8834
1999	8550
1999	8366
1999	8053
1999	7933
1999	7868
1999	6956
1999	6696
1999	5806
1999	5740
1999	5706
1999	5647
1999	5618
1999	5613
1999	5551
1999	5530
1999	5503
1999	5224
1999	5082
1999	4760
1999	4329
1999	3938
1999	3861
1999	3747
1999	3540
1999	3431
1999	3304
1999	3206
1999	3160
1999	3117
1999	2653
1999	2602
1999	2594
1999	2525
1999	2456
1999	2440
1999	2323
1999	2291
1999	2178
1999	2092
1999	2079
1999	1995
1999	1886
1999	1675
1999	1530
1999	1482
1999	1398
1999	1366
1999	1364
1999	1214
1999	1088
1999	886
1999	883
1999	840
1999	800
1999	798
1999	727
1999	718
1999	708
1999	608
1999	592
1999	588
1999	565
1999	563
1999	531
1999	467
1999	310
1999	236
1999	229
1999	180
1999	169
1999	162
1999	157
1999	105
1999	75
1999	44
1999	16
1999	10
1999	5
1999	2
1999	2
2000	2034366
2000	1905929
2000	1286081
2000	1074165
2000	765753
2000	631238
2000	556577
2000	510229
2000	468297
2000	441654
2000	427517
2000	426381
2000	389516
2000	375478
2000	362908
2000	353019
2000	325288
2000	310198
2000	295185
2000	289929
2000	243356
2000	235536
2000	209328
2000	192122
2000	191078
2000	189585
2000	174266
2000	151730
2000	139045
2000	130139
2000	127023
2000	98707
2000	95497
2000	93705
2000	89716
2000	89479
2000	85354
2000	81514
2000	77853
2000	77542
2000	71005
2000	69173
2000	66361
2000	52960
2000	52088
2000	51133
2000	50561
2000	46125
2000	43909
2000	42685
2000	41325
2000	41101
2000	40711
2000	37735
2000	37320
2000	32764
2000	31194
2000	31192
2000	29988
2000	29827
2000	29628
2000	29473
2000	27205
2000	27063
2000	25618
2000	24834
2000	24555
2000	24417
2000	24055
2000	23133
2000	22358
2000	21786
2000	20933
2000	20734
2000	19213
2000	18786
2000	17960
2000	16740
2000	15798
2000	14768
2000	14157
2000	14070
2000	13731
2000	13650
2000	12985
2000	12756
2000	11367
2000	11166
2000	11060
2000	10700
2000	10632
2000	10473
2000	9950
2000	9539
2000	9328
2000	8836
2000	8820
2000	8238
2000	8204
2000	8200
2000	8150
2000	7813
2000	7418
2000	7347
2000	7046
2000	6125
2000	6114
2000	6066
2000	5952
2000	5883
2000	5862
2000	5769
2000	5609
2000	5423
2000	5331
2000	5263
2000	4896
2000	4646
2000	4390
2000	4151
2000	4119
2000	4084
2000	4001
2000	3840
2000	3661
2000	3591
2000	3131
2000	3092
2000	3038
2000	2925
2000	2742
2000	2705
2000	2526
2000	2438
2000	2421
2000	2336
2000	2242
2000	2228
2000	2027
2000	1840
2000	1820
2000	1723
2000	1613
2000	1403
2000	1258
2000	1115
2000	1051
2000	915
2000	899
2000	847
2000	744
2000	642
2000	590
2000	492
2000	483
2000	471
2000	452
2000	383
2000	362
2000	356
2000	340
2000	253
2000	250
2000	219
2000	175
2000	127
2000	88
2000	86
2000	80
2000	65
2000	60
2000	6
2000	3
2000	2
2001	2335390
2001	1939917
2001	1306190
2001	1113499
2001	693539
2001	669414
2001	581889
2001	551900
2001	544451
2001	521062
2001	506186
2001	458271
2001	415877
2001	368810
2001	364751
2001	349446
2001	329218
2001	323921
2001	316354
2001	296858
2001	259481
2001	248001
2001	224250
2001	220318
2001	204253
2001	192492
2001	183671
2001	179385
2001	140668
2001	140650
2001	140237
2001	120804
2001	112835
2001	111425
2001	106704
2001	104645
2001	97628
2001	89613
2001	87213
2001	78259
2001	78096
2001	74314
2001	71747
2001	68643
2001	61392
2001	57593
2001	57332
2001	52519
2001	48610
2001	46465
2001	43859
2001	41024
2001	40981
2001	39759
2001	38947
2001	38119
2001	38115
2001	35866
2001	33724
2001	33489
2001	33441
2001	32610
2001	31101
2001	30610
2001	29176
2001	27508
2001	27411
2001	26612
2001	26451
2001	25970
2001	25620
2001	23953
2001	22564
2001	22040
2001	20475
2001	19474
2001	19282
2001	18502
2001	18088
2001	16759
2001	15484
2001	14609
2001	14261
2001	14214
2001	13557
2001	13407
2001	13204
2001	13091
2001	12781
2001	12383
2001	11697
2001	11655
2001	11430
2001	10421
2001	8719
2001	8432
2001	8312
2001	8053
2001	7962
2001	7651
2001	7614
2001	7532
2001	7290
2001	6862
2001	6473
2001	6406
2001	6362
2001	6167
2001	6044
2001	5707
2001	5447
2001	5267
2001	5184
2001	4963
2001	4954
2001	4372
2001	3932
2001	3873
2001	3513
2001	3346
2001	3307
2001	3218
2001	3136
2001	3012
2001	2878
2001	2840
2001	2731
2001	2534
2001	2480
2001	2375
2001	2375
2001	2237
2001	2229
2001	2082
2001	2078
2001	2007
2001	1921
2001	1890
2001	1805
2001	1750
2001	1691
2001	1492
2001	1410
2001	1305
2001	1299
2001	1264
2001	1212
2001	1128
2001	990
2001	889
2001	712
2001	685
2001	655
2001	651
2001	552
2001	540
2001	386
2001	339
2001	328
2001	262
2001	257
2001	252
2001	234
2001	222
2001	218
2001	190
2001	179
2001	162
2001	130
2001	95
2001	64
2001	32
2001	12
2001	6
2001	3
2002	2139179
2002	1984374
2002	1385398
2002	1070534
2002	1026689
2002	691360
2002	687483
2002	654917
2002	517928
2002	505542
2002	453672
2002	446884
2002	443741
2002	419783
2002	404287
2002	365853
2002	331284
2002	298817
2002	287276
2002	280653
2002	269009
2002	258296
2002	233328
2002	215037
2002	208077
2002	199151
2002	180145
2002	176989
2002	175092
2002	156283
2002	126095
2002	121350
2002	120842
2002	119702
2002	117668
2002	109244
2002	107330
2002	97960
2002	89419
2002	84469
2002	80827
2002	77533
2002	75809
2002	60280
2002	60271
2002	58839
2002	58513
2002	53068
2002	50943
2002	48526
2002	48360
2002	46152
2002	45332
2002	44499
2002	43290
2002	41168
2002	39258
2002	37749
2002	35714
2002	33856
2002	32314
2002	31760
2002	31528
2002	30831
2002	28842
2002	28291
2002	27795
2002	26206
2002	25575
2002	25394
2002	25338
2002	24627
2002	24418
2002	23151
2002	22747
2002	22005
2002	21860
2002	20611
2002	18996
2002	18533
2002	18258
2002	16026
2002	15794
2002	15302
2002	13518
2002	13376
2002	12992
2002	12985
2002	12779
2002	12476
2002	12346
2002	11349
2002	10960
2002	10168
2002	9257
2002	9132
2002	9064
2002	8587
2002	8299
2002	7958
2002	7847
2002	7044
2002	6630
2002	6524
2002	6403
2002	6080
2002	5963
2002	5756
2002	5718
2002	5598
2002	5423
2002	4959
2002	4887
2002	4861
2002	4765
2002	4700
2002	4478
2002	4361
2002	4274
2002	4029
2002	3914
2002	3872
2002	3739
2002	3730
2002	3162
2002	3104
2002	2863
2002	2708
2002	2661
2002	2612
2002	2600
2002	2458
2002	2456
2002	2428
2002	2262
2002	2121
2002	1992
2002	1985
2002	1982
2002	1860
2002	1853
2002	1824
2002	1765
2002	1612
2002	1474
2002	1406
2002	1335
2002	1323
2002	1228
2002	908
2002	802
2002	740
2002	710
2002	674
2002	641
2002	635
2002	586
2002	538
2002	501
2002	498
2002	492
2002	490
2002	402
2002	390
2002	274
2002	260
2002	209
2002	166
2002	151
2002	111
2002	106
2002	102
2002	61
2002	6
2002	4
2003	2265287
2003	1916454
2003	1452286
2003	1408410
2003	969089
2003	716854
2003	706076
2003	592829
2003	590266
2003	506199
2003	472691
2003	435928
2003	421074
2003	414631
2003	356465
2003	352016
2003	329265
2003	328534
2003	307388
2003	293162
2003	264212
2003	245412
2003	240895
2003	232161
2003	224457
2003	202038
2003	201412
2003	187430
2003	162272
2003	156324
2003	145307
2003	136028
2003	128902
2003	128764
2003	126701
2003	124349
2003	120913
2003	92511
2003	85944
2003	85803
2003	80551
2003	77354
2003	76803
2003	74744
2003	73779
2003	68684
2003	62388
2003	58624
2003	56880
2003	56782
2003	53520
2003	48118
2003	47367
2003	46328
2003	41192
2003	39448
2003	38464
2003	38261
2003	37618
2003	35946
2003	34029
2003	28912
2003	28905
2003	28582
2003	28243
2003	27445
2003	27121
2003	27114
2003	26227
2003	26140
2003	25993
2003	25536
2003	24973
2003	24956
2003	23174
2003	22796
2003	22361
2003	21253
2003	20711
2003	19472
2003	19182
2003	18722
2003	18486
2003	18349
2003	18126
2003	15282
2003	14605
2003	14337
2003	14329
2003	13696
2003	13429
2003	10770
2003	10084
2003	9829
2003	9471
2003	9009
2003	8040
2003	8040
2003	8022
2003	7792
2003	7790
2003	7650
2003	6967
2003	6875
2003	6667
2003	6632
2003	6379
2003	6358
2003	6246
2003	6191
2003	6030
2003	5843
2003	5829
2003	5455
2003	5296
2003	4955
2003	4782
2003	4712
2003	4298
2003	4277
2003	4268
2003	3944
2003	3919
2003	3812
2003	3605
2003	3457
2003	3272
2003	3232
2003	3111
2003	2942
2003	2937
2003	2643
2003	2616
2003	2496
2003	2368
2003	2339
2003	2218
2003	2162
2003	1978
2003	1896
2003	1727
2003	1586
2003	1513
2003	1466
2003	1442
2003	1377
2003	1329
2003	1263
2003	1188
2003	1141
2003	1098
2003	912
2003	843
2003	812
2003	710
2003	624
2003	583
2003	534
2003	522
2003	495
2003	482
2003	479
2003	432
2003	415
2003	380
2003	377
2003	298
2003	224
2003	200
2003	146
2003	142
2003	135
2003	107
2003	6
2003	5
2004	2020851
2004	1855435
2004	1575244
2004	1478173
2004	899319
2004	774849
2004	748999
2004	715393
2004	615840
2004	481178
2004	457632
2004	415743
2004	379901
2004	378239
2004	378049
2004	372426
2004	346074
2004	338558
2004	337881
2004	296489
2004	276086
2004	272221
2004	243729
2004	233090
2004	221875
2004	218232
2004	201795
2004	194728
2004	192495
2004	177178
2004	148310
2004	147125
2004	146348
2004	140656
2004	132517
2004	127350
2004	123891
2004	119376
2004	99947
2004	92795
2004	86056
2004	85642
2004	77896
2004	76596
2004	75393
2004	72196
2004	71108
2004	65340
2004	62838
2004	60179
2004	53437
2004	50595
2004	44728
2004	43649
2004	42900
2004	42485
2004	36371
2004	34287
2004	33576
2004	32999
2004	32214
2004	31175
2004	30062
2004	29308
2004	29049
2004	28424
2004	28317
2004	26148
2004	24273
2004	23637
2004	23358
2004	22889
2004	22059
2004	21614
2004	20795
2004	20190
2004	20152
2004	19749
2004	19732
2004	18710
2004	18600
2004	18330
2004	17762
2004	16499
2004	16362
2004	15563
2004	15043
2004	14209
2004	13155
2004	12990
2004	12897
2004	12872
2004	12459
2004	12350
2004	12169
2004	11154
2004	11011
2004	10785
2004	10627
2004	10448
2004	10428
2004	10281
2004	9738
2004	8305
2004	7895
2004	7884
2004	7212
2004	6908
2004	6765
2004	6647
2004	6234
2004	6231
2004	6104
2004	5816
2004	5691
2004	5598
2004	5533
2004	5487
2004	4655
2004	4587
2004	4133
2004	3982
2004	3894
2004	3739
2004	3736
2004	3729
2004	3229
2004	3090
2004	2991
2004	2975
2004	2931
2004	2864
2004	2736
2004	2476
2004	2442
2004	2418
2004	2208
2004	2133
2004	2101
2004	2087
2004	2076
2004	1980
2004	1712
2004	1677
2004	1666
2004	1631
2004	1460
2004	1391
2004	1256
2004	1097
2004	933
2004	921
2004	821
2004	790
2004	787
2004	778
2004	776
2004	705
2004	638
2004	617
2004	568
2004	541
2004	384
2004	299
2004	293
2004	213
2004	200
2004	191
2004	178
2004	122
2004	95
2004	57
2004	14
2004	6
2004	3
2005	2036953
2005	1805004
2005	1636217
2005	1470401
2005	1054792
2005	819820
2005	767606
2005	750936
2005	701190
2005	509800
2005	459816
2005	449494
2005	430973
2005	422563
2005	414069
2005	411095
2005	287059
2005	280234
2005	274228
2005	268915
2005	262102
2005	253127
2005	252066
2005	248070
2005	217434
2005	213396
2005	211504
2005	202540
2005	196452
2005	179255
2005	160585
2005	145616
2005	131048
2005	130623
2005	128762
2005	124485
2005	123634
2005	114011
2005	93690
2005	88011
2005	84951
2005	84026
2005	81392
2005	80946
2005	80437
2005	75636
2005	75141
2005	73543
2005	66052
2005	60396
2005	50746
2005	49283
2005	44772
2005	44042
2005	41766
2005	41473
2005	40899
2005	38393
2005	38005
2005	37709
2005	35328
2005	33504
2005	33068
2005	32185
2005	31562
2005	29969
2005	29552
2005	29098
2005	26031
2005	25570
2005	25239
2005	25100
2005	24503
2005	23600
2005	23058
2005	22622
2005	21542
2005	21075
2005	20925
2005	20649
2005	20468
2005	20389
2005	19447
2005	19244
2005	19071
2005	18716
2005	18549
2005	17585
2005	16527
2005	16050
2005	15154
2005	14695
2005	14254
2005	14156
2005	13909
2005	12810
2005	12666
2005	12627
2005	12194
2005	11949
2005	11708
2005	11185
2005	10542
2005	10043
2005	8760
2005	8640
2005	7772
2005	7652
2005	7402
2005	6949
2005	6939
2005	6655
2005	6439
2005	6275
2005	5974
2005	5879
2005	5461
2005	5391
2005	5161
2005	5095
2005	4984
2005	4819
2005	4645
2005	4042
2005	3803
2005	3796
2005	3692
2005	3618
2005	3598
2005	3054
2005	2855
2005	2810
2005	2809
2005	2498
2005	2433
2005	2135
2005	1953
2005	1932
2005	1884
2005	1846
2005	1840
2005	1830
2005	1745
2005	1673
2005	1622
2005	1389
2005	1291
2005	1259
2005	1203
2005	1196
2005	1148
2005	1010
2005	981
2005	976
2005	874
2005	624
2005	546
2005	542
2005	536
2005	532
2005	531
2005	528
2005	510
2005	447
2005	344
2005	268
2005	230
2005	220
2005	209
2005	140
2005	68
2005	50
2005	28
2005	6
2006	2260551
2006	1727485
2006	1704028
2006	1614491
2006	1116830
2006	907825
2006	792949
2006	731275
2006	670997
2006	496490
2006	496006
2006	490561
2006	485228
2006	441681
2006	433617
2006	432572
2006	357955
2006	321255
2006	309988
2006	309162
2006	283799
2006	257886
2006	252322
2006	251870
2006	248559
2006	231310
2006	217430
2006	182494
2006	181470
2006	164902
2006	158140
2006	154117
2006	146121
2006	144962
2006	142472
2006	135776
2006	121580
2006	120901
2006	106150
2006	99871
2006	92229
2006	87967
2006	86863
2006	81943
2006	79518
2006	78994
2006	78303
2006	76243
2006	69760
2006	62427
2006	53205
2006	51081
2006	50257
2006	47798
2006	46695
2006	45798
2006	45175
2006	45093
2006	42940
2006	40875
2006	40551
2006	39887
2006	39127
2006	38192
2006	35835
2006	35190
2006	33498
2006	29847
2006	27063
2006	26679
2006	26533
2006	25388
2006	24948
2006	24820
2006	24499
2006	23633
2006	23290
2006	21319
2006	20877
2006	20736
2006	20383
2006	19968
2006	19293
2006	17367
2006	17243
2006	16956
2006	16153
2006	15760
2006	15507
2006	15322
2006	15149
2006	14654
2006	14355
2006	14183
2006	13488
2006	13109
2006	12776
2006	12762
2006	12301
2006	11306
2006	10879
2006	10698
2006	10131
2006	9882
2006	9403
2006	9022
2006	8766
2006	8463
2006	8253
2006	7843
2006	7659
2006	6872
2006	6525
2006	6482
2006	6432
2006	6342
2006	6080
2006	5432
2006	5191
2006	5069
2006	4877
2006	4742
2006	4205
2006	4075
2006	3518
2006	3509
2006	3375
2006	3304
2006	3267
2006	3240
2006	3099
2006	3030
2006	3022
2006	2821
2006	2818
2006	2430
2006	2412
2006	2127
2006	2114
2006	2083
2006	2043
2006	2026
2006	2020
2006	1945
2006	1788
2006	1745
2006	1468
2006	1446
2006	1391
2006	1350
2006	1213
2006	1123
2006	1122
2006	1121
2006	1088
2006	1033
2006	957
2006	950
2006	948
2006	816
2006	815
2006	650
2006	630
2006	445
2006	443
2006	323
2006	242
2006	212
2006	211
2006	206
2006	121
2006	119
2006	106
2006	49
2006	6
2007	2417531
2007	2179259
2007	1742361
2007	1683046
2007	1461412
2007	1059358
2007	797340
2007	776203
2007	702759
2007	555412
2007	530712
2007	521782
2007	508980
2007	475006
2007	394132
2007	379700
2007	366925
2007	343512
2007	336683
2007	274730
2007	264098
2007	257488
2007	255724
2007	224115
2007	217723
2007	208631
2007	201423
2007	201064
2007	191860
2007	168323
2007	155383
2007	150231
2007	149748
2007	139927
2007	138856
2007	138504
2007	135670
2007	121095
2007	119571
2007	90392
2007	90071
2007	88945
2007	87420
2007	85603
2007	85468
2007	84749
2007	79792
2007	75347
2007	66863
2007	66822
2007	60927
2007	58571
2007	55671
2007	54739
2007	54354
2007	52173
2007	49203
2007	44879
2007	40920
2007	39788
2007	37394
2007	37244
2007	35350
2007	34479
2007	34238
2007	32574
2007	31980
2007	29638
2007	29262
2007	26997
2007	26673
2007	25151
2007	25031
2007	24621
2007	24423
2007	24011
2007	23890
2007	23395
2007	21699
2007	21139
2007	20743
2007	20709
2007	19906
2007	19773
2007	19724
2007	19416
2007	18749
2007	18487
2007	18351
2007	18339
2007	14927
2007	14803
2007	14141
2007	13723
2007	13597
2007	12717
2007	11816
2007	11732
2007	11652
2007	11340
2007	11233
2007	10483
2007	9924
2007	9708
2007	9655
2007	9593
2007	9319
2007	9019
2007	8416
2007	8013
2007	7816
2007	7375
2007	7352
2007	6982
2007	6758
2007	6668
2007	6370
2007	6348
2007	6136
2007	5852
2007	5751
2007	5719
2007	4676
2007	4660
2007	4520
2007	4450
2007	4156
2007	3942
2007	3920
2007	3097
2007	2911
2007	2903
2007	2799
2007	2798
2007	2495
2007	2382
2007	2278
2007	2250
2007	2213
2007	2198
2007	2133
2007	2120
2007	2116
2007	1794
2007	1713
2007	1636
2007	1605
2007	1541
2007	1398
2007	1382
2007	1356
2007	1240
2007	1153
2007	1094
2007	1048
2007	1039
2007	1020
2007	1007
2007	963
2007	794
2007	790
2007	786
2007	692
2007	616
2007	593
2007	467
2007	442
2007	274
2007	200
2007	153
2007	135
2007	128
2007	80
2007	51
2007	45
2007	6
2008	2489918
2008	2486564
2008	1733752
2008	1683046
2008	1059358
2008	1052548
2008	797340
2008	776203
2008	648719
2008	599397
2008	554549
2008	530712
2008	508980
2008	475006
2008	394132
2008	379700
2008	366925
2008	343512
2008	336683
2008	274730
2008	264098
2008	257488
2008	255724
2008	224115
2008	217723
2008	208631
2008	201423
2008	201064
2008	191860
2008	156674
2008	155383
2008	150231
2008	149748
2008	139927
2008	138856
2008	138504
2008	135670
2008	127043
2008	121095
2008	90392
2008	90071
2008	88945
2008	87420
2008	85603
2008	85468
2008	84749
2008	83385
2008	75347
2008	67355
2008	60927
2008	58571
2008	54739
2008	54354
2008	52173
2008	49203
2008	45872
2008	44879
2008	43698
2008	40920
2008	39788
2008	37394
2008	37244
2008	35350
2008	34479
2008	34238
2008	32574
2008	31980
2008	29638
2008	29262
2008	26997
2008	26673
2008	25151
2008	25031
2008	24621
2008	24423
2008	24011
2008	23890
2008	23395
2008	21699
2008	21139
2008	20743
2008	20709
2008	19906
2008	19773
2008	19724
2008	19416
2008	18351
2008	18339
2008	18187
2008	14927
2008	14803
2008	14141
2008	13723
2008	13597
2008	12717
2008	11816
2008	11732
2008	11652
2008	11340
2008	11233
2008	10483
2008	9924
2008	9708
2008	9655
2008	9593
2008	9319
2008	9019
2008	8416
2008	8013
2008	7375
2008	7352
2008	6982
2008	6758
2008	6668
2008	6370
2008	6348
2008	6136
2008	5852
2008	5751
2008	5719
2008	4676
2008	4660
2008	4520
2008	4450
2008	4156
2008	3942
2008	3920
2008	3523
2008	3097
2008	2911
2008	2903
2008	2799
2008	2495
2008	2382
2008	2278
2008	2250
2008	2213
2008	2198
2008	2185
2008	2133
2008	2120
2008	2116
2008	2087
2008	1991
2008	1833
2008	1794
2008	1713
2008	1605
2008	1541
2008	1398
2008	1382
2008	1240
2008	1153
2008	1094
2008	1062
2008	1048
2008	1039
2008	1020
2008	963
2008	916
2008	794
2008	786
2008	692
2008	593
2008	467
2008	442
2008	274
2008	200
2008	198
2008	153
2008	135
2008	128
2008	80
2008	51
2008	45
2008	6
2009	2581656
2009	1915987
2009	1847463
2009	1683046
2009	1059358
2009	856238
2009	797340
2009	776203
2009	629182
2009	575356
2009	530712
2009	508980
2009	504681
2009	475006
2009	394132
2009	379700
2009	366925
2009	343512
2009	336683
2009	274730
2009	264098
2009	257488
2009	255724
2009	224115
2009	217723
2009	208631
2009	201423
2009	201064
2009	191860
2009	176241
2009	155383
2009	150231
2009	149748
2009	139927
2009	138856
2009	138504
2009	135670
2009	121637
2009	121095
2009	90392
2009	90071
2009	88945
2009	87420
2009	85603
2009	85468
2009	84749
2009	75347
2009	71402
2009	66845
2009	60927
2009	58762
2009	58571
2009	57534
2009	54739
2009	54354
2009	52173
2009	49203
2009	44879
2009	40920
2009	39788
2009	37394
2009	37244
2009	35350
2009	34479
2009	34238
2009	32574
2009	31980
2009	29638
2009	29262
2009	26997
2009	26673
2009	25151
2009	25031
2009	24621
2009	24423
2009	24011
2009	23890
2009	23395
2009	21771
2009	21699
2009	21139
2009	20743
2009	20709
2009	19906
2009	19773
2009	19724
2009	19416
2009	18351
2009	18339
2009	14927
2009	14803
2009	14141
2009	13723
2009	13597
2009	12717
2009	11816
2009	11732
2009	11652
2009	11340
2009	11233
2009	10483
2009	9924
2009	9708
2009	9655
2009	9593
2009	9319
2009	9019
2009	8416
2009	8013
2009	7651
2009	7375
2009	7352
2009	6982
2009	6758
2009	6668
2009	6370
2009	6348
2009	6136
2009	5852
2009	5751
2009	5719
2009	4676
2009	4660
2009	4520
2009	4450
2009	4156
2009	3942
2009	3920
2009	3363
2009	3097
2009	2911
2009	2903
2009	2799
2009	2495
2009	2382
2009	2278
2009	2250
2009	2213
2009	2198
2009	2133
2009	2120
2009	2116
2009	1794
2009	1713
2009	1633
2009	1605
2009	1555
2009	1541
2009	1464
2009	1398
2009	1382
2009	1240
2009	1153
2009	1094
2009	1048
2009	1039
2009	1020
2009	963
2009	906
2009	794
2009	786
2009	692
2009	593
2009	574
2009	467
2009	442
2009	274
2009	200
2009	153
2009	135
2009	128
2009	80
2009	51
2009	45
2009	43
2009	6
