1975	147
1975	115
1975	82
1975	61
1975	61
1975	58
1975	53
1975	50
1975	45
1975	41
1975	35
1975	33
1975	25
1975	21
1975	21
1975	20
1975	18
1975	18
1975	15
1975	14
1975	12
1975	11
1975	9
1975	9
1975	9
1975	9
1975	8
1975	8
1975	8
1975	8
1975	8
1975	7
1975	7
1975	7
1975	7
1975	6
1975	6
1975	6
1975	6
1975	6
1975	5
1975	5
1975	5
1975	5
1975	5
1975	4
1975	4
1975	4
1975	4
1975	4
1975	4
1975	4
1975	4
1975	3
1975	3
1975	3
1975	3
1975	3
1975	3
1975	3
1975	3
1975	3
1975	3
1975	2
1975	2
1975	2
1975	2
1975	2
1975	2
1975	2
1975	2
1975	2
1975	2
1975	2
1975	2
1975	2
1975	2
1975	2
1975	2
1975	2
1975	1
1975	1
1975	1
1975	1
1975	1
1975	1
1975	1
1975	1
1975	1
1975	1
1975	1
1975	1
1975	1
1975	1
1975	1
1975	1
1975	1
1975	1
1975	1
1975	1
1975	1
1975	1
1975	1
1975	1
1975	1
1975	1
1975	1
1975	1
1975	1
1975	0
1975	0
1975	0
1975	0
1975	0
1975	0
1975	0
1975	0
1975	0
1975	0
1975	0
1975	0
1975	0
1975	0
1975	0
1975	0
1975	0
1975	0
1975	0
1975	0
1975	0
1975	0
1975	0
1975	0
1975	0
1975	0
1975	0
1975	0
1975	0
1975	0
1975	0
1975	0
1975	0
1975	0
1975	0
1975	0
1975	0
1975	0
1975	0
1975	0
1975	0
1975	0
1975	0
1975	0
1975	0
1975	0
1975	0
1975	0
1975	0
1975	0
1975	0
1975	0
1975	0
1975	0
1975	0
1975	0
1975	0
1975	0
1975	0
1975	0
1975	0
1975	0
1975	0
1975	0
1975	0
1975	0
1975	0
1975	0
1975	0
1975	0
1976	145
1976	119
1976	80
1976	62
1976	62
1976	58
1976	56
1976	51
1976	44
1976	41
1976	36
1976	34
1976	26
1976	21
1976	21
1976	20
1976	19
1976	17
1976	14
1976	14
1976	12
1976	11
1976	10
1976	10
1976	9
1976	9
1976	8
1976	8
1976	8
1976	7
1976	7
1976	7
1976	7
1976	7
1976	7
1976	6
1976	6
1976	6
1976	6
1976	6
1976	6
1976	5
1976	5
1976	5
1976	5
1976	5
1976	4
1976	4
1976	4
1976	4
1976	4
1976	4
1976	4
1976	4
1976	3
1976	3
1976	3
1976	3
1976	3
1976	3
1976	3
1976	3
1976	2
1976	2
1976	2
1976	2
1976	2
1976	2
1976	2
1976	2
1976	2
1976	2
1976	2
1976	2
1976	2
1976	2
1976	2
1976	2
1976	2
1976	2
1976	1
1976	1
1976	1
1976	1
1976	1
1976	1
1976	1
1976	1
1976	1
1976	1
1976	1
1976	1
1976	1
1976	1
1976	1
1976	1
1976	1
1976	1
1976	1
1976	1
1976	1
1976	1
1976	1
1976	1
1976	1
1976	1
1976	1
1976	1
1976	1
1976	0
1976	0
1976	0
1976	0
1976	0
1976	0
1976	0
1976	0
1976	0
1976	0
1976	0
1976	0
1976	0
1976	0
1976	0
1976	0
1976	0
1976	0
1976	0
1976	0
1976	0
1976	0
1976	0
1976	0
1976	0
1976	0
1976	0
1976	0
1976	0
1976	0
1976	0
1976	0
1976	0
1976	0
1976	0
1976	0
1976	0
1976	0
1976	0
1976	0
1976	0
1976	0
1976	0
1976	0
1976	0
1976	0
1976	0
1976	0
1976	0
1976	0
1976	0
1976	0
1976	0
1976	0
1976	0
1976	0
1976	0
1976	0
1976	0
1976	0
1976	0
1976	0
1976	0
1976	0
1976	0
1976	0
1976	0
1976	0
1976	0
1976	0
1977	145
1977	119
1977	79
1977	64
1977	62
1977	57
1977	55
1977	52
1977	47
1977	41
1977	36
1977	34
1977	26
1977	22
1977	21
1977	20
1977	18
1977	17
1977	14
1977	13
1977	13
1977	11
1977	10
1977	10
1977	9
1977	9
1977	8
1977	8
1977	8
1977	8
1977	7
1977	7
1977	7
1977	7
1977	6
1977	6
1977	6
1977	6
1977	6
1977	6
1977	6
1977	6
1977	5
1977	5
1977	5
1977	5
1977	4
1977	4
1977	4
1977	4
1977	4
1977	4
1977	4
1977	4
1977	4
1977	3
1977	3
1977	3
1977	3
1977	3
1977	3
1977	3
1977	3
1977	2
1977	2
1977	2
1977	2
1977	2
1977	2
1977	2
1977	2
1977	2
1977	2
1977	2
1977	2
1977	2
1977	2
1977	2
1977	2
1977	2
1977	2
1977	2
1977	2
1977	1
1977	1
1977	1
1977	1
1977	1
1977	1
1977	1
1977	1
1977	1
1977	1
1977	1
1977	1
1977	1
1977	1
1977	1
1977	1
1977	1
1977	1
1977	1
1977	1
1977	1
1977	1
1977	1
1977	1
1977	1
1977	1
1977	0
1977	0
1977	0
1977	0
1977	0
1977	0
1977	0
1977	0
1977	0
1977	0
1977	0
1977	0
1977	0
1977	0
1977	0
1977	0
1977	0
1977	0
1977	0
1977	0
1977	0
1977	0
1977	0
1977	0
1977	0
1977	0
1977	0
1977	0
1977	0
1977	0
1977	0
1977	0
1977	0
1977	0
1977	0
1977	0
1977	0
1977	0
1977	0
1977	0
1977	0
1977	0
1977	0
1977	0
1977	0
1977	0
1977	0
1977	0
1977	0
1977	0
1977	0
1977	0
1977	0
1977	0
1977	0
1977	0
1977	0
1977	0
1977	0
1977	0
1977	0
1977	0
1977	0
1977	0
1977	0
1977	0
1977	0
1977	0
1977	0
1977	0
1978	148
1978	120
1978	77
1978	64
1978	63
1978	56
1978	52
1978	50
1978	49
1978	41
1978	41
1978	35
1978	26
1978	23
1978	21
1978	20
1978	18
1978	16
1978	15
1978	13
1978	13
1978	11
1978	10
1978	10
1978	9
1978	9
1978	9
1978	9
1978	8
1978	8
1978	7
1978	7
1978	7
1978	7
1978	7
1978	7
1978	6
1978	6
1978	6
1978	6
1978	6
1978	6
1978	5
1978	5
1978	5
1978	5
1978	5
1978	4
1978	4
1978	4
1978	4
1978	4
1978	4
1978	4
1978	4
1978	4
1978	3
1978	3
1978	3
1978	3
1978	3
1978	3
1978	3
1978	3
1978	3
1978	2
1978	2
1978	2
1978	2
1978	2
1978	2
1978	2
1978	2
1978	2
1978	2
1978	2
1978	2
1978	2
1978	2
1978	2
1978	2
1978	2
1978	1
1978	1
1978	1
1978	1
1978	1
1978	1
1978	1
1978	1
1978	1
1978	1
1978	1
1978	1
1978	1
1978	1
1978	1
1978	1
1978	1
1978	1
1978	1
1978	1
1978	1
1978	1
1978	1
1978	1
1978	1
1978	1
1978	0
1978	0
1978	0
1978	0
1978	0
1978	0
1978	0
1978	0
1978	0
1978	0
1978	0
1978	0
1978	0
1978	0
1978	0
1978	0
1978	0
1978	0
1978	0
1978	0
1978	0
1978	0
1978	0
1978	0
1978	0
1978	0
1978	0
1978	0
1978	0
1978	0
1978	0
1978	0
1978	0
1978	0
1978	0
1978	0
1978	0
1978	0
1978	0
1978	0
1978	0
1978	0
1978	0
1978	0
1978	0
1978	0
1978	0
1978	0
1978	0
1978	0
1978	0
1978	0
1978	0
1978	0
1978	0
1978	0
1978	0
1978	0
1978	0
1978	0
1978	0
1978	0
1978	0
1978	0
1978	0
1978	0
1978	0
1978	0
1978	0
1978	0
1978	0
1979	150
1979	123
1979	76
1979	65
1979	64
1979	58
1979	53
1979	50
1979	49
1979	43
1979	40
1979	35
1979	27
1979	24
1979	21
1979	20
1979	18
1979	17
1979	15
1979	13
1979	13
1979	11
1979	10
1979	10
1979	10
1979	9
1979	9
1979	9
1979	8
1979	8
1979	7
1979	7
1979	7
1979	7
1979	7
1979	6
1979	6
1979	6
1979	6
1979	6
1979	6
1979	6
1979	5
1979	5
1979	5
1979	5
1979	5
1979	4
1979	4
1979	4
1979	4
1979	4
1979	4
1979	4
1979	4
1979	4
1979	3
1979	3
1979	3
1979	3
1979	3
1979	3
1979	3
1979	3
1979	3
1979	3
1979	2
1979	2
1979	2
1979	2
1979	2
1979	2
1979	2
1979	2
1979	2
1979	2
1979	2
1979	2
1979	2
1979	2
1979	2
1979	1
1979	1
1979	1
1979	1
1979	1
1979	1
1979	1
1979	1
1979	1
1979	1
1979	1
1979	1
1979	1
1979	1
1979	1
1979	1
1979	1
1979	1
1979	1
1979	1
1979	1
1979	1
1979	1
1979	1
1979	1
1979	1
1979	1
1979	1
1979	1
1979	0
1979	0
1979	0
1979	0
1979	0
1979	0
1979	0
1979	0
1979	0
1979	0
1979	0
1979	0
1979	0
1979	0
1979	0
1979	0
1979	0
1979	0
1979	0
1979	0
1979	0
1979	0
1979	0
1979	0
1979	0
1979	0
1979	0
1979	0
1979	0
1979	0
1979	0
1979	0
1979	0
1979	0
1979	0
1979	0
1979	0
1979	0
1979	0
1979	0
1979	0
1979	0
1979	0
1979	0
1979	0
1979	0
1979	0
1979	0
1979	0
1979	0
1979	0
1979	0
1979	0
1979	0
1979	0
1979	0
1979	0
1979	0
1979	0
1979	0
1979	0
1979	0
1979	0
1979	0
1979	0
1979	0
1979	0
1979	0
1979	0
1980	152
1980	129
1980	77
1980	66
1980	63
1980	61
1980	55
1980	50
1980	48
1980	42
1980	36
1980	29
1980	28
1980	23
1980	21
1980	20
1980	19
1980	18
1980	15
1980	13
1980	13
1980	11
1980	10
1980	10
1980	10
1980	10
1980	9
1980	9
1980	8
1980	8
1980	7
1980	7
1980	7
1980	7
1980	7
1980	7
1980	7
1980	6
1980	6
1980	6
1980	6
1980	6
1980	5
1980	5
1980	5
1980	5
1980	5
1980	5
1980	5
1980	5
1980	5
1980	4
1980	4
1980	4
1980	4
1980	4
1980	3
1980	3
1980	3
1980	3
1980	3
1980	3
1980	3
1980	3
1980	3
1980	2
1980	2
1980	2
1980	2
1980	2
1980	2
1980	2
1980	2
1980	2
1980	2
1980	2
1980	2
1980	2
1980	2
1980	2
1980	2
1980	2
1980	1
1980	1
1980	1
1980	1
1980	1
1980	1
1980	1
1980	1
1980	1
1980	1
1980	1
1980	1
1980	1
1980	1
1980	1
1980	1
1980	1
1980	1
1980	1
1980	1
1980	1
1980	1
1980	1
1980	1
1980	1
1980	1
1980	1
1980	1
1980	0
1980	0
1980	0
1980	0
1980	0
1980	0
1980	0
1980	0
1980	0
1980	0
1980	0
1980	0
1980	0
1980	0
1980	0
1980	0
1980	0
1980	0
1980	0
1980	0
1980	0
1980	0
1980	0
1980	0
1980	0
1980	0
1980	0
1980	0
1980	0
1980	0
1980	0
1980	0
1980	0
1980	0
1980	0
1980	0
1980	0
1980	0
1980	0
1980	0
1980	0
1980	0
1980	0
1980	0
1980	0
1980	0
1980	0
1980	0
1980	0
1980	0
1980	0
1980	0
1980	0
1980	0
1980	0
1980	0
1980	0
1980	0
1980	0
1980	0
1980	0
1980	0
1980	0
1980	0
1980	0
1980	0
1980	0
1980	0
1980	0
1981	151
1981	127
1981	78
1981	67
1981	64
1981	62
1981	56
1981	48
1981	47
1981	42
1981	37
1981	30
1981	29
1981	24
1981	21
1981	20
1981	19
1981	17
1981	15
1981	13
1981	13
1981	11
1981	11
1981	10
1981	10
1981	10
1981	9
1981	9
1981	8
1981	7
1981	7
1981	7
1981	7
1981	7
1981	7
1981	7
1981	6
1981	6
1981	6
1981	6
1981	6
1981	6
1981	5
1981	5
1981	5
1981	5
1981	5
1981	5
1981	5
1981	5
1981	5
1981	4
1981	4
1981	4
1981	4
1981	4
1981	3
1981	3
1981	3
1981	3
1981	3
1981	3
1981	3
1981	3
1981	2
1981	2
1981	2
1981	2
1981	2
1981	2
1981	2
1981	2
1981	2
1981	2
1981	2
1981	2
1981	2
1981	2
1981	2
1981	2
1981	2
1981	2
1981	1
1981	1
1981	1
1981	1
1981	1
1981	1
1981	1
1981	1
1981	1
1981	1
1981	1
1981	1
1981	1
1981	1
1981	1
1981	1
1981	1
1981	1
1981	1
1981	1
1981	1
1981	1
1981	1
1981	1
1981	1
1981	1
1981	1
1981	1
1981	1
1981	0
1981	0
1981	0
1981	0
1981	0
1981	0
1981	0
1981	0
1981	0
1981	0
1981	0
1981	0
1981	0
1981	0
1981	0
1981	0
1981	0
1981	0
1981	0
1981	0
1981	0
1981	0
1981	0
1981	0
1981	0
1981	0
1981	0
1981	0
1981	0
1981	0
1981	0
1981	0
1981	0
1981	0
1981	0
1981	0
1981	0
1981	0
1981	0
1981	0
1981	0
1981	0
1981	0
1981	0
1981	0
1981	0
1981	0
1981	0
1981	0
1981	0
1981	0
1981	0
1981	0
1981	0
1981	0
1981	0
1981	0
1981	0
1981	0
1981	0
1981	0
1981	0
1981	0
1981	0
1981	0
1981	0
1981	0
1981	0
1982	152
1982	126
1982	78
1982	69
1982	65
1982	63
1982	56
1982	48
1982	46
1982	42
1982	38
1982	30
1982	29
1982	24
1982	21
1982	20
1982	19
1982	17
1982	15
1982	13
1982	13
1982	11
1982	11
1982	10
1982	10
1982	10
1982	10
1982	9
1982	8
1982	8
1982	8
1982	7
1982	7
1982	7
1982	7
1982	7
1982	7
1982	6
1982	6
1982	6
1982	6
1982	5
1982	5
1982	5
1982	5
1982	5
1982	5
1982	5
1982	5
1982	5
1982	4
1982	4
1982	4
1982	4
1982	4
1982	4
1982	3
1982	3
1982	3
1982	3
1982	3
1982	3
1982	3
1982	3
1982	3
1982	3
1982	3
1982	3
1982	2
1982	2
1982	2
1982	2
1982	2
1982	2
1982	2
1982	2
1982	2
1982	2
1982	2
1982	2
1982	2
1982	2
1982	1
1982	1
1982	1
1982	1
1982	1
1982	1
1982	1
1982	1
1982	1
1982	1
1982	1
1982	1
1982	1
1982	1
1982	1
1982	1
1982	1
1982	1
1982	1
1982	1
1982	1
1982	1
1982	1
1982	1
1982	1
1982	1
1982	1
1982	1
1982	1
1982	0
1982	0
1982	0
1982	0
1982	0
1982	0
1982	0
1982	0
1982	0
1982	0
1982	0
1982	0
1982	0
1982	0
1982	0
1982	0
1982	0
1982	0
1982	0
1982	0
1982	0
1982	0
1982	0
1982	0
1982	0
1982	0
1982	0
1982	0
1982	0
1982	0
1982	0
1982	0
1982	0
1982	0
1982	0
1982	0
1982	0
1982	0
1982	0
1982	0
1982	0
1982	0
1982	0
1982	0
1982	0
1982	0
1982	0
1982	0
1982	0
1982	0
1982	0
1982	0
1982	0
1982	0
1982	0
1982	0
1982	0
1982	0
1982	0
1982	0
1982	0
1982	0
1982	0
1982	0
1982	0
1982	0
1982	0
1982	0
1983	154
1983	128
1983	77
1983	70
1983	64
1983	63
1983	58
1983	47
1983	45
1983	41
1983	38
1983	31
1983	27
1983	25
1983	21
1983	21
1983	17
1983	17
1983	15
1983	14
1983	13
1983	11
1983	11
1983	11
1983	11
1983	10
1983	9
1983	9
1983	8
1983	8
1983	7
1983	7
1983	7
1983	7
1983	7
1983	7
1983	7
1983	7
1983	7
1983	6
1983	5
1983	5
1983	5
1983	5
1983	5
1983	5
1983	5
1983	5
1983	5
1983	5
1983	5
1983	4
1983	4
1983	4
1983	4
1983	4
1983	4
1983	4
1983	4
1983	3
1983	3
1983	3
1983	3
1983	3
1983	3
1983	3
1983	3
1983	3
1983	2
1983	2
1983	2
1983	2
1983	2
1983	2
1983	2
1983	2
1983	2
1983	2
1983	2
1983	2
1983	2
1983	2
1983	2
1983	2
1983	1
1983	1
1983	1
1983	1
1983	1
1983	1
1983	1
1983	1
1983	1
1983	1
1983	1
1983	1
1983	1
1983	1
1983	1
1983	1
1983	1
1983	1
1983	1
1983	1
1983	1
1983	1
1983	1
1983	1
1983	1
1983	1
1983	1
1983	0
1983	0
1983	0
1983	0
1983	0
1983	0
1983	0
1983	0
1983	0
1983	0
1983	0
1983	0
1983	0
1983	0
1983	0
1983	0
1983	0
1983	0
1983	0
1983	0
1983	0
1983	0
1983	0
1983	0
1983	0
1983	0
1983	0
1983	0
1983	0
1983	0
1983	0
1983	0
1983	0
1983	0
1983	0
1983	0
1983	0
1983	0
1983	0
1983	0
1983	0
1983	0
1983	0
1983	0
1983	0
1983	0
1983	0
1983	0
1983	0
1983	0
1983	0
1983	0
1983	0
1983	0
1983	0
1983	0
1983	0
1983	0
1983	0
1983	0
1983	0
1983	0
1983	0
1983	0
1983	0
1983	0
1983	0
1983	0
1984	158
1984	127
1984	77
1984	70
1984	65
1984	63
1984	59
1984	47
1984	45
1984	41
1984	38
1984	31
1984	26
1984	25
1984	21
1984	20
1984	17
1984	16
1984	15
1984	13
1984	12
1984	12
1984	12
1984	12
1984	11
1984	11
1984	9
1984	9
1984	9
1984	8
1984	8
1984	7
1984	7
1984	7
1984	7
1984	7
1984	7
1984	7
1984	6
1984	6
1984	5
1984	5
1984	5
1984	5
1984	5
1984	5
1984	5
1984	5
1984	4
1984	4
1984	4
1984	4
1984	4
1984	4
1984	4
1984	4
1984	4
1984	3
1984	3
1984	3
1984	3
1984	3
1984	3
1984	3
1984	3
1984	3
1984	3
1984	3
1984	2
1984	2
1984	2
1984	2
1984	2
1984	2
1984	2
1984	2
1984	2
1984	2
1984	2
1984	2
1984	2
1984	2
1984	2
1984	2
1984	1
1984	1
1984	1
1984	1
1984	1
1984	1
1984	1
1984	1
1984	1
1984	1
1984	1
1984	1
1984	1
1984	1
1984	1
1984	1
1984	1
1984	1
1984	1
1984	1
1984	1
1984	1
1984	1
1984	1
1984	1
1984	1
1984	1
1984	0
1984	0
1984	0
1984	0
1984	0
1984	0
1984	0
1984	0
1984	0
1984	0
1984	0
1984	0
1984	0
1984	0
1984	0
1984	0
1984	0
1984	0
1984	0
1984	0
1984	0
1984	0
1984	0
1984	0
1984	0
1984	0
1984	0
1984	0
1984	0
1984	0
1984	0
1984	0
1984	0
1984	0
1984	0
1984	0
1984	0
1984	0
1984	0
1984	0
1984	0
1984	0
1984	0
1984	0
1984	0
1984	0
1984	0
1984	0
1984	0
1984	0
1984	0
1984	0
1984	0
1984	0
1984	0
1984	0
1984	0
1984	0
1984	0
1984	0
1984	0
1984	0
1984	0
1984	0
1984	0
1984	0
1984	0
1984	0
1985	159
1985	129
1985	75
1985	71
1985	65
1985	63
1985	60
1985	47
1985	46
1985	41
1985	38
1985	31
1985	26
1985	22
1985	21
1985	21
1985	17
1985	16
1985	16
1985	13
1985	13
1985	12
1985	12
1985	12
1985	11
1985	11
1985	9
1985	9
1985	9
1985	8
1985	8
1985	7
1985	7
1985	7
1985	7
1985	7
1985	7
1985	6
1985	6
1985	6
1985	6
1985	5
1985	5
1985	5
1985	5
1985	5
1985	5
1985	5
1985	4
1985	4
1985	4
1985	4
1985	4
1985	4
1985	4
1985	4
1985	3
1985	3
1985	3
1985	3
1985	3
1985	3
1985	3
1985	3
1985	3
1985	3
1985	3
1985	3
1985	2
1985	2
1985	2
1985	2
1985	2
1985	2
1985	2
1985	2
1985	2
1985	2
1985	2
1985	2
1985	2
1985	2
1985	2
1985	2
1985	2
1985	2
1985	1
1985	1
1985	1
1985	1
1985	1
1985	1
1985	1
1985	1
1985	1
1985	1
1985	1
1985	1
1985	1
1985	1
1985	1
1985	1
1985	1
1985	1
1985	1
1985	1
1985	1
1985	1
1985	1
1985	1
1985	1
1985	0
1985	0
1985	0
1985	0
1985	0
1985	0
1985	0
1985	0
1985	0
1985	0
1985	0
1985	0
1985	0
1985	0
1985	0
1985	0
1985	0
1985	0
1985	0
1985	0
1985	0
1985	0
1985	0
1985	0
1985	0
1985	0
1985	0
1985	0
1985	0
1985	0
1985	0
1985	0
1985	0
1985	0
1985	0
1985	0
1985	0
1985	0
1985	0
1985	0
1985	0
1985	0
1985	0
1985	0
1985	0
1985	0
1985	0
1985	0
1985	0
1985	0
1985	0
1985	0
1985	0
1985	0
1985	0
1985	0
1985	0
1985	0
1985	0
1985	0
1985	0
1985	0
1985	0
1985	0
1985	0
1985	0
1985	0
1985	0
1986	158
1986	136
1986	73
1986	71
1986	67
1986	63
1986	61
1986	46
1986	46
1986	42
1986	39
1986	32
1986	28
1986	22
1986	22
1986	21
1986	17
1986	17
1986	16
1986	14
1986	13
1986	13
1986	12
1986	12
1986	11
1986	10
1986	10
1986	9
1986	9
1986	9
1986	8
1986	8
1986	7
1986	7
1986	7
1986	7
1986	7
1986	6
1986	6
1986	6
1986	6
1986	6
1986	5
1986	5
1986	5
1986	5
1986	5
1986	5
1986	5
1986	4
1986	4
1986	4
1986	4
1986	4
1986	3
1986	3
1986	3
1986	3
1986	3
1986	3
1986	3
1986	3
1986	3
1986	3
1986	3
1986	3
1986	3
1986	3
1986	2
1986	2
1986	2
1986	2
1986	2
1986	2
1986	2
1986	2
1986	2
1986	2
1986	2
1986	2
1986	2
1986	2
1986	2
1986	2
1986	2
1986	1
1986	1
1986	1
1986	1
1986	1
1986	1
1986	1
1986	1
1986	1
1986	1
1986	1
1986	1
1986	1
1986	1
1986	1
1986	1
1986	1
1986	1
1986	1
1986	1
1986	1
1986	1
1986	1
1986	1
1986	1
1986	1
1986	0
1986	0
1986	0
1986	0
1986	0
1986	0
1986	0
1986	0
1986	0
1986	0
1986	0
1986	0
1986	0
1986	0
1986	0
1986	0
1986	0
1986	0
1986	0
1986	0
1986	0
1986	0
1986	0
1986	0
1986	0
1986	0
1986	0
1986	0
1986	0
1986	0
1986	0
1986	0
1986	0
1986	0
1986	0
1986	0
1986	0
1986	0
1986	0
1986	0
1986	0
1986	0
1986	0
1986	0
1986	0
1986	0
1986	0
1986	0
1986	0
1986	0
1986	0
1986	0
1986	0
1986	0
1986	0
1986	0
1986	0
1986	0
1986	0
1986	0
1986	0
1986	0
1986	0
1986	0
1986	0
1986	0
1986	0
1986	0
1987	160
1987	141
1987	72
1987	72
1987	68
1987	65
1987	62
1987	45
1987	44
1987	41
1987	39
1987	32
1987	28
1987	23
1987	21
1987	20
1987	18
1987	17
1987	16
1987	14
1987	13
1987	13
1987	12
1987	12
1987	12
1987	10
1987	10
1987	9
1987	9
1987	8
1987	8
1987	7
1987	7
1987	7
1987	7
1987	7
1987	7
1987	7
1987	6
1987	6
1987	6
1987	6
1987	6
1987	5
1987	5
1987	5
1987	5
1987	5
1987	5
1987	4
1987	4
1987	4
1987	4
1987	4
1987	4
1987	4
1987	3
1987	3
1987	3
1987	3
1987	3
1987	3
1987	3
1987	3
1987	3
1987	3
1987	3
1987	3
1987	3
1987	2
1987	2
1987	2
1987	2
1987	2
1987	2
1987	2
1987	2
1987	2
1987	2
1987	2
1987	2
1987	2
1987	2
1987	2
1987	2
1987	2
1987	1
1987	1
1987	1
1987	1
1987	1
1987	1
1987	1
1987	1
1987	1
1987	1
1987	1
1987	1
1987	1
1987	1
1987	1
1987	1
1987	1
1987	1
1987	1
1987	1
1987	1
1987	1
1987	1
1987	1
1987	1
1987	1
1987	0
1987	0
1987	0
1987	0
1987	0
1987	0
1987	0
1987	0
1987	0
1987	0
1987	0
1987	0
1987	0
1987	0
1987	0
1987	0
1987	0
1987	0
1987	0
1987	0
1987	0
1987	0
1987	0
1987	0
1987	0
1987	0
1987	0
1987	0
1987	0
1987	0
1987	0
1987	0
1987	0
1987	0
1987	0
1987	0
1987	0
1987	0
1987	0
1987	0
1987	0
1987	0
1987	0
1987	0
1987	0
1987	0
1987	0
1987	0
1987	0
1987	0
1987	0
1987	0
1987	0
1987	0
1987	0
1987	0
1987	0
1987	0
1987	0
1987	0
1987	0
1987	0
1987	0
1987	0
1987	0
1987	0
1987	0
1988	156
1988	143
1988	73
1988	72
1988	70
1988	65
1988	63
1988	45
1988	45
1988	41
1988	38
1988	33
1988	29
1988	23
1988	21
1988	19
1988	18
1988	17
1988	15
1988	14
1988	13
1988	12
1988	12
1988	12
1988	12
1988	11
1988	10
1988	10
1988	9
1988	8
1988	8
1988	8
1988	7
1988	7
1988	7
1988	7
1988	7
1988	7
1988	6
1988	6
1988	6
1988	6
1988	6
1988	5
1988	5
1988	5
1988	5
1988	5
1988	4
1988	4
1988	4
1988	4
1988	4
1988	4
1988	4
1988	4
1988	4
1988	4
1988	3
1988	3
1988	3
1988	3
1988	3
1988	3
1988	3
1988	3
1988	3
1988	3
1988	3
1988	2
1988	2
1988	2
1988	2
1988	2
1988	2
1988	2
1988	2
1988	2
1988	2
1988	2
1988	2
1988	2
1988	2
1988	2
1988	2
1988	2
1988	1
1988	1
1988	1
1988	1
1988	1
1988	1
1988	1
1988	1
1988	1
1988	1
1988	1
1988	1
1988	1
1988	1
1988	1
1988	1
1988	1
1988	1
1988	1
1988	1
1988	1
1988	1
1988	1
1988	1
1988	1
1988	1
1988	1
1988	0
1988	0
1988	0
1988	0
1988	0
1988	0
1988	0
1988	0
1988	0
1988	0
1988	0
1988	0
1988	0
1988	0
1988	0
1988	0
1988	0
1988	0
1988	0
1988	0
1988	0
1988	0
1988	0
1988	0
1988	0
1988	0
1988	0
1988	0
1988	0
1988	0
1988	0
1988	0
1988	0
1988	0
1988	0
1988	0
1988	0
1988	0
1988	0
1988	0
1988	0
1988	0
1988	0
1988	0
1988	0
1988	0
1988	0
1988	0
1988	0
1988	0
1988	0
1988	0
1988	0
1988	0
1988	0
1988	0
1988	0
1988	0
1988	0
1988	0
1988	0
1988	0
1988	0
1988	0
1988	0
1988	0
1989	158
1989	150
1989	74
1989	72
1989	71
1989	66
1989	64
1989	46
1989	46
1989	39
1989	39
1989	33
1989	30
1989	22
1989	22
1989	19
1989	17
1989	17
1989	15
1989	14
1989	14
1989	14
1989	13
1989	12
1989	12
1989	11
1989	11
1989	10
1989	9
1989	8
1989	8
1989	8
1989	7
1989	7
1989	7
1989	7
1989	7
1989	6
1989	6
1989	6
1989	6
1989	6
1989	6
1989	6
1989	5
1989	5
1989	5
1989	5
1989	4
1989	4
1989	4
1989	4
1989	4
1989	4
1989	4
1989	4
1989	4
1989	4
1989	3
1989	3
1989	3
1989	3
1989	3
1989	3
1989	3
1989	3
1989	3
1989	3
1989	3
1989	2
1989	2
1989	2
1989	2
1989	2
1989	2
1989	2
1989	2
1989	2
1989	2
1989	2
1989	2
1989	2
1989	2
1989	2
1989	2
1989	2
1989	2
1989	1
1989	1
1989	1
1989	1
1989	1
1989	1
1989	1
1989	1
1989	1
1989	1
1989	1
1989	1
1989	1
1989	1
1989	1
1989	1
1989	1
1989	1
1989	1
1989	1
1989	1
1989	1
1989	1
1989	1
1989	1
1989	0
1989	0
1989	0
1989	0
1989	0
1989	0
1989	0
1989	0
1989	0
1989	0
1989	0
1989	0
1989	0
1989	0
1989	0
1989	0
1989	0
1989	0
1989	0
1989	0
1989	0
1989	0
1989	0
1989	0
1989	0
1989	0
1989	0
1989	0
1989	0
1989	0
1989	0
1989	0
1989	0
1989	0
1989	0
1989	0
1989	0
1989	0
1989	0
1989	0
1989	0
1989	0
1989	0
1989	0
1989	0
1989	0
1989	0
1989	0
1989	0
1989	0
1989	0
1989	0
1989	0
1989	0
1989	0
1989	0
1989	0
1989	0
1989	0
1989	0
1989	0
1989	0
1989	0
1989	0
1989	0
1989	0
1989	0
1990	156
1990	155
1990	74
1990	73
1990	70
1990	66
1990	64
1990	48
1990	46
1990	39
1990	38
1990	34
1990	30
1990	23
1990	22
1990	19
1990	17
1990	16
1990	15
1990	15
1990	14
1990	14
1990	13
1990	12
1990	11
1990	11
1990	11
1990	11
1990	9
1990	8
1990	8
1990	8
1990	7
1990	7
1990	7
1990	7
1990	7
1990	7
1990	6
1990	6
1990	6
1990	6
1990	6
1990	6
1990	6
1990	5
1990	5
1990	5
1990	5
1990	4
1990	4
1990	4
1990	4
1990	4
1990	4
1990	4
1990	4
1990	4
1990	3
1990	3
1990	3
1990	3
1990	3
1990	3
1990	3
1990	3
1990	3
1990	3
1990	3
1990	3
1990	2
1990	2
1990	2
1990	2
1990	2
1990	2
1990	2
1990	2
1990	2
1990	2
1990	2
1990	2
1990	2
1990	2
1990	2
1990	2
1990	2
1990	2
1990	2
1990	1
1990	1
1990	1
1990	1
1990	1
1990	1
1990	1
1990	1
1990	1
1990	1
1990	1
1990	1
1990	1
1990	1
1990	1
1990	1
1990	1
1990	1
1990	1
1990	1
1990	1
1990	1
1990	1
1990	0
1990	0
1990	0
1990	0
1990	0
1990	0
1990	0
1990	0
1990	0
1990	0
1990	0
1990	0
1990	0
1990	0
1990	0
1990	0
1990	0
1990	0
1990	0
1990	0
1990	0
1990	0
1990	0
1990	0
1990	0
1990	0
1990	0
1990	0
1990	0
1990	0
1990	0
1990	0
1990	0
1990	0
1990	0
1990	0
1990	0
1990	0
1990	0
1990	0
1990	0
1990	0
1990	0
1990	0
1990	0
1990	0
1990	0
1990	0
1990	0
1990	0
1990	0
1990	0
1990	0
1990	0
1990	0
1990	0
1990	0
1990	0
1990	0
1990	0
1990	0
1990	0
1990	0
1990	0
1990	0
1990	0
1990	0
1991	158
1991	152
1991	75
1991	75
1991	71
1991	66
1991	63
1991	48
1991	45
1991	38
1991	38
1991	34
1991	31
1991	23
1991	20
1991	19
1991	17
1991	16
1991	15
1991	14
1991	14
1991	13
1991	13
1991	12
1991	12
1991	12
1991	10
1991	10
1991	8
1991	8
1991	8
1991	8
1991	7
1991	7
1991	7
1991	7
1991	7
1991	6
1991	6
1991	6
1991	6
1991	6
1991	6
1991	6
1991	6
1991	5
1991	5
1991	5
1991	5
1991	4
1991	4
1991	4
1991	4
1991	4
1991	4
1991	4
1991	4
1991	4
1991	4
1991	3
1991	3
1991	3
1991	3
1991	3
1991	3
1991	3
1991	3
1991	3
1991	3
1991	2
1991	2
1991	2
1991	2
1991	2
1991	2
1991	2
1991	2
1991	2
1991	2
1991	2
1991	2
1991	2
1991	2
1991	2
1991	2
1991	2
1991	2
1991	2
1991	1
1991	1
1991	1
1991	1
1991	1
1991	1
1991	1
1991	1
1991	1
1991	1
1991	1
1991	1
1991	1
1991	1
1991	1
1991	1
1991	1
1991	1
1991	1
1991	1
1991	1
1991	1
1991	1
1991	1
1991	0
1991	0
1991	0
1991	0
1991	0
1991	0
1991	0
1991	0
1991	0
1991	0
1991	0
1991	0
1991	0
1991	0
1991	0
1991	0
1991	0
1991	0
1991	0
1991	0
1991	0
1991	0
1991	0
1991	0
1991	0
1991	0
1991	0
1991	0
1991	0
1991	0
1991	0
1991	0
1991	0
1991	0
1991	0
1991	0
1991	0
1991	0
1991	0
1991	0
1991	0
1991	0
1991	0
1991	0
1991	0
1991	0
1991	0
1991	0
1991	0
1991	0
1991	0
1991	0
1991	0
1991	0
1991	0
1991	0
1991	0
1991	0
1991	0
1991	0
1991	0
1991	0
1991	0
1991	0
1991	0
1991	0
1991	0
1992	160
1992	79
1992	76
1992	76
1992	72
1992	67
1992	62
1992	46
1992	45
1992	38
1992	38
1992	35
1992	31
1992	29
1992	24
1992	21
1992	19
1992	17
1992	16
1992	15
1992	14
1992	14
1992	14
1992	13
1992	13
1992	12
1992	12
1992	11
1992	10
1992	9
1992	9
1992	8
1992	8
1992	8
1992	7
1992	7
1992	7
1992	7
1992	7
1992	7
1992	7
1992	7
1992	6
1992	6
1992	6
1992	6
1992	6
1992	5
1992	5
1992	5
1992	5
1992	5
1992	4
1992	4
1992	4
1992	4
1992	4
1992	4
1992	4
1992	4
1992	4
1992	4
1992	4
1992	4
1992	3
1992	3
1992	3
1992	3
1992	3
1992	3
1992	3
1992	3
1992	3
1992	2
1992	2
1992	2
1992	2
1992	2
1992	2
1992	2
1992	2
1992	2
1992	2
1992	2
1992	2
1992	2
1992	2
1992	2
1992	2
1992	2
1992	2
1992	2
1992	2
1992	2
1992	2
1992	2
1992	2
1992	2
1992	1
1992	1
1992	1
1992	1
1992	1
1992	1
1992	1
1992	1
1992	1
1992	1
1992	1
1992	1
1992	1
1992	1
1992	1
1992	1
1992	1
1992	1
1992	1
1992	1
1992	1
1992	1
1992	1
1992	1
1992	1
1992	1
1992	1
1992	1
1992	1
1992	1
1992	0
1992	0
1992	0
1992	0
1992	0
1992	0
1992	0
1992	0
1992	0
1992	0
1992	0
1992	0
1992	0
1992	0
1992	0
1992	0
1992	0
1992	0
1992	0
1992	0
1992	0
1992	0
1992	0
1992	0
1992	0
1992	0
1992	0
1992	0
1992	0
1992	0
1992	0
1992	0
1992	0
1992	0
1992	0
1992	0
1992	0
1992	0
1992	0
1992	0
1992	0
1992	0
1992	0
1992	0
1992	0
1992	0
1992	0
1992	0
1992	0
1992	0
1992	0
1992	0
1992	0
1992	0
1992	0
1992	0
1992	0
1992	0
1992	0
1992	0
1992	0
1992	0
1992	0
1992	0
1992	0
1992	0
1992	0
1992	0
1992	0
1993	165
1993	77
1993	76
1993	74
1993	73
1993	69
1993	62
1993	45
1993	44
1993	38
1993	37
1993	36
1993	32
1993	27
1993	21
1993	20
1993	19
1993	18
1993	16
1993	16
1993	15
1993	15
1993	14
1993	12
1993	12
1993	12
1993	12
1993	11
1993	10
1993	9
1993	8
1993	8
1993	8
1993	8
1993	8
1993	7
1993	7
1993	7
1993	7
1993	7
1993	7
1993	6
1993	6
1993	6
1993	6
1993	5
1993	5
1993	5
1993	5
1993	5
1993	5
1993	5
1993	4
1993	4
1993	4
1993	4
1993	4
1993	4
1993	4
1993	4
1993	4
1993	4
1993	3
1993	3
1993	3
1993	3
1993	3
1993	3
1993	3
1993	3
1993	3
1993	3
1993	3
1993	3
1993	2
1993	2
1993	2
1993	2
1993	2
1993	2
1993	2
1993	2
1993	2
1993	2
1993	2
1993	2
1993	2
1993	2
1993	2
1993	2
1993	2
1993	2
1993	2
1993	2
1993	2
1993	1
1993	1
1993	1
1993	1
1993	1
1993	1
1993	1
1993	1
1993	1
1993	1
1993	1
1993	1
1993	1
1993	1
1993	1
1993	1
1993	1
1993	1
1993	1
1993	1
1993	1
1993	1
1993	1
1993	1
1993	1
1993	1
1993	1
1993	1
1993	1
1993	1
1993	1
1993	1
1993	1
1993	1
1993	1
1993	1
1993	0
1993	0
1993	0
1993	0
1993	0
1993	0
1993	0
1993	0
1993	0
1993	0
1993	0
1993	0
1993	0
1993	0
1993	0
1993	0
1993	0
1993	0
1993	0
1993	0
1993	0
1993	0
1993	0
1993	0
1993	0
1993	0
1993	0
1993	0
1993	0
1993	0
1993	0
1993	0
1993	0
1993	0
1993	0
1993	0
1993	0
1993	0
1993	0
1993	0
1993	0
1993	0
1993	0
1993	0
1993	0
1993	0
1993	0
1993	0
1993	0
1993	0
1993	0
1993	0
1993	0
1993	0
1993	0
1993	0
1993	0
1993	0
1993	0
1993	0
1993	0
1993	0
1993	0
1993	0
1993	0
1993	0
1993	0
1993	0
1994	171
1994	78
1994	77
1994	73
1994	70
1994	69
1994	61
1994	47
1994	44
1994	39
1994	38
1994	36
1994	33
1994	26
1994	21
1994	20
1994	19
1994	18
1994	18
1994	16
1994	16
1994	15
1994	14
1994	13
1994	13
1994	12
1994	12
1994	11
1994	10
1994	9
1994	8
1994	8
1994	8
1994	8
1994	8
1994	7
1994	7
1994	7
1994	7
1994	7
1994	7
1994	7
1994	6
1994	6
1994	6
1994	6
1994	5
1994	5
1994	5
1994	5
1994	5
1994	5
1994	4
1994	4
1994	4
1994	4
1994	4
1994	4
1994	4
1994	4
1994	4
1994	3
1994	3
1994	3
1994	3
1994	3
1994	3
1994	3
1994	3
1994	3
1994	3
1994	3
1994	3
1994	2
1994	2
1994	2
1994	2
1994	2
1994	2
1994	2
1994	2
1994	2
1994	2
1994	2
1994	2
1994	2
1994	2
1994	2
1994	2
1994	2
1994	2
1994	2
1994	2
1994	2
1994	1
1994	1
1994	1
1994	1
1994	1
1994	1
1994	1
1994	1
1994	1
1994	1
1994	1
1994	1
1994	1
1994	1
1994	1
1994	1
1994	1
1994	1
1994	1
1994	1
1994	1
1994	1
1994	1
1994	1
1994	1
1994	1
1994	1
1994	1
1994	1
1994	1
1994	1
1994	1
1994	1
1994	1
1994	1
1994	0
1994	0
1994	0
1994	0
1994	0
1994	0
1994	0
1994	0
1994	0
1994	0
1994	0
1994	0
1994	0
1994	0
1994	0
1994	0
1994	0
1994	0
1994	0
1994	0
1994	0
1994	0
1994	0
1994	0
1994	0
1994	0
1994	0
1994	0
1994	0
1994	0
1994	0
1994	0
1994	0
1994	0
1994	0
1994	0
1994	0
1994	0
1994	0
1994	0
1994	0
1994	0
1994	0
1994	0
1994	0
1994	0
1994	0
1994	0
1994	0
1994	0
1994	0
1994	0
1994	0
1994	0
1994	0
1994	0
1994	0
1994	0
1994	0
1994	0
1994	0
1994	0
1994	0
1994	0
1994	0
1994	0
1994	0
1994	0
1994	0
1994	0
1995	183
1995	79
1995	77
1995	75
1995	70
1995	61
1995	59
1995	45
1995	43
1995	40
1995	38
1995	37
1995	34
1995	24
1995	21
1995	20
1995	19
1995	19
1995	18
1995	16
1995	16
1995	15
1995	14
1995	14
1995	13
1995	12
1995	12
1995	10
1995	9
1995	9
1995	9
1995	8
1995	8
1995	8
1995	7
1995	7
1995	7
1995	7
1995	7
1995	7
1995	7
1995	7
1995	6
1995	6
1995	6
1995	6
1995	6
1995	6
1995	5
1995	5
1995	5
1995	5
1995	4
1995	4
1995	4
1995	4
1995	4
1995	4
1995	4
1995	4
1995	4
1995	4
1995	3
1995	3
1995	3
1995	3
1995	3
1995	3
1995	3
1995	3
1995	2
1995	2
1995	2
1995	2
1995	2
1995	2
1995	2
1995	2
1995	2
1995	2
1995	2
1995	2
1995	2
1995	2
1995	2
1995	2
1995	2
1995	2
1995	2
1995	2
1995	2
1995	2
1995	2
1995	2
1995	2
1995	2
1995	2
1995	1
1995	1
1995	1
1995	1
1995	1
1995	1
1995	1
1995	1
1995	1
1995	1
1995	1
1995	1
1995	1
1995	1
1995	1
1995	1
1995	1
1995	1
1995	1
1995	1
1995	1
1995	1
1995	1
1995	1
1995	1
1995	1
1995	1
1995	1
1995	1
1995	0
1995	0
1995	0
1995	0
1995	0
1995	0
1995	0
1995	0
1995	0
1995	0
1995	0
1995	0
1995	0
1995	0
1995	0
1995	0
1995	0
1995	0
1995	0
1995	0
1995	0
1995	0
1995	0
1995	0
1995	0
1995	0
1995	0
1995	0
1995	0
1995	0
1995	0
1995	0
1995	0
1995	0
1995	0
1995	0
1995	0
1995	0
1995	0
1995	0
1995	0
1995	0
1995	0
1995	0
1995	0
1995	0
1995	0
1995	0
1995	0
1995	0
1995	0
1995	0
1995	0
1995	0
1995	0
1995	0
1995	0
1995	0
1995	0
1995	0
1995	0
1995	0
1995	0
1995	0
1995	0
1995	0
1995	0
1995	0
1995	0
1995	0
1995	0
1995	0
1995	0
1996	184
1996	78
1996	75
1996	73
1996	71
1996	57
1996	55
1996	46
1996	41
1996	38
1996	37
1996	37
1996	34
1996	22
1996	22
1996	20
1996	19
1996	19
1996	18
1996	17
1996	16
1996	15
1996	15
1996	14
1996	13
1996	13
1996	12
1996	9
1996	9
1996	8
1996	8
1996	8
1996	8
1996	8
1996	7
1996	7
1996	7
1996	7
1996	7
1996	7
1996	7
1996	7
1996	7
1996	6
1996	6
1996	6
1996	6
1996	6
1996	6
1996	5
1996	5
1996	5
1996	4
1996	4
1996	4
1996	4
1996	4
1996	4
1996	4
1996	4
1996	4
1996	4
1996	3
1996	3
1996	3
1996	3
1996	3
1996	3
1996	3
1996	3
1996	2
1996	2
1996	2
1996	2
1996	2
1996	2
1996	2
1996	2
1996	2
1996	2
1996	2
1996	2
1996	2
1996	2
1996	2
1996	2
1996	2
1996	2
1996	2
1996	2
1996	2
1996	2
1996	2
1996	2
1996	2
1996	2
1996	1
1996	1
1996	1
1996	1
1996	1
1996	1
1996	1
1996	1
1996	1
1996	1
1996	1
1996	1
1996	1
1996	1
1996	1
1996	1
1996	1
1996	1
1996	1
1996	1
1996	1
1996	1
1996	1
1996	1
1996	1
1996	1
1996	1
1996	1
1996	1
1996	1
1996	0
1996	0
1996	0
1996	0
1996	0
1996	0
1996	0
1996	0
1996	0
1996	0
1996	0
1996	0
1996	0
1996	0
1996	0
1996	0
1996	0
1996	0
1996	0
1996	0
1996	0
1996	0
1996	0
1996	0
1996	0
1996	0
1996	0
1996	0
1996	0
1996	0
1996	0
1996	0
1996	0
1996	0
1996	0
1996	0
1996	0
1996	0
1996	0
1996	0
1996	0
1996	0
1996	0
1996	0
1996	0
1996	0
1996	0
1996	0
1996	0
1996	0
1996	0
1996	0
1996	0
1996	0
1996	0
1996	0
1996	0
1996	0
1996	0
1996	0
1996	0
1996	0
1996	0
1996	0
1996	0
1996	0
1996	0
1996	0
1996	0
1996	0
1996	0
1996	0
1996	0
1997	169
1997	78
1997	74
1997	74
1997	70
1997	57
1997	49
1997	46
1997	41
1997	39
1997	38
1997	38
1997	35
1997	22
1997	20
1997	20
1997	19
1997	19
1997	17
1997	17
1997	16
1997	15
1997	15
1997	14
1997	13
1997	13
1997	12
1997	9
1997	9
1997	9
1997	8
1997	8
1997	8
1997	7
1997	7
1997	7
1997	7
1997	7
1997	7
1997	7
1997	7
1997	7
1997	6
1997	6
1997	6
1997	6
1997	6
1997	6
1997	6
1997	5
1997	5
1997	5
1997	5
1997	5
1997	4
1997	4
1997	4
1997	4
1997	4
1997	4
1997	4
1997	4
1997	3
1997	3
1997	3
1997	3
1997	3
1997	3
1997	3
1997	3
1997	3
1997	3
1997	2
1997	2
1997	2
1997	2
1997	2
1997	2
1997	2
1997	2
1997	2
1997	2
1997	2
1997	2
1997	2
1997	2
1997	2
1997	2
1997	2
1997	2
1997	2
1997	2
1997	2
1997	2
1997	2
1997	2
1997	1
1997	1
1997	1
1997	1
1997	1
1997	1
1997	1
1997	1
1997	1
1997	1
1997	1
1997	1
1997	1
1997	1
1997	1
1997	1
1997	1
1997	1
1997	1
1997	1
1997	1
1997	1
1997	1
1997	1
1997	1
1997	1
1997	1
1997	1
1997	1
1997	1
1997	1
1997	0
1997	0
1997	0
1997	0
1997	0
1997	0
1997	0
1997	0
1997	0
1997	0
1997	0
1997	0
1997	0
1997	0
1997	0
1997	0
1997	0
1997	0
1997	0
1997	0
1997	0
1997	0
1997	0
1997	0
1997	0
1997	0
1997	0
1997	0
1997	0
1997	0
1997	0
1997	0
1997	0
1997	0
1997	0
1997	0
1997	0
1997	0
1997	0
1997	0
1997	0
1997	0
1997	0
1997	0
1997	0
1997	0
1997	0
1997	0
1997	0
1997	0
1997	0
1997	0
1997	0
1997	0
1997	0
1997	0
1997	0
1997	0
1997	0
1997	0
1997	0
1997	0
1997	0
1997	0
1997	0
1997	0
1997	0
1997	0
1997	0
1997	0
1997	0
1997	0
1998	180
1998	77
1998	75
1998	74
1998	70
1998	57
1998	46
1998	43
1998	40
1998	37
1998	37
1998	37
1998	36
1998	24
1998	21
1998	19
1998	18
1998	17
1998	16
1998	16
1998	16
1998	15
1998	15
1998	14
1998	13
1998	13
1998	12
1998	9
1998	9
1998	9
1998	9
1998	8
1998	8
1998	8
1998	7
1998	7
1998	7
1998	7
1998	7
1998	7
1998	7
1998	7
1998	6
1998	6
1998	6
1998	6
1998	6
1998	5
1998	5
1998	5
1998	5
1998	5
1998	5
1998	5
1998	5
1998	5
1998	4
1998	4
1998	4
1998	4
1998	4
1998	4
1998	4
1998	3
1998	3
1998	3
1998	3
1998	3
1998	3
1998	3
1998	3
1998	3
1998	3
1998	2
1998	2
1998	2
1998	2
1998	2
1998	2
1998	2
1998	2
1998	2
1998	2
1998	2
1998	2
1998	2
1998	2
1998	2
1998	2
1998	2
1998	2
1998	2
1998	2
1998	2
1998	2
1998	2
1998	1
1998	1
1998	1
1998	1
1998	1
1998	1
1998	1
1998	1
1998	1
1998	1
1998	1
1998	1
1998	1
1998	1
1998	1
1998	1
1998	1
1998	1
1998	1
1998	1
1998	1
1998	1
1998	1
1998	1
1998	1
1998	1
1998	1
1998	1
1998	1
1998	1
1998	1
1998	0
1998	0
1998	0
1998	0
1998	0
1998	0
1998	0
1998	0
1998	0
1998	0
1998	0
1998	0
1998	0
1998	0
1998	0
1998	0
1998	0
1998	0
1998	0
1998	0
1998	0
1998	0
1998	0
1998	0
1998	0
1998	0
1998	0
1998	0
1998	0
1998	0
1998	0
1998	0
1998	0
1998	0
1998	0
1998	0
1998	0
1998	0
1998	0
1998	0
1998	0
1998	0
1998	0
1998	0
1998	0
1998	0
1998	0
1998	0
1998	0
1998	0
1998	0
1998	0
1998	0
1998	0
1998	0
1998	0
1998	0
1998	0
1998	0
1998	0
1998	0
1998	0
1998	0
1998	0
1998	0
1998	0
1998	0
1998	0
1998	0
1998	0
1998	0
1998	0
1999	187
1999	77
1999	76
1999	74
1999	67
1999	57
1999	46
1999	41
1999	39
1999	37
1999	37
1999	37
1999	37
1999	24
1999	21
1999	19
1999	17
1999	17
1999	17
1999	15
1999	15
1999	15
1999	15
1999	14
1999	13
1999	13
1999	12
1999	10
1999	10
1999	9
1999	9
1999	9
1999	8
1999	8
1999	8
1999	7
1999	7
1999	7
1999	7
1999	7
1999	7
1999	7
1999	6
1999	6
1999	6
1999	6
1999	6
1999	5
1999	5
1999	5
1999	5
1999	5
1999	5
1999	5
1999	5
1999	4
1999	4
1999	4
1999	4
1999	4
1999	4
1999	4
1999	4
1999	3
1999	3
1999	3
1999	3
1999	3
1999	3
1999	3
1999	3
1999	3
1999	3
1999	3
1999	2
1999	2
1999	2
1999	2
1999	2
1999	2
1999	2
1999	2
1999	2
1999	2
1999	2
1999	2
1999	2
1999	2
1999	2
1999	2
1999	2
1999	2
1999	2
1999	2
1999	2
1999	1
1999	1
1999	1
1999	1
1999	1
1999	1
1999	1
1999	1
1999	1
1999	1
1999	1
1999	1
1999	1
1999	1
1999	1
1999	1
1999	1
1999	1
1999	1
1999	1
1999	1
1999	1
1999	1
1999	1
1999	1
1999	1
1999	1
1999	1
1999	1
1999	1
1999	1
1999	1
1999	0
1999	0
1999	0
1999	0
1999	0
1999	0
1999	0
1999	0
1999	0
1999	0
1999	0
1999	0
1999	0
1999	0
1999	0
1999	0
1999	0
1999	0
1999	0
1999	0
1999	0
1999	0
1999	0
1999	0
1999	0
1999	0
1999	0
1999	0
1999	0
1999	0
1999	0
1999	0
1999	0
1999	0
1999	0
1999	0
1999	0
1999	0
1999	0
1999	0
1999	0
1999	0
1999	0
1999	0
1999	0
1999	0
1999	0
1999	0
1999	0
1999	0
1999	0
1999	0
1999	0
1999	0
1999	0
1999	0
1999	0
1999	0
1999	0
1999	0
1999	0
1999	0
1999	0
1999	0
1999	0
1999	0
1999	0
1999	0
1999	0
1999	0
1999	0
1999	0
2000	192
2000	78
2000	77
2000	73
2000	68
2000	56
2000	47
2000	40
2000	39
2000	38
2000	38
2000	37
2000	37
2000	22
2000	22
2000	19
2000	18
2000	17
2000	16
2000	15
2000	15
2000	14
2000	14
2000	14
2000	14
2000	13
2000	11
2000	10
2000	9
2000	9
2000	9
2000	9
2000	8
2000	8
2000	8
2000	7
2000	7
2000	7
2000	7
2000	6
2000	6
2000	6
2000	6
2000	6
2000	6
2000	6
2000	5
2000	5
2000	5
2000	5
2000	5
2000	5
2000	5
2000	5
2000	5
2000	4
2000	4
2000	4
2000	4
2000	4
2000	4
2000	4
2000	4
2000	3
2000	3
2000	3
2000	3
2000	3
2000	3
2000	3
2000	3
2000	3
2000	3
2000	3
2000	2
2000	2
2000	2
2000	2
2000	2
2000	2
2000	2
2000	2
2000	2
2000	2
2000	2
2000	2
2000	2
2000	2
2000	2
2000	2
2000	2
2000	2
2000	2
2000	2
2000	2
2000	2
2000	2
2000	2
2000	1
2000	1
2000	1
2000	1
2000	1
2000	1
2000	1
2000	1
2000	1
2000	1
2000	1
2000	1
2000	1
2000	1
2000	1
2000	1
2000	1
2000	1
2000	1
2000	1
2000	1
2000	1
2000	1
2000	1
2000	1
2000	1
2000	1
2000	1
2000	1
2000	0
2000	0
2000	0
2000	0
2000	0
2000	0
2000	0
2000	0
2000	0
2000	0
2000	0
2000	0
2000	0
2000	0
2000	0
2000	0
2000	0
2000	0
2000	0
2000	0
2000	0
2000	0
2000	0
2000	0
2000	0
2000	0
2000	0
2000	0
2000	0
2000	0
2000	0
2000	0
2000	0
2000	0
2000	0
2000	0
2000	0
2000	0
2000	0
2000	0
2000	0
2000	0
2000	0
2000	0
2000	0
2000	0
2000	0
2000	0
2000	0
2000	0
2000	0
2000	0
2000	0
2000	0
2000	0
2000	0
2000	0
2000	0
2000	0
2000	0
2000	0
2000	0
2000	0
2000	0
2000	0
2000	0
2000	0
2000	0
2000	0
2000	0
2000	0
2000	0
2000	0
2001	188
2001	81
2001	77
2001	74
2001	68
2001	56
2001	47
2001	40
2001	39
2001	38
2001	38
2001	38
2001	37
2001	24
2001	23
2001	19
2001	19
2001	17
2001	17
2001	16
2001	15
2001	14
2001	14
2001	14
2001	13
2001	12
2001	11
2001	10
2001	10
2001	10
2001	9
2001	9
2001	9
2001	9
2001	7
2001	7
2001	7
2001	6
2001	6
2001	6
2001	6
2001	6
2001	6
2001	6
2001	6
2001	6
2001	6
2001	5
2001	5
2001	5
2001	5
2001	5
2001	5
2001	5
2001	4
2001	4
2001	4
2001	4
2001	4
2001	4
2001	4
2001	4
2001	4
2001	3
2001	3
2001	3
2001	3
2001	3
2001	3
2001	3
2001	3
2001	3
2001	3
2001	3
2001	2
2001	2
2001	2
2001	2
2001	2
2001	2
2001	2
2001	2
2001	2
2001	2
2001	2
2001	2
2001	2
2001	2
2001	2
2001	2
2001	2
2001	2
2001	2
2001	2
2001	2
2001	2
2001	2
2001	2
2001	1
2001	1
2001	1
2001	1
2001	1
2001	1
2001	1
2001	1
2001	1
2001	1
2001	1
2001	1
2001	1
2001	1
2001	1
2001	1
2001	1
2001	1
2001	1
2001	1
2001	1
2001	1
2001	1
2001	1
2001	1
2001	1
2001	1
2001	1
2001	1
2001	0
2001	0
2001	0
2001	0
2001	0
2001	0
2001	0
2001	0
2001	0
2001	0
2001	0
2001	0
2001	0
2001	0
2001	0
2001	0
2001	0
2001	0
2001	0
2001	0
2001	0
2001	0
2001	0
2001	0
2001	0
2001	0
2001	0
2001	0
2001	0
2001	0
2001	0
2001	0
2001	0
2001	0
2001	0
2001	0
2001	0
2001	0
2001	0
2001	0
2001	0
2001	0
2001	0
2001	0
2001	0
2001	0
2001	0
2001	0
2001	0
2001	0
2001	0
2001	0
2001	0
2001	0
2001	0
2001	0
2001	0
2001	0
2001	0
2001	0
2001	0
2001	0
2001	0
2001	0
2001	0
2001	0
2001	0
2001	0
2001	0
2001	0
2001	0
2001	0
2001	0
2002	187
2002	83
2002	77
2002	76
2002	69
2002	55
2002	47
2002	40
2002	40
2002	39
2002	38
2002	38
2002	37
2002	28
2002	23
2002	20
2002	19
2002	17
2002	16
2002	15
2002	15
2002	14
2002	14
2002	14
2002	12
2002	12
2002	11
2002	10
2002	10
2002	10
2002	9
2002	9
2002	9
2002	9
2002	7
2002	7
2002	7
2002	7
2002	6
2002	6
2002	6
2002	6
2002	6
2002	6
2002	6
2002	6
2002	5
2002	5
2002	5
2002	5
2002	5
2002	5
2002	5
2002	5
2002	5
2002	5
2002	4
2002	4
2002	4
2002	4
2002	4
2002	4
2002	4
2002	3
2002	3
2002	3
2002	3
2002	3
2002	3
2002	3
2002	3
2002	3
2002	3
2002	3
2002	3
2002	2
2002	2
2002	2
2002	2
2002	2
2002	2
2002	2
2002	2
2002	2
2002	2
2002	2
2002	2
2002	2
2002	2
2002	2
2002	2
2002	2
2002	2
2002	2
2002	2
2002	2
2002	2
2002	1
2002	1
2002	1
2002	1
2002	1
2002	1
2002	1
2002	1
2002	1
2002	1
2002	1
2002	1
2002	1
2002	1
2002	1
2002	1
2002	1
2002	1
2002	1
2002	1
2002	1
2002	1
2002	1
2002	1
2002	1
2002	1
2002	1
2002	1
2002	1
2002	1
2002	1
2002	0
2002	0
2002	0
2002	0
2002	0
2002	0
2002	0
2002	0
2002	0
2002	0
2002	0
2002	0
2002	0
2002	0
2002	0
2002	0
2002	0
2002	0
2002	0
2002	0
2002	0
2002	0
2002	0
2002	0
2002	0
2002	0
2002	0
2002	0
2002	0
2002	0
2002	0
2002	0
2002	0
2002	0
2002	0
2002	0
2002	0
2002	0
2002	0
2002	0
2002	0
2002	0
2002	0
2002	0
2002	0
2002	0
2002	0
2002	0
2002	0
2002	0
2002	0
2002	0
2002	0
2002	0
2002	0
2002	0
2002	0
2002	0
2002	0
2002	0
2002	0
2002	0
2002	0
2002	0
2002	0
2002	0
2002	0
2002	0
2002	0
2002	0
2002	0
2002	0
2003	185
2003	87
2003	80
2003	77
2003	69
2003	55
2003	44
2003	41
2003	41
2003	39
2003	38
2003	38
2003	37
2003	27
2003	24
2003	20
2003	19
2003	18
2003	15
2003	15
2003	15
2003	14
2003	14
2003	14
2003	12
2003	12
2003	11
2003	10
2003	10
2003	10
2003	10
2003	9
2003	9
2003	9
2003	7
2003	7
2003	7
2003	7
2003	6
2003	6
2003	6
2003	6
2003	6
2003	6
2003	6
2003	6
2003	6
2003	6
2003	5
2003	5
2003	5
2003	5
2003	5
2003	5
2003	5
2003	5
2003	5
2003	4
2003	4
2003	4
2003	4
2003	4
2003	4
2003	4
2003	3
2003	3
2003	3
2003	3
2003	3
2003	3
2003	3
2003	3
2003	3
2003	3
2003	3
2003	3
2003	3
2003	3
2003	2
2003	2
2003	2
2003	2
2003	2
2003	2
2003	2
2003	2
2003	2
2003	2
2003	2
2003	2
2003	2
2003	2
2003	2
2003	2
2003	2
2003	2
2003	2
2003	2
2003	1
2003	1
2003	1
2003	1
2003	1
2003	1
2003	1
2003	1
2003	1
2003	1
2003	1
2003	1
2003	1
2003	1
2003	1
2003	1
2003	1
2003	1
2003	1
2003	1
2003	1
2003	1
2003	1
2003	1
2003	1
2003	1
2003	1
2003	1
2003	1
2003	1
2003	1
2003	0
2003	0
2003	0
2003	0
2003	0
2003	0
2003	0
2003	0
2003	0
2003	0
2003	0
2003	0
2003	0
2003	0
2003	0
2003	0
2003	0
2003	0
2003	0
2003	0
2003	0
2003	0
2003	0
2003	0
2003	0
2003	0
2003	0
2003	0
2003	0
2003	0
2003	0
2003	0
2003	0
2003	0
2003	0
2003	0
2003	0
2003	0
2003	0
2003	0
2003	0
2003	0
2003	0
2003	0
2003	0
2003	0
2003	0
2003	0
2003	0
2003	0
2003	0
2003	0
2003	0
2003	0
2003	0
2003	0
2003	0
2003	0
2003	0
2003	0
2003	0
2003	0
2003	0
2003	0
2003	0
2003	0
2003	0
2003	0
2003	0
2003	0
2003	0
2004	186
2004	90
2004	83
2004	77
2004	69
2004	55
2004	45
2004	42
2004	41
2004	40
2004	38
2004	38
2004	35
2004	28
2004	24
2004	21
2004	19
2004	18
2004	15
2004	15
2004	15
2004	14
2004	14
2004	14
2004	12
2004	11
2004	11
2004	11
2004	10
2004	10
2004	10
2004	9
2004	9
2004	9
2004	7
2004	7
2004	7
2004	7
2004	6
2004	6
2004	6
2004	6
2004	6
2004	6
2004	6
2004	6
2004	6
2004	6
2004	6
2004	5
2004	5
2004	5
2004	5
2004	5
2004	5
2004	5
2004	5
2004	5
2004	4
2004	4
2004	4
2004	4
2004	4
2004	4
2004	4
2004	3
2004	3
2004	3
2004	3
2004	3
2004	3
2004	3
2004	3
2004	3
2004	3
2004	3
2004	3
2004	3
2004	2
2004	2
2004	2
2004	2
2004	2
2004	2
2004	2
2004	2
2004	2
2004	2
2004	2
2004	2
2004	2
2004	2
2004	2
2004	2
2004	2
2004	2
2004	2
2004	2
2004	1
2004	1
2004	1
2004	1
2004	1
2004	1
2004	1
2004	1
2004	1
2004	1
2004	1
2004	1
2004	1
2004	1
2004	1
2004	1
2004	1
2004	1
2004	1
2004	1
2004	1
2004	1
2004	1
2004	1
2004	1
2004	1
2004	1
2004	1
2004	1
2004	1
2004	1
2004	1
2004	0
2004	0
2004	0
2004	0
2004	0
2004	0
2004	0
2004	0
2004	0
2004	0
2004	0
2004	0
2004	0
2004	0
2004	0
2004	0
2004	0
2004	0
2004	0
2004	0
2004	0
2004	0
2004	0
2004	0
2004	0
2004	0
2004	0
2004	0
2004	0
2004	0
2004	0
2004	0
2004	0
2004	0
2004	0
2004	0
2004	0
2004	0
2004	0
2004	0
2004	0
2004	0
2004	0
2004	0
2004	0
2004	0
2004	0
2004	0
2004	0
2004	0
2004	0
2004	0
2004	0
2004	0
2004	0
2004	0
2004	0
2004	0
2004	0
2004	0
2004	0
2004	0
2004	0
2004	0
2004	0
2004	0
2004	0
2004	0
2004	0
2004	0
2005	188
2005	92
2005	89
2005	77
2005	71
2005	54
2005	46
2005	43
2005	41
2005	41
2005	38
2005	37
2005	33
2005	29
2005	24
2005	21
2005	19
2005	18
2005	15
2005	15
2005	15
2005	15
2005	14
2005	13
2005	12
2005	11
2005	11
2005	11
2005	10
2005	10
2005	10
2005	9
2005	9
2005	9
2005	7
2005	7
2005	7
2005	7
2005	7
2005	7
2005	7
2005	6
2005	6
2005	6
2005	6
2005	6
2005	6
2005	6
2005	6
2005	6
2005	6
2005	5
2005	5
2005	5
2005	5
2005	5
2005	5
2005	4
2005	4
2005	4
2005	4
2005	4
2005	4
2005	4
2005	4
2005	4
2005	3
2005	3
2005	3
2005	3
2005	3
2005	3
2005	3
2005	3
2005	3
2005	3
2005	3
2005	3
2005	3
2005	2
2005	2
2005	2
2005	2
2005	2
2005	2
2005	2
2005	2
2005	2
2005	2
2005	2
2005	2
2005	2
2005	2
2005	2
2005	2
2005	2
2005	2
2005	2
2005	1
2005	1
2005	1
2005	1
2005	1
2005	1
2005	1
2005	1
2005	1
2005	1
2005	1
2005	1
2005	1
2005	1
2005	1
2005	1
2005	1
2005	1
2005	1
2005	1
2005	1
2005	1
2005	1
2005	1
2005	1
2005	1
2005	1
2005	1
2005	1
2005	1
2005	1
2005	1
2005	1
2005	0
2005	0
2005	0
2005	0
2005	0
2005	0
2005	0
2005	0
2005	0
2005	0
2005	0
2005	0
2005	0
2005	0
2005	0
2005	0
2005	0
2005	0
2005	0
2005	0
2005	0
2005	0
2005	0
2005	0
2005	0
2005	0
2005	0
2005	0
2005	0
2005	0
2005	0
2005	0
2005	0
2005	0
2005	0
2005	0
2005	0
2005	0
2005	0
2005	0
2005	0
2005	0
2005	0
2005	0
2005	0
2005	0
2005	0
2005	0
2005	0
2005	0
2005	0
2005	0
2005	0
2005	0
2005	0
2005	0
2005	0
2005	0
2005	0
2005	0
2005	0
2005	0
2005	0
2005	0
2005	0
2005	0
2005	0
2005	0
2005	0
2006	188
2006	92
2006	91
2006	76
2006	71
2006	54
2006	46
2006	46
2006	42
2006	42
2006	38
2006	38
2006	32
2006	31
2006	24
2006	22
2006	19
2006	19
2006	16
2006	15
2006	15
2006	15
2006	14
2006	13
2006	12
2006	11
2006	11
2006	11
2006	11
2006	10
2006	9
2006	9
2006	9
2006	9
2006	8
2006	7
2006	7
2006	7
2006	7
2006	7
2006	7
2006	6
2006	6
2006	6
2006	6
2006	6
2006	6
2006	6
2006	6
2006	6
2006	6
2006	5
2006	5
2006	5
2006	5
2006	5
2006	5
2006	4
2006	4
2006	4
2006	4
2006	4
2006	4
2006	4
2006	4
2006	4
2006	3
2006	3
2006	3
2006	3
2006	3
2006	3
2006	3
2006	3
2006	3
2006	3
2006	3
2006	3
2006	3
2006	3
2006	2
2006	2
2006	2
2006	2
2006	2
2006	2
2006	2
2006	2
2006	2
2006	2
2006	2
2006	2
2006	2
2006	2
2006	2
2006	2
2006	2
2006	2
2006	1
2006	1
2006	1
2006	1
2006	1
2006	1
2006	1
2006	1
2006	1
2006	1
2006	1
2006	1
2006	1
2006	1
2006	1
2006	1
2006	1
2006	1
2006	1
2006	1
2006	1
2006	1
2006	1
2006	1
2006	1
2006	1
2006	1
2006	1
2006	1
2006	1
2006	1
2006	1
2006	1
2006	0
2006	0
2006	0
2006	0
2006	0
2006	0
2006	0
2006	0
2006	0
2006	0
2006	0
2006	0
2006	0
2006	0
2006	0
2006	0
2006	0
2006	0
2006	0
2006	0
2006	0
2006	0
2006	0
2006	0
2006	0
2006	0
2006	0
2006	0
2006	0
2006	0
2006	0
2006	0
2006	0
2006	0
2006	0
2006	0
2006	0
2006	0
2006	0
2006	0
2006	0
2006	0
2006	0
2006	0
2006	0
2006	0
2006	0
2006	0
2006	0
2006	0
2006	0
2006	0
2006	0
2006	0
2006	0
2006	0
2006	0
2006	0
2006	0
2006	0
2006	0
2006	0
2006	0
2006	0
2006	0
2006	0
2006	0
2006	0
2006	0
2006	0
2007	181
2007	91
2007	90
2007	76
2007	73
2007	55
2007	48
2007	45
2007	43
2007	42
2007	39
2007	38
2007	34
2007	32
2007	24
2007	22
2007	19
2007	19
2007	16
2007	16
2007	15
2007	15
2007	14
2007	14
2007	12
2007	11
2007	11
2007	11
2007	11
2007	10
2007	9
2007	9
2007	9
2007	9
2007	8
2007	8
2007	7
2007	7
2007	7
2007	7
2007	7
2007	7
2007	7
2007	7
2007	7
2007	6
2007	6
2007	6
2007	6
2007	6
2007	6
2007	6
2007	6
2007	5
2007	5
2007	5
2007	5
2007	5
2007	4
2007	4
2007	4
2007	4
2007	4
2007	4
2007	4
2007	4
2007	3
2007	3
2007	3
2007	3
2007	3
2007	3
2007	3
2007	3
2007	3
2007	3
2007	3
2007	3
2007	3
2007	3
2007	2
2007	2
2007	2
2007	2
2007	2
2007	2
2007	2
2007	2
2007	2
2007	2
2007	2
2007	2
2007	2
2007	2
2007	2
2007	2
2007	2
2007	2
2007	1
2007	1
2007	1
2007	1
2007	1
2007	1
2007	1
2007	1
2007	1
2007	1
2007	1
2007	1
2007	1
2007	1
2007	1
2007	1
2007	1
2007	1
2007	1
2007	1
2007	1
2007	1
2007	1
2007	1
2007	1
2007	1
2007	1
2007	1
2007	1
2007	1
2007	1
2007	1
2007	1
2007	0
2007	0
2007	0
2007	0
2007	0
2007	0
2007	0
2007	0
2007	0
2007	0
2007	0
2007	0
2007	0
2007	0
2007	0
2007	0
2007	0
2007	0
2007	0
2007	0
2007	0
2007	0
2007	0
2007	0
2007	0
2007	0
2007	0
2007	0
2007	0
2007	0
2007	0
2007	0
2007	0
2007	0
2007	0
2007	0
2007	0
2007	0
2007	0
2007	0
2007	0
2007	0
2007	0
2007	0
2007	0
2007	0
2007	0
2007	0
2007	0
2007	0
2007	0
2007	0
2007	0
2007	0
2007	0
2007	0
2007	0
2007	0
2007	0
2007	0
2007	0
2007	0
2007	0
2007	0
2007	0
2007	0
2007	0
2007	0
2007	0
2007	0
