1961	745
1961	698
1961	677
1961	565
1961	559
1961	544
1961	504
1961	495
1961	463
1961	406
1961	387
1961	378
1961	376
1961	359
1961	358
1961	334
1961	323
1961	323
1961	315
1961	313
1961	305
1961	275
1961	264
1961	257
1961	240
1961	239
1961	232
1961	228
1961	226
1961	205
1961	184
1961	172
1961	169
1961	157
1961	153
1961	146
1961	145
1961	144
1961	126
1961	126
1961	116
1961	115
1961	114
1961	110
1961	109
1961	105
1961	104
1961	104
1961	99
1961	94
1961	94
1961	93
1961	89
1961	82
1961	78
1961	78
1961	70
1961	68
1961	66
1961	61
1961	56
1961	55
1961	54
1961	51
1961	50
1961	48
1961	45
1961	40
1961	39
1961	35
1961	34
1961	34
1961	33
1961	32
1961	30
1961	29
1961	27
1961	27
1961	25
1961	25
1961	24
1961	23
1961	23
1961	23
1961	21
1961	21
1961	21
1961	20
1961	20
1961	20
1961	19
1961	19
1961	18
1961	17
1961	17
1961	17
1961	17
1961	17
1961	16
1961	15
1961	15
1961	14
1961	13
1961	12
1961	12
1961	12
1961	12
1961	11
1961	11
1961	10
1961	10
1961	9
1961	9
1961	9
1961	8
1961	8
1961	8
1961	7
1961	7
1961	6
1961	6
1961	6
1961	6
1961	6
1961	6
1961	6
1961	5
1961	5
1961	5
1961	5
1961	5
1961	5
1961	5
1961	5
1961	5
1961	5
1961	4
1961	4
1961	3
1961	3
1961	3
1961	3
1961	3
1961	2
1961	2
1961	2
1961	2
1961	2
1962	729
1962	695
1962	667
1962	608
1962	582
1962	531
1962	526
1962	502
1962	468
1962	426
1962	398
1962	383
1962	377
1962	361
1962	357
1962	321
1962	321
1962	319
1962	315
1962	311
1962	311
1962	286
1962	273
1962	272
1962	270
1962	252
1962	237
1962	222
1962	210
1962	201
1962	196
1962	179
1962	178
1962	172
1962	162
1962	147
1962	127
1962	121
1962	120
1962	116
1962	116
1962	113
1962	112
1962	111
1962	110
1962	110
1962	99
1962	98
1962	97
1962	92
1962	91
1962	88
1962	87
1962	85
1962	84
1962	79
1962	72
1962	71
1962	69
1962	63
1962	62
1962	60
1962	55
1962	51
1962	49
1962	47
1962	40
1962	40
1962	38
1962	36
1962	36
1962	35
1962	35
1962	33
1962	29
1962	28
1962	27
1962	27
1962	25
1962	24
1962	24
1962	24
1962	23
1962	23
1962	23
1962	22
1962	22
1962	22
1962	21
1962	21
1962	20
1962	20
1962	19
1962	19
1962	19
1962	18
1962	16
1962	16
1962	15
1962	15
1962	14
1962	14
1962	13
1962	13
1962	13
1962	13
1962	12
1962	12
1962	11
1962	10
1962	10
1962	10
1962	10
1962	9
1962	9
1962	9
1962	9
1962	9
1962	8
1962	8
1962	8
1962	8
1962	8
1962	7
1962	7
1962	7
1962	7
1962	7
1962	7
1962	6
1962	6
1962	6
1962	5
1962	5
1962	5
1962	5
1962	4
1962	4
1962	4
1962	4
1962	3
1962	2
1962	2
1962	2
1962	2
1962	2
1962	2
1962	1
1963	743
1963	698
1963	692
1963	640
1963	575
1963	535
1963	527
1963	511
1963	464
1963	455
1963	413
1963	403
1963	370
1963	362
1963	359
1963	351
1963	337
1963	325
1963	323
1963	323
1963	305
1963	303
1963	284
1963	282
1963	275
1963	267
1963	248
1963	236
1963	227
1963	213
1963	195
1963	175
1963	174
1963	169
1963	162
1963	156
1963	140
1963	140
1963	124
1963	123
1963	118
1963	116
1963	114
1963	113
1963	112
1963	110
1963	105
1963	101
1963	99
1963	93
1963	91
1963	89
1963	87
1963	80
1963	78
1963	77
1963	70
1963	64
1963	62
1963	61
1963	58
1963	56
1963	55
1963	51
1963	50
1963	49
1963	46
1963	44
1963	40
1963	38
1963	37
1963	34
1963	32
1963	31
1963	30
1963	30
1963	29
1963	27
1963	27
1963	27
1963	26
1963	25
1963	24
1963	23
1963	23
1963	22
1963	22
1963	20
1963	20
1963	20
1963	20
1963	20
1963	19
1963	19
1963	18
1963	17
1963	17
1963	16
1963	16
1963	16
1963	16
1963	16
1963	15
1963	15
1963	14
1963	14
1963	13
1963	13
1963	12
1963	12
1963	12
1963	11
1963	11
1963	10
1963	10
1963	10
1963	10
1963	9
1963	8
1963	8
1963	8
1963	8
1963	8
1963	7
1963	7
1963	7
1963	7
1963	7
1963	7
1963	6
1963	6
1963	6
1963	5
1963	5
1963	5
1963	5
1963	4
1963	4
1963	3
1963	3
1963	3
1963	2
1963	2
1963	2
1963	2
1963	2
1963	2
1963	1
1964	755
1964	686
1964	655
1964	644
1964	580
1964	554
1964	523
1964	504
1964	458
1964	452
1964	414
1964	379
1964	379
1964	373
1964	366
1964	357
1964	345
1964	330
1964	318
1964	317
1964	312
1964	297
1964	290
1964	286
1964	280
1964	278
1964	276
1964	253
1964	249
1964	246
1964	233
1964	187
1964	175
1964	169
1964	163
1964	160
1964	143
1964	132
1964	129
1964	122
1964	122
1964	117
1964	115
1964	114
1964	114
1964	107
1964	99
1964	99
1964	96
1964	95
1964	94
1964	94
1964	92
1964	83
1964	81
1964	74
1964	74
1964	72
1964	71
1964	70
1964	68
1964	64
1964	63
1964	55
1964	51
1964	45
1964	40
1964	39
1964	39
1964	38
1964	34
1964	34
1964	34
1964	33
1964	33
1964	33
1964	31
1964	31
1964	30
1964	29
1964	27
1964	27
1964	26
1964	25
1964	24
1964	24
1964	23
1964	23
1964	22
1964	21
1964	20
1964	20
1964	20
1964	20
1964	17
1964	16
1964	16
1964	16
1964	15
1964	15
1964	15
1964	15
1964	13
1964	13
1964	13
1964	13
1964	13
1964	13
1964	13
1964	12
1964	11
1964	11
1964	11
1964	11
1964	11
1964	10
1964	10
1964	10
1964	9
1964	9
1964	9
1964	9
1964	9
1964	8
1964	8
1964	8
1964	8
1964	8
1964	6
1964	6
1964	6
1964	6
1964	6
1964	5
1964	5
1964	5
1964	5
1964	4
1964	4
1964	3
1964	3
1964	2
1964	2
1964	2
1964	2
1964	2
1964	1
1964	1
1965	746
1965	674
1965	662
1965	590
1965	584
1965	575
1965	520
1965	483
1965	440
1965	438
1965	434
1965	383
1965	377
1965	355
1965	350
1965	347
1965	337
1965	333
1965	329
1965	325
1965	308
1965	301
1965	293
1965	288
1965	286
1965	278
1965	264
1965	255
1965	249
1965	245
1965	228
1965	203
1965	172
1965	167
1965	163
1965	162
1965	161
1965	151
1965	148
1965	134
1965	129
1965	121
1965	119
1965	111
1965	108
1965	101
1965	100
1965	99
1965	99
1965	98
1965	97
1965	96
1965	92
1965	92
1965	86
1965	82
1965	76
1965	74
1965	73
1965	72
1965	67
1965	67
1965	61
1965	54
1965	52
1965	52
1965	48
1965	41
1965	41
1965	40
1965	39
1965	35
1965	34
1965	32
1965	31
1965	29
1965	28
1965	26
1965	26
1965	26
1965	25
1965	25
1965	24
1965	24
1965	23
1965	23
1965	23
1965	22
1965	22
1965	21
1965	21
1965	21
1965	20
1965	19
1965	18
1965	17
1965	17
1965	17
1965	16
1965	16
1965	15
1965	15
1965	15
1965	15
1965	14
1965	14
1965	14
1965	14
1965	13
1965	13
1965	13
1965	13
1965	12
1965	12
1965	11
1965	11
1965	11
1965	10
1965	10
1965	10
1965	10
1965	9
1965	9
1965	9
1965	9
1965	8
1965	8
1965	8
1965	8
1965	8
1965	7
1965	7
1965	6
1965	6
1965	6
1965	5
1965	5
1965	5
1965	4
1965	3
1965	3
1965	3
1965	2
1965	2
1965	2
1965	1
1965	1
1965	1
1966	759
1966	666
1966	660
1966	660
1966	579
1966	570
1966	504
1966	483
1966	451
1966	448
1966	446
1966	416
1966	416
1966	401
1966	361
1966	360
1966	357
1966	342
1966	311
1966	309
1966	300
1966	300
1966	276
1966	274
1966	271
1966	260
1966	253
1966	250
1966	250
1966	244
1966	243
1966	180
1966	171
1966	165
1966	164
1966	162
1966	140
1966	135
1966	128
1966	126
1966	125
1966	125
1966	121
1966	118
1966	116
1966	114
1966	111
1966	104
1966	103
1966	99
1966	98
1966	98
1966	97
1966	92
1966	89
1966	79
1966	73
1966	73
1966	72
1966	72
1966	64
1966	58
1966	58
1966	57
1966	56
1966	51
1966	49
1966	47
1966	42
1966	41
1966	40
1966	37
1966	37
1966	37
1966	36
1966	35
1966	33
1966	33
1966	28
1966	27
1966	27
1966	25
1966	25
1966	25
1966	25
1966	22
1966	21
1966	21
1966	21
1966	20
1966	20
1966	19
1966	19
1966	19
1966	19
1966	18
1966	18
1966	17
1966	17
1966	16
1966	15
1966	15
1966	15
1966	14
1966	14
1966	14
1966	13
1966	13
1966	13
1966	13
1966	13
1966	12
1966	12
1966	12
1966	12
1966	11
1966	11
1966	10
1966	10
1966	10
1966	9
1966	9
1966	9
1966	9
1966	8
1966	8
1966	8
1966	7
1966	7
1966	7
1966	6
1966	6
1966	6
1966	6
1966	6
1966	6
1966	5
1966	5
1966	4
1966	4
1966	4
1966	3
1966	3
1966	2
1966	2
1966	2
1966	1
1966	1
1966	1
1966	1
1967	753
1967	645
1967	606
1967	602
1967	595
1967	572
1967	517
1967	487
1967	482
1967	429
1967	407
1967	357
1967	355
1967	346
1967	342
1967	341
1967	330
1967	316
1967	313
1967	305
1967	303
1967	299
1967	286
1967	273
1967	272
1967	271
1967	268
1967	264
1967	251
1967	247
1967	238
1967	185
1967	183
1967	163
1967	161
1967	159
1967	142
1967	139
1967	136
1967	136
1967	132
1967	129
1967	119
1967	118
1967	111
1967	110
1967	101
1967	98
1967	98
1967	97
1967	97
1967	97
1967	96
1967	94
1967	89
1967	87
1967	78
1967	73
1967	70
1967	69
1967	65
1967	63
1967	54
1967	50
1967	49
1967	47
1967	42
1967	41
1967	38
1967	38
1967	38
1967	37
1967	36
1967	36
1967	34
1967	28
1967	28
1967	27
1967	27
1967	26
1967	25
1967	25
1967	25
1967	24
1967	23
1967	23
1967	22
1967	22
1967	22
1967	21
1967	21
1967	20
1967	20
1967	19
1967	19
1967	18
1967	17
1967	17
1967	17
1967	17
1967	16
1967	16
1967	16
1967	15
1967	15
1967	15
1967	15
1967	15
1967	15
1967	14
1967	14
1967	14
1967	14
1967	14
1967	13
1967	13
1967	12
1967	11
1967	11
1967	11
1967	10
1967	10
1967	9
1967	8
1967	8
1967	8
1967	8
1967	7
1967	7
1967	7
1967	7
1967	7
1967	6
1967	6
1967	6
1967	5
1967	5
1967	5
1967	4
1967	4
1967	4
1967	3
1967	3
1967	2
1967	2
1967	2
1967	1
1967	1
1968	746
1968	653
1968	649
1968	626
1968	609
1968	562
1968	517
1968	474
1968	453
1968	436
1968	396
1968	394
1968	381
1968	361
1968	343
1968	342
1968	331
1968	324
1968	321
1968	316
1968	305
1968	297
1968	285
1968	283
1968	273
1968	265
1968	262
1968	247
1968	240
1968	233
1968	214
1968	182
1968	172
1968	171
1968	163
1968	151
1968	147
1968	142
1968	134
1968	133
1968	133
1968	122
1968	122
1968	118
1968	116
1968	112
1968	111
1968	98
1968	97
1968	97
1968	96
1968	94
1968	92
1968	88
1968	85
1968	83
1968	82
1968	76
1968	74
1968	68
1968	67
1968	65
1968	61
1968	56
1968	53
1968	52
1968	48
1968	48
1968	47
1968	43
1968	41
1968	39
1968	38
1968	34
1968	33
1968	33
1968	32
1968	32
1968	30
1968	29
1968	28
1968	27
1968	26
1968	26
1968	24
1968	24
1968	23
1968	22
1968	22
1968	22
1968	21
1968	21
1968	21
1968	20
1968	20
1968	19
1968	19
1968	19
1968	19
1968	18
1968	17
1968	16
1968	16
1968	15
1968	15
1968	15
1968	15
1968	15
1968	15
1968	15
1968	14
1968	14
1968	14
1968	14
1968	14
1968	13
1968	13
1968	12
1968	12
1968	10
1968	10
1968	9
1968	9
1968	9
1968	7
1968	7
1968	7
1968	7
1968	7
1968	6
1968	6
1968	6
1968	6
1968	6
1968	5
1968	5
1968	5
1968	5
1968	4
1968	4
1968	3
1968	3
1968	2
1968	2
1968	2
1968	2
1968	1
1968	1
1968	1
1969	727
1969	649
1969	646
1969	643
1969	620
1969	559
1969	523
1969	492
1969	452
1969	418
1969	401
1969	381
1969	369
1969	357
1969	353
1969	345
1969	344
1969	333
1969	323
1969	300
1969	289
1969	284
1969	282
1969	273
1969	268
1969	267
1969	266
1969	265
1969	254
1969	228
1969	216
1969	185
1969	165
1969	160
1969	159
1969	159
1969	150
1969	147
1969	141
1969	138
1969	130
1969	128
1969	124
1969	124
1969	123
1969	115
1969	114
1969	113
1969	112
1969	101
1969	100
1969	97
1969	97
1969	93
1969	93
1969	87
1969	84
1969	82
1969	81
1969	67
1969	67
1969	66
1969	63
1969	61
1969	56
1969	55
1969	53
1969	49
1969	46
1969	44
1969	42
1969	39
1969	39
1969	37
1969	35
1969	33
1969	32
1969	32
1969	30
1969	28
1969	27
1969	27
1969	26
1969	26
1969	25
1969	24
1969	24
1969	23
1969	23
1969	23
1969	23
1969	23
1969	23
1969	23
1969	22
1969	21
1969	19
1969	19
1969	18
1969	17
1969	17
1969	17
1969	17
1969	16
1969	16
1969	16
1969	16
1969	15
1969	15
1969	15
1969	15
1969	14
1969	14
1969	14
1969	14
1969	13
1969	13
1969	13
1969	12
1969	12
1969	9
1969	9
1969	9
1969	9
1969	9
1969	8
1969	8
1969	7
1969	7
1969	6
1969	6
1969	6
1969	5
1969	5
1969	5
1969	5
1969	5
1969	4
1969	4
1969	4
1969	4
1969	4
1969	3
1969	3
1969	2
1969	2
1969	2
1970	743
1970	675
1970	675
1970	661
1970	625
1970	576
1970	528
1970	513
1970	496
1970	449
1970	418
1970	412
1970	374
1970	363
1970	349
1970	347
1970	327
1970	325
1970	322
1970	291
1970	287
1970	287
1970	286
1970	285
1970	278
1970	265
1970	257
1970	257
1970	232
1970	213
1970	193
1970	193
1970	179
1970	177
1970	164
1970	159
1970	158
1970	142
1970	141
1970	140
1970	133
1970	124
1970	124
1970	123
1970	119
1970	117
1970	117
1970	112
1970	109
1970	100
1970	98
1970	96
1970	95
1970	93
1970	92
1970	92
1970	86
1970	84
1970	75
1970	70
1970	66
1970	65
1970	64
1970	60
1970	59
1970	56
1970	52
1970	46
1970	44
1970	42
1970	41
1970	40
1970	40
1970	39
1970	36
1970	36
1970	35
1970	31
1970	28
1970	27
1970	27
1970	26
1970	26
1970	25
1970	25
1970	25
1970	25
1970	24
1970	24
1970	24
1970	23
1970	22
1970	21
1970	21
1970	21
1970	21
1970	20
1970	20
1970	19
1970	19
1970	19
1970	18
1970	18
1970	17
1970	17
1970	17
1970	16
1970	16
1970	15
1970	15
1970	15
1970	14
1970	14
1970	14
1970	14
1970	13
1970	13
1970	12
1970	11
1970	11
1970	11
1970	10
1970	10
1970	10
1970	9
1970	9
1970	9
1970	9
1970	8
1970	7
1970	7
1970	6
1970	6
1970	6
1970	6
1970	6
1970	5
1970	5
1970	5
1970	4
1970	4
1970	4
1970	4
1970	3
1970	3
1970	3
1970	2
1970	1
1971	747
1971	667
1971	661
1971	633
1971	616
1971	570
1971	557
1971	517
1971	493
1971	467
1971	435
1971	423
1971	397
1971	366
1971	364
1971	346
1971	329
1971	327
1971	314
1971	313
1971	299
1971	297
1971	290
1971	290
1971	288
1971	284
1971	272
1971	270
1971	253
1971	221
1971	205
1971	190
1971	187
1971	176
1971	160
1971	158
1971	155
1971	152
1971	147
1971	144
1971	132
1971	126
1971	123
1971	123
1971	118
1971	118
1971	118
1971	114
1971	111
1971	103
1971	103
1971	102
1971	99
1971	95
1971	95
1971	87
1971	83
1971	83
1971	82
1971	72
1971	70
1971	66
1971	65
1971	59
1971	57
1971	57
1971	52
1971	51
1971	49
1971	46
1971	43
1971	43
1971	42
1971	41
1971	39
1971	39
1971	32
1971	30
1971	30
1971	29
1971	29
1971	28
1971	28
1971	28
1971	27
1971	27
1971	25
1971	22
1971	21
1971	21
1971	21
1971	20
1971	20
1971	20
1971	20
1971	19
1971	19
1971	18
1971	18
1971	18
1971	17
1971	17
1971	17
1971	16
1971	16
1971	16
1971	16
1971	16
1971	16
1971	14
1971	14
1971	14
1971	13
1971	13
1971	13
1971	13
1971	13
1971	12
1971	12
1971	12
1971	11
1971	11
1971	11
1971	11
1971	10
1971	10
1971	10
1971	9
1971	8
1971	8
1971	8
1971	7
1971	7
1971	7
1971	7
1971	7
1971	7
1971	7
1971	6
1971	6
1971	4
1971	4
1971	3
1971	2
1971	2
1971	2
1971	2
1971	2
1971	1
1972	742
1972	676
1972	665
1972	622
1972	570
1972	568
1972	540
1972	498
1972	488
1972	448
1972	437
1972	427
1972	387
1972	377
1972	363
1972	353
1972	349
1972	323
1972	315
1972	314
1972	313
1972	288
1972	288
1972	281
1972	272
1972	264
1972	254
1972	254
1972	251
1972	197
1972	196
1972	196
1972	195
1972	185
1972	166
1972	156
1972	149
1972	145
1972	145
1972	143
1972	140
1972	129
1972	126
1972	125
1972	121
1972	116
1972	114
1972	114
1972	114
1972	113
1972	106
1972	105
1972	101
1972	96
1972	93
1972	93
1972	86
1972	84
1972	73
1972	67
1972	65
1972	65
1972	64
1972	61
1972	60
1972	59
1972	58
1972	55
1972	47
1972	46
1972	43
1972	42
1972	40
1972	39
1972	37
1972	37
1972	33
1972	31
1972	29
1972	29
1972	28
1972	28
1972	28
1972	27
1972	26
1972	26
1972	25
1972	25
1972	25
1972	21
1972	21
1972	21
1972	20
1972	20
1972	19
1972	19
1972	19
1972	19
1972	18
1972	18
1972	18
1972	17
1972	17
1972	17
1972	17
1972	17
1972	17
1972	16
1972	16
1972	15
1972	15
1972	15
1972	14
1972	14
1972	14
1972	13
1972	13
1972	13
1972	12
1972	12
1972	12
1972	11
1972	11
1972	10
1972	9
1972	9
1972	8
1972	8
1972	8
1972	8
1972	7
1972	7
1972	7
1972	7
1972	6
1972	6
1972	6
1972	6
1972	6
1972	5
1972	4
1972	4
1972	4
1972	4
1972	3
1972	2
1972	2
1972	2
1972	2
1973	744
1973	695
1973	663
1973	634
1973	578
1973	555
1973	551
1973	513
1973	498
1973	457
1973	439
1973	438
1973	385
1973	378
1973	360
1973	357
1973	343
1973	331
1973	313
1973	311
1973	304
1973	293
1973	291
1973	286
1973	283
1973	267
1973	263
1973	235
1973	209
1973	204
1973	199
1973	194
1973	187
1973	173
1973	171
1973	162
1973	155
1973	149
1973	149
1973	145
1973	141
1973	138
1973	130
1973	114
1973	113
1973	112
1973	112
1973	111
1973	107
1973	106
1973	104
1973	101
1973	94
1973	92
1973	90
1973	90
1973	89
1973	89
1973	81
1973	80
1973	74
1973	67
1973	67
1973	64
1973	64
1973	62
1973	61
1973	58
1973	50
1973	49
1973	48
1973	42
1973	42
1973	41
1973	40
1973	39
1973	38
1973	38
1973	37
1973	32
1973	29
1973	28
1973	28
1973	27
1973	27
1973	26
1973	26
1973	25
1973	25
1973	23
1973	22
1973	21
1973	21
1973	20
1973	20
1973	19
1973	19
1973	19
1973	19
1973	18
1973	18
1973	18
1973	17
1973	17
1973	17
1973	17
1973	17
1973	17
1973	17
1973	16
1973	16
1973	16
1973	16
1973	15
1973	15
1973	14
1973	13
1973	12
1973	12
1973	12
1973	12
1973	12
1973	12
1973	12
1973	11
1973	9
1973	9
1973	9
1973	8
1973	8
1973	8
1973	7
1973	7
1973	7
1973	7
1973	6
1973	6
1973	6
1973	5
1973	5
1973	4
1973	4
1973	4
1973	3
1973	3
1973	2
1973	2
1973	2
1973	1
1974	738
1974	695
1974	662
1974	627
1974	623
1974	584
1974	554
1974	522
1974	520
1974	451
1974	441
1974	437
1974	411
1974	404
1974	389
1974	356
1974	327
1974	316
1974	313
1974	308
1974	308
1974	306
1974	306
1974	301
1974	292
1974	286
1974	285
1974	269
1974	256
1974	230
1974	230
1974	207
1974	196
1974	180
1974	177
1974	173
1974	171
1974	166
1974	164
1974	152
1974	149
1974	149
1974	144
1974	131
1974	131
1974	131
1974	113
1974	109
1974	99
1974	99
1974	98
1974	94
1974	93
1974	91
1974	91
1974	89
1974	89
1974	81
1974	80
1974	79
1974	78
1974	68
1974	62
1974	59
1974	57
1974	57
1974	55
1974	52
1974	47
1974	47
1974	46
1974	45
1974	44
1974	43
1974	42
1974	41
1974	40
1974	37
1974	34
1974	34
1974	34
1974	31
1974	31
1974	30
1974	29
1974	25
1974	25
1974	25
1974	23
1974	23
1974	23
1974	22
1974	22
1974	22
1974	21
1974	20
1974	20
1974	19
1974	19
1974	18
1974	18
1974	18
1974	18
1974	17
1974	17
1974	17
1974	16
1974	16
1974	15
1974	14
1974	14
1974	14
1974	14
1974	14
1974	13
1974	13
1974	12
1974	12
1974	11
1974	11
1974	11
1974	11
1974	10
1974	10
1974	9
1974	9
1974	9
1974	8
1974	8
1974	8
1974	8
1974	7
1974	7
1974	7
1974	7
1974	7
1974	6
1974	5
1974	5
1974	5
1974	3
1974	3
1974	3
1974	3
1974	2
1974	2
1974	2
1974	2
1974	1
1974	1
1975	737
1975	700
1975	629
1975	582
1975	580
1975	543
1975	539
1975	513
1975	498
1975	463
1975	434
1975	400
1975	400
1975	386
1975	349
1975	324
1975	320
1975	320
1975	314
1975	312
1975	311
1975	309
1975	305
1975	304
1975	294
1975	294
1975	293
1975	289
1975	280
1975	220
1975	216
1975	205
1975	197
1975	186
1975	172
1975	168
1975	164
1975	162
1975	157
1975	156
1975	150
1975	145
1975	143
1975	134
1975	131
1975	124
1975	118
1975	113
1975	111
1975	110
1975	107
1975	104
1975	104
1975	102
1975	102
1975	96
1975	92
1975	87
1975	83
1975	79
1975	74
1975	70
1975	68
1975	66
1975	57
1975	56
1975	56
1975	55
1975	53
1975	50
1975	49
1975	49
1975	47
1975	43
1975	41
1975	38
1975	35
1975	33
1975	33
1975	32
1975	32
1975	28
1975	27
1975	25
1975	25
1975	25
1975	25
1975	24
1975	24
1975	23
1975	23
1975	23
1975	22
1975	21
1975	21
1975	20
1975	19
1975	19
1975	19
1975	18
1975	18
1975	18
1975	17
1975	17
1975	16
1975	16
1975	16
1975	16
1975	15
1975	15
1975	15
1975	14
1975	14
1975	14
1975	14
1975	14
1975	13
1975	13
1975	13
1975	13
1975	12
1975	12
1975	11
1975	11
1975	10
1975	10
1975	9
1975	8
1975	8
1975	8
1975	7
1975	7
1975	6
1975	6
1975	6
1975	6
1975	5
1975	5
1975	5
1975	5
1975	5
1975	4
1975	4
1975	4
1975	3
1975	3
1975	2
1975	2
1975	2
1975	2
1975	1
1976	730
1976	696
1976	651
1976	597
1976	573
1976	545
1976	530
1976	522
1976	483
1976	464
1976	436
1976	430
1976	428
1976	396
1976	375
1976	365
1976	342
1976	332
1976	321
1976	320
1976	317
1976	301
1976	293
1976	289
1976	289
1976	286
1976	281
1976	259
1976	246
1976	213
1976	187
1976	181
1976	177
1976	170
1976	170
1976	169
1976	169
1976	165
1976	164
1976	164
1976	162
1976	160
1976	153
1976	140
1976	132
1976	130
1976	129
1976	115
1976	112
1976	111
1976	110
1976	110
1976	106
1976	104
1976	96
1976	95
1976	92
1976	92
1976	84
1976	80
1976	71
1976	68
1976	65
1976	65
1976	60
1976	57
1976	57
1976	57
1976	55
1976	53
1976	49
1976	48
1976	46
1976	46
1976	44
1976	43
1976	39
1976	39
1976	36
1976	35
1976	33
1976	31
1976	29
1976	29
1976	27
1976	26
1976	25
1976	24
1976	24
1976	24
1976	24
1976	23
1976	23
1976	22
1976	22
1976	21
1976	21
1976	20
1976	20
1976	20
1976	20
1976	19
1976	19
1976	17
1976	17
1976	17
1976	17
1976	17
1976	17
1976	16
1976	15
1976	15
1976	15
1976	14
1976	14
1976	14
1976	14
1976	14
1976	13
1976	13
1976	13
1976	12
1976	12
1976	12
1976	11
1976	11
1976	10
1976	10
1976	10
1976	9
1976	9
1976	8
1976	8
1976	8
1976	8
1976	8
1976	7
1976	7
1976	7
1976	7
1976	6
1976	5
1976	4
1976	4
1976	2
1976	2
1976	2
1976	2
1976	2
1976	1
1976	1
1977	750
1977	698
1977	614
1977	587
1977	566
1977	529
1977	526
1977	515
1977	475
1977	462
1977	438
1977	437
1977	385
1977	385
1977	354
1977	337
1977	330
1977	319
1977	316
1977	315
1977	315
1977	314
1977	311
1977	297
1977	289
1977	279
1977	278
1977	258
1977	247
1977	235
1977	234
1977	192
1977	192
1977	177
1977	176
1977	172
1977	170
1977	169
1977	169
1977	168
1977	156
1977	147
1977	146
1977	139
1977	138
1977	129
1977	129
1977	118
1977	113
1977	108
1977	106
1977	104
1977	104
1977	103
1977	100
1977	98
1977	98
1977	95
1977	84
1977	83
1977	80
1977	71
1977	69
1977	66
1977	65
1977	59
1977	58
1977	56
1977	56
1977	56
1977	55
1977	54
1977	52
1977	50
1977	49
1977	46
1977	42
1977	39
1977	38
1977	35
1977	34
1977	34
1977	32
1977	31
1977	31
1977	30
1977	28
1977	27
1977	26
1977	26
1977	26
1977	25
1977	25
1977	25
1977	25
1977	24
1977	24
1977	23
1977	23
1977	23
1977	21
1977	20
1977	19
1977	19
1977	19
1977	19
1977	18
1977	18
1977	18
1977	18
1977	17
1977	17
1977	17
1977	15
1977	15
1977	14
1977	14
1977	14
1977	13
1977	12
1977	12
1977	12
1977	12
1977	11
1977	10
1977	10
1977	10
1977	10
1977	9
1977	9
1977	8
1977	8
1977	8
1977	7
1977	7
1977	7
1977	7
1977	6
1977	5
1977	5
1977	5
1977	5
1977	4
1977	4
1977	4
1977	4
1977	3
1977	3
1977	3
1977	2
1977	2
1978	712
1978	700
1978	632
1978	626
1978	591
1978	559
1978	510
1978	465
1978	455
1978	443
1978	439
1978	438
1978	365
1978	358
1978	340
1978	337
1978	321
1978	316
1978	313
1978	313
1978	312
1978	310
1978	305
1978	299
1978	291
1978	286
1978	270
1978	264
1978	257
1978	229
1978	205
1978	193
1978	184
1978	183
1978	182
1978	173
1978	169
1978	166
1978	165
1978	159
1978	158
1978	155
1978	153
1978	147
1978	139
1978	134
1978	130
1978	126
1978	124
1978	120
1978	118
1978	112
1978	108
1978	106
1978	103
1978	102
1978	94
1978	93
1978	82
1978	82
1978	74
1978	73
1978	72
1978	71
1978	67
1978	64
1978	58
1978	57
1978	57
1978	56
1978	52
1978	51
1978	51
1978	49
1978	49
1978	49
1978	46
1978	42
1978	40
1978	37
1978	35
1978	35
1978	34
1978	33
1978	33
1978	31
1978	30
1978	30
1978	27
1978	27
1978	27
1978	27
1978	26
1978	26
1978	25
1978	25
1978	23
1978	23
1978	22
1978	22
1978	21
1978	20
1978	19
1978	19
1978	18
1978	18
1978	18
1978	18
1978	18
1978	17
1978	17
1978	16
1978	16
1978	16
1978	15
1978	15
1978	13
1978	13
1978	13
1978	12
1978	12
1978	12
1978	12
1978	11
1978	10
1978	10
1978	9
1978	9
1978	8
1978	8
1978	8
1978	8
1978	7
1978	7
1978	7
1978	6
1978	6
1978	6
1978	6
1978	5
1978	5
1978	5
1978	4
1978	4
1978	4
1978	3
1978	3
1978	3
1978	2
1978	2
1978	2
1979	748
1979	674
1979	654
1979	579
1979	563
1979	561
1979	504
1979	494
1979	493
1979	478
1979	457
1979	435
1979	374
1979	364
1979	356
1979	342
1979	337
1979	336
1979	327
1979	321
1979	318
1979	315
1979	311
1979	305
1979	286
1979	285
1979	284
1979	284
1979	266
1979	254
1979	251
1979	236
1979	230
1979	190
1979	186
1979	183
1979	181
1979	179
1979	178
1979	169
1979	167
1979	165
1979	154
1979	143
1979	137
1979	137
1979	131
1979	129
1979	128
1979	121
1979	120
1979	120
1979	116
1979	109
1979	108
1979	103
1979	100
1979	99
1979	91
1979	91
1979	90
1979	82
1979	67
1979	66
1979	63
1979	62
1979	61
1979	59
1979	57
1979	56
1979	55
1979	53
1979	50
1979	48
1979	46
1979	44
1979	43
1979	41
1979	40
1979	38
1979	36
1979	35
1979	35
1979	34
1979	32
1979	32
1979	31
1979	31
1979	31
1979	31
1979	31
1979	30
1979	29
1979	29
1979	26
1979	24
1979	24
1979	22
1979	22
1979	21
1979	20
1979	20
1979	20
1979	20
1979	19
1979	18
1979	18
1979	18
1979	17
1979	17
1979	16
1979	16
1979	16
1979	16
1979	16
1979	15
1979	15
1979	15
1979	15
1979	14
1979	14
1979	14
1979	14
1979	13
1979	13
1979	12
1979	11
1979	11
1979	9
1979	9
1979	9
1979	8
1979	8
1979	7
1979	7
1979	7
1979	6
1979	6
1979	6
1979	6
1979	6
1979	6
1979	5
1979	4
1979	4
1979	3
1979	3
1979	2
1979	2
1979	2
1979	1
1980	747
1980	669
1980	606
1980	566
1980	565
1980	540
1980	536
1980	508
1980	495
1980	481
1980	446
1980	428
1980	400
1980	374
1980	372
1980	344
1980	326
1980	313
1980	311
1980	308
1980	303
1980	301
1980	298
1980	295
1980	287
1980	276
1980	274
1980	272
1980	271
1980	262
1980	258
1980	244
1980	212
1980	209
1980	199
1980	188
1980	185
1980	168
1980	161
1980	152
1980	142
1980	141
1980	141
1980	138
1980	137
1980	137
1980	129
1980	127
1980	124
1980	124
1980	123
1980	121
1980	120
1980	113
1980	112
1980	109
1980	108
1980	108
1980	107
1980	96
1980	92
1980	86
1980	83
1980	78
1980	66
1980	63
1980	62
1980	60
1980	59
1980	59
1980	58
1980	54
1980	53
1980	51
1980	49
1980	45
1980	44
1980	43
1980	35
1980	35
1980	35
1980	34
1980	34
1980	33
1980	32
1980	32
1980	32
1980	32
1980	31
1980	31
1980	29
1980	29
1980	29
1980	28
1980	28
1980	27
1980	27
1980	25
1980	25
1980	24
1980	23
1980	22
1980	21
1980	21
1980	20
1980	19
1980	19
1980	18
1980	18
1980	17
1980	17
1980	16
1980	16
1980	16
1980	16
1980	16
1980	14
1980	14
1980	14
1980	14
1980	14
1980	14
1980	13
1980	12
1980	12
1980	11
1980	10
1980	10
1980	10
1980	10
1980	10
1980	8
1980	8
1980	8
1980	8
1980	8
1980	8
1980	8
1980	7
1980	7
1980	6
1980	6
1980	6
1980	5
1980	4
1980	4
1980	3
1980	3
1980	3
1980	3
1980	2
1981	755
1981	660
1981	619
1981	593
1981	553
1981	528
1981	516
1981	508
1981	506
1981	503
1981	449
1981	418
1981	409
1981	401
1981	352
1981	345
1981	344
1981	341
1981	336
1981	335
1981	328
1981	315
1981	310
1981	309
1981	297
1981	297
1981	293
1981	285
1981	280
1981	267
1981	260
1981	252
1981	226
1981	203
1981	191
1981	188
1981	186
1981	175
1981	170
1981	169
1981	161
1981	156
1981	150
1981	150
1981	147
1981	142
1981	142
1981	137
1981	130
1981	129
1981	127
1981	127
1981	126
1981	124
1981	115
1981	109
1981	108
1981	107
1981	107
1981	99
1981	89
1981	88
1981	82
1981	73
1981	65
1981	63
1981	61
1981	61
1981	60
1981	56
1981	54
1981	54
1981	53
1981	52
1981	47
1981	44
1981	39
1981	39
1981	37
1981	37
1981	36
1981	35
1981	35
1981	34
1981	33
1981	32
1981	32
1981	31
1981	30
1981	30
1981	29
1981	29
1981	28
1981	28
1981	27
1981	26
1981	25
1981	24
1981	24
1981	24
1981	23
1981	23
1981	22
1981	21
1981	21
1981	21
1981	20
1981	19
1981	19
1981	18
1981	17
1981	17
1981	15
1981	15
1981	15
1981	15
1981	14
1981	14
1981	14
1981	14
1981	14
1981	13
1981	13
1981	13
1981	13
1981	12
1981	11
1981	11
1981	10
1981	9
1981	9
1981	9
1981	8
1981	8
1981	8
1981	8
1981	7
1981	7
1981	7
1981	6
1981	6
1981	6
1981	5
1981	5
1981	5
1981	5
1981	4
1981	4
1981	3
1981	3
1981	1
1981	1
1982	744
1982	670
1982	620
1982	616
1982	580
1982	532
1982	520
1982	513
1982	506
1982	482
1982	482
1982	429
1982	407
1982	405
1982	402
1982	346
1982	337
1982	334
1982	319
1982	317
1982	316
1982	315
1982	303
1982	301
1982	296
1982	291
1982	290
1982	267
1982	263
1982	261
1982	250
1982	206
1982	206
1982	204
1982	193
1982	183
1982	183
1982	181
1982	170
1982	168
1982	159
1982	159
1982	147
1982	142
1982	140
1982	135
1982	135
1982	134
1982	132
1982	131
1982	129
1982	127
1982	126
1982	124
1982	116
1982	109
1982	106
1982	106
1982	105
1982	103
1982	95
1982	89
1982	81
1982	78
1982	75
1982	71
1982	70
1982	65
1982	64
1982	64
1982	62
1982	61
1982	60
1982	56
1982	52
1982	49
1982	47
1982	45
1982	43
1982	40
1982	39
1982	37
1982	37
1982	37
1982	36
1982	36
1982	35
1982	33
1982	33
1982	33
1982	32
1982	31
1982	31
1982	28
1982	26
1982	23
1982	23
1982	22
1982	22
1982	22
1982	21
1982	21
1982	21
1982	21
1982	20
1982	19
1982	19
1982	19
1982	19
1982	18
1982	18
1982	18
1982	17
1982	17
1982	17
1982	17
1982	16
1982	16
1982	16
1982	15
1982	15
1982	15
1982	15
1982	14
1982	14
1982	13
1982	13
1982	12
1982	10
1982	10
1982	9
1982	8
1982	8
1982	8
1982	8
1982	8
1982	8
1982	7
1982	7
1982	7
1982	6
1982	6
1982	5
1982	5
1982	5
1982	4
1982	4
1982	4
1982	2
1982	1
1982	1
1983	695
1983	658
1983	641
1983	617
1983	600
1983	547
1983	534
1983	520
1983	518
1983	518
1983	467
1983	415
1983	398
1983	396
1983	371
1983	355
1983	354
1983	340
1983	340
1983	317
1983	310
1983	299
1983	289
1983	288
1983	285
1983	277
1983	272
1983	260
1983	257
1983	254
1983	253
1983	231
1983	228
1983	209
1983	206
1983	194
1983	188
1983	180
1983	171
1983	168
1983	156
1983	156
1983	149
1983	147
1983	144
1983	137
1983	136
1983	134
1983	132
1983	131
1983	130
1983	121
1983	116
1983	114
1983	112
1983	106
1983	106
1983	104
1983	90
1983	88
1983	87
1983	86
1983	83
1983	81
1983	69
1983	66
1983	65
1983	65
1983	62
1983	58
1983	55
1983	53
1983	53
1983	53
1983	51
1983	50
1983	50
1983	45
1983	44
1983	43
1983	41
1983	39
1983	39
1983	36
1983	35
1983	34
1983	32
1983	31
1983	31
1983	31
1983	31
1983	29
1983	28
1983	28
1983	28
1983	27
1983	26
1983	26
1983	25
1983	23
1983	22
1983	20
1983	20
1983	20
1983	19
1983	18
1983	18
1983	17
1983	17
1983	17
1983	16
1983	16
1983	16
1983	16
1983	16
1983	16
1983	15
1983	15
1983	15
1983	14
1983	14
1983	14
1983	13
1983	13
1983	13
1983	12
1983	11
1983	11
1983	11
1983	10
1983	10
1983	10
1983	10
1983	9
1983	9
1983	8
1983	8
1983	8
1983	8
1983	8
1983	7
1983	7
1983	6
1983	6
1983	5
1983	5
1983	5
1983	5
1983	4
1983	3
1983	2
1983	1
1984	709
1984	651
1984	650
1984	621
1984	611
1984	572
1984	527
1984	514
1984	512
1984	506
1984	482
1984	402
1984	388
1984	388
1984	383
1984	381
1984	359
1984	358
1984	355
1984	353
1984	336
1984	319
1984	305
1984	301
1984	293
1984	287
1984	287
1984	280
1984	248
1984	248
1984	238
1984	236
1984	219
1984	207
1984	205
1984	189
1984	188
1984	187
1984	183
1984	163
1984	162
1984	159
1984	151
1984	148
1984	145
1984	138
1984	137
1984	137
1984	135
1984	132
1984	126
1984	125
1984	123
1984	117
1984	110
1984	103
1984	102
1984	102
1984	97
1984	92
1984	91
1984	86
1984	83
1984	83
1984	82
1984	82
1984	82
1984	76
1984	72
1984	68
1984	65
1984	58
1984	56
1984	56
1984	55
1984	54
1984	53
1984	51
1984	50
1984	45
1984	39
1984	39
1984	39
1984	38
1984	38
1984	37
1984	37
1984	33
1984	33
1984	33
1984	32
1984	30
1984	29
1984	29
1984	29
1984	28
1984	27
1984	26
1984	23
1984	23
1984	23
1984	22
1984	22
1984	20
1984	20
1984	20
1984	20
1984	20
1984	19
1984	18
1984	18
1984	17
1984	17
1984	16
1984	15
1984	15
1984	15
1984	15
1984	15
1984	14
1984	14
1984	14
1984	13
1984	12
1984	12
1984	12
1984	11
1984	11
1984	11
1984	11
1984	10
1984	10
1984	10
1984	10
1984	9
1984	9
1984	9
1984	8
1984	8
1984	8
1984	7
1984	7
1984	7
1984	6
1984	6
1984	5
1984	5
1984	5
1984	4
1984	4
1984	2
1984	1
1985	709
1985	679
1985	622
1985	615
1985	595
1985	577
1985	558
1985	503
1985	492
1985	466
1985	457
1985	431
1985	403
1985	390
1985	386
1985	384
1985	366
1985	356
1985	353
1985	352
1985	341
1985	305
1985	305
1985	299
1985	290
1985	284
1985	284
1985	278
1985	248
1985	244
1985	236
1985	230
1985	220
1985	211
1985	206
1985	198
1985	194
1985	183
1985	178
1985	159
1985	158
1985	155
1985	150
1985	147
1985	146
1985	143
1985	142
1985	134
1985	134
1985	127
1985	124
1985	122
1985	122
1985	121
1985	119
1985	115
1985	110
1985	106
1985	103
1985	102
1985	94
1985	88
1985	85
1985	78
1985	77
1985	77
1985	76
1985	74
1985	72
1985	72
1985	72
1985	70
1985	67
1985	57
1985	57
1985	57
1985	54
1985	53
1985	51
1985	50
1985	49
1985	48
1985	42
1985	40
1985	40
1985	38
1985	36
1985	35
1985	34
1985	34
1985	34
1985	34
1985	33
1985	31
1985	30
1985	30
1985	27
1985	27
1985	27
1985	25
1985	25
1985	22
1985	22
1985	22
1985	22
1985	21
1985	20
1985	19
1985	19
1985	19
1985	18
1985	17
1985	17
1985	17
1985	17
1985	16
1985	16
1985	16
1985	16
1985	16
1985	16
1985	15
1985	14
1985	14
1985	14
1985	13
1985	13
1985	12
1985	12
1985	11
1985	10
1985	10
1985	9
1985	9
1985	9
1985	8
1985	8
1985	7
1985	7
1985	6
1985	6
1985	6
1985	6
1985	5
1985	5
1985	5
1985	5
1985	4
1985	4
1985	3
1985	3
1985	1
1986	701
1986	687
1986	645
1986	631
1986	597
1986	534
1986	492
1986	491
1986	480
1986	477
1986	462
1986	409
1986	399
1986	388
1986	367
1986	357
1986	346
1986	342
1986	341
1986	339
1986	336
1986	328
1986	327
1986	304
1986	291
1986	286
1986	280
1986	279
1986	269
1986	268
1986	248
1986	229
1986	221
1986	217
1986	217
1986	208
1986	197
1986	185
1986	178
1986	174
1986	165
1986	164
1986	163
1986	156
1986	153
1986	143
1986	139
1986	132
1986	128
1986	126
1986	125
1986	120
1986	117
1986	116
1986	115
1986	114
1986	104
1986	102
1986	102
1986	101
1986	94
1986	89
1986	87
1986	84
1986	83
1986	75
1986	72
1986	71
1986	70
1986	68
1986	65
1986	61
1986	60
1986	57
1986	57
1986	57
1986	53
1986	51
1986	50
1986	44
1986	41
1986	41
1986	40
1986	38
1986	38
1986	36
1986	36
1986	36
1986	35
1986	35
1986	33
1986	31
1986	30
1986	30
1986	28
1986	27
1986	26
1986	24
1986	24
1986	23
1986	23
1986	22
1986	21
1986	20
1986	20
1986	20
1986	20
1986	19
1986	19
1986	19
1986	19
1986	19
1986	19
1986	18
1986	18
1986	17
1986	17
1986	17
1986	17
1986	17
1986	16
1986	16
1986	16
1986	15
1986	15
1986	14
1986	13
1986	13
1986	12
1986	12
1986	12
1986	11
1986	11
1986	11
1986	11
1986	9
1986	9
1986	9
1986	8
1986	8
1986	8
1986	7
1986	7
1986	6
1986	5
1986	5
1986	5
1986	4
1986	4
1986	4
1986	3
1986	3
1986	1
1987	736
1987	690
1987	651
1987	649
1987	587
1987	568
1987	487
1987	483
1987	466
1987	462
1987	400
1987	392
1987	388
1987	386
1987	384
1987	377
1987	346
1987	340
1987	332
1987	331
1987	329
1987	325
1987	322
1987	312
1987	293
1987	279
1987	275
1987	264
1987	236
1987	226
1987	222
1987	213
1987	202
1987	194
1987	188
1987	185
1987	180
1987	179
1987	174
1987	173
1987	159
1987	159
1987	158
1987	145
1987	145
1987	144
1987	140
1987	131
1987	128
1987	123
1987	121
1987	121
1987	117
1987	115
1987	114
1987	114
1987	104
1987	104
1987	100
1987	98
1987	91
1987	88
1987	87
1987	82
1987	79
1987	78
1987	78
1987	78
1987	75
1987	70
1987	69
1987	66
1987	65
1987	65
1987	56
1987	54
1987	52
1987	49
1987	48
1987	42
1987	41
1987	41
1987	40
1987	40
1987	39
1987	38
1987	38
1987	38
1987	37
1987	37
1987	36
1987	35
1987	33
1987	33
1987	32
1987	32
1987	31
1987	31
1987	29
1987	28
1987	27
1987	27
1987	24
1987	23
1987	23
1987	21
1987	20
1987	20
1987	20
1987	20
1987	20
1987	19
1987	18
1987	18
1987	18
1987	17
1987	17
1987	17
1987	16
1987	16
1987	16
1987	15
1987	15
1987	15
1987	15
1987	14
1987	13
1987	13
1987	13
1987	13
1987	13
1987	12
1987	11
1987	11
1987	11
1987	10
1987	10
1987	10
1987	10
1987	7
1987	7
1987	7
1987	7
1987	6
1987	5
1987	5
1987	5
1987	5
1987	4
1987	4
1987	4
1987	1
1988	741
1988	640
1988	628
1988	626
1988	584
1988	580
1988	466
1988	466
1988	440
1988	430
1988	422
1988	404
1988	402
1988	400
1988	395
1988	385
1988	383
1988	353
1988	340
1988	334
1988	332
1988	320
1988	319
1988	305
1988	296
1988	272
1988	271
1988	269
1988	248
1988	232
1988	221
1988	220
1988	212
1988	206
1988	201
1988	196
1988	195
1988	189
1988	179
1988	176
1988	172
1988	172
1988	168
1988	165
1988	164
1988	160
1988	144
1988	141
1988	139
1988	132
1988	126
1988	120
1988	120
1988	119
1988	107
1988	106
1988	105
1988	99
1988	95
1988	94
1988	93
1988	92
1988	87
1988	86
1988	81
1988	80
1988	77
1988	71
1988	69
1988	67
1988	66
1988	65
1988	64
1988	62
1988	62
1988	54
1988	52
1988	51
1988	51
1988	50
1988	48
1988	47
1988	42
1988	40
1988	39
1988	37
1988	36
1988	36
1988	36
1988	36
1988	36
1988	35
1988	33
1988	33
1988	31
1988	30
1988	30
1988	28
1988	28
1988	25
1988	24
1988	24
1988	23
1988	23
1988	21
1988	21
1988	20
1988	20
1988	20
1988	20
1988	19
1988	19
1988	19
1988	19
1988	18
1988	18
1988	18
1988	17
1988	17
1988	17
1988	16
1988	16
1988	16
1988	15
1988	15
1988	15
1988	15
1988	14
1988	14
1988	14
1988	14
1988	12
1988	11
1988	10
1988	10
1988	9
1988	9
1988	8
1988	8
1988	7
1988	6
1988	6
1988	6
1988	5
1988	5
1988	4
1988	4
1988	3
1988	3
1988	3
1988	3
1988	1
1988	1
1989	742
1989	661
1989	628
1989	617
1989	591
1989	590
1989	522
1989	449
1989	440
1989	409
1989	403
1989	402
1989	397
1989	395
1989	394
1989	367
1989	365
1989	359
1989	357
1989	328
1989	326
1989	325
1989	323
1989	315
1989	288
1989	278
1989	272
1989	270
1989	269
1989	229
1989	226
1989	226
1989	224
1989	214
1989	209
1989	191
1989	190
1989	187
1989	186
1989	185
1989	174
1989	171
1989	170
1989	162
1989	161
1989	149
1989	147
1989	145
1989	143
1989	139
1989	129
1989	126
1989	124
1989	115
1989	111
1989	111
1989	109
1989	106
1989	99
1989	99
1989	97
1989	95
1989	94
1989	90
1989	86
1989	84
1989	83
1989	75
1989	75
1989	68
1989	66
1989	65
1989	64
1989	59
1989	59
1989	58
1989	58
1989	55
1989	53
1989	53
1989	47
1989	45
1989	45
1989	43
1989	42
1989	40
1989	40
1989	39
1989	39
1989	38
1989	35
1989	34
1989	34
1989	33
1989	33
1989	32
1989	30
1989	30
1989	29
1989	28
1989	27
1989	26
1989	26
1989	25
1989	25
1989	22
1989	21
1989	21
1989	21
1989	20
1989	19
1989	19
1989	19
1989	19
1989	19
1989	18
1989	18
1989	18
1989	17
1989	17
1989	16
1989	16
1989	16
1989	16
1989	15
1989	15
1989	15
1989	14
1989	14
1989	13
1989	12
1989	10
1989	10
1989	10
1989	10
1989	10
1989	8
1989	8
1989	8
1989	6
1989	6
1989	6
1989	6
1989	5
1989	5
1989	5
1989	4
1989	4
1989	4
1989	3
1989	3
1989	3
1990	667
1990	666
1990	651
1990	649
1990	541
1990	522
1990	433
1990	430
1990	427
1990	412
1990	399
1990	393
1990	393
1990	387
1990	373
1990	365
1990	364
1990	352
1990	348
1990	341
1990	340
1990	326
1990	319
1990	287
1990	284
1990	279
1990	278
1990	268
1990	228
1990	221
1990	220
1990	202
1990	196
1990	195
1990	192
1990	191
1990	185
1990	179
1990	177
1990	174
1990	173
1990	169
1990	168
1990	168
1990	167
1990	164
1990	148
1990	135
1990	133
1990	133
1990	130
1990	127
1990	126
1990	122
1990	115
1990	112
1990	112
1990	110
1990	109
1990	103
1990	100
1990	95
1990	92
1990	92
1990	87
1990	83
1990	77
1990	75
1990	73
1990	71
1990	69
1990	66
1990	63
1990	63
1990	58
1990	57
1990	52
1990	51
1990	50
1990	48
1990	46
1990	45
1990	45
1990	43
1990	42
1990	42
1990	42
1990	41
1990	40
1990	39
1990	39
1990	37
1990	36
1990	35
1990	34
1990	34
1990	33
1990	32
1990	31
1990	29
1990	28
1990	27
1990	27
1990	25
1990	23
1990	23
1990	23
1990	23
1990	21
1990	21
1990	20
1990	20
1990	20
1990	19
1990	18
1990	18
1990	18
1990	18
1990	18
1990	18
1990	18
1990	17
1990	17
1990	16
1990	16
1990	15
1990	15
1990	13
1990	13
1990	12
1990	11
1990	11
1990	11
1990	11
1990	10
1990	9
1990	8
1990	7
1990	7
1990	6
1990	6
1990	6
1990	5
1990	5
1990	5
1990	5
1990	5
1990	5
1990	5
1990	4
1990	4
1990	1
1991	696
1991	681
1991	670
1991	633
1991	537
1991	517
1991	454
1991	431
1991	426
1991	414
1991	405
1991	399
1991	383
1991	368
1991	366
1991	354
1991	349
1991	346
1991	346
1991	343
1991	332
1991	313
1991	306
1991	285
1991	276
1991	273
1991	270
1991	267
1991	245
1991	221
1991	220
1991	205
1991	201
1991	198
1991	195
1991	195
1991	191
1991	185
1991	174
1991	168
1991	164
1991	162
1991	162
1991	161
1991	161
1991	153
1991	146
1991	145
1991	143
1991	138
1991	134
1991	130
1991	129
1991	117
1991	114
1991	112
1991	112
1991	111
1991	108
1991	107
1991	105
1991	102
1991	94
1991	92
1991	91
1991	90
1991	82
1991	81
1991	77
1991	74
1991	71
1991	70
1991	68
1991	62
1991	60
1991	60
1991	59
1991	58
1991	55
1991	54
1991	51
1991	48
1991	46
1991	45
1991	43
1991	43
1991	42
1991	39
1991	38
1991	38
1991	38
1991	37
1991	36
1991	36
1991	34
1991	32
1991	31
1991	30
1991	30
1991	28
1991	27
1991	26
1991	25
1991	23
1991	22
1991	22
1991	22
1991	22
1991	21
1991	21
1991	20
1991	20
1991	20
1991	19
1991	19
1991	18
1991	18
1991	17
1991	17
1991	17
1991	16
1991	15
1991	13
1991	13
1991	12
1991	12
1991	12
1991	12
1991	11
1991	11
1991	11
1991	11
1991	11
1991	11
1991	11
1991	9
1991	9
1991	9
1991	8
1991	8
1991	7
1991	6
1991	5
1991	5
1991	5
1991	5
1991	4
1991	4
1991	4
1991	4
1991	3
1991	1
1992	678
1992	676
1992	654
1992	643
1992	526
1992	521
1992	469
1992	412
1992	405
1992	401
1992	399
1992	391
1992	371
1992	368
1992	363
1992	360
1992	357
1992	352
1992	347
1992	339
1992	306
1992	302
1992	299
1992	281
1992	271
1992	266
1992	262
1992	251
1992	230
1992	222
1992	218
1992	210
1992	209
1992	207
1992	203
1992	201
1992	196
1992	195
1992	190
1992	185
1992	178
1992	174
1992	172
1992	163
1992	161
1992	158
1992	157
1992	151
1992	149
1992	147
1992	141
1992	139
1992	137
1992	125
1992	124
1992	119
1992	113
1992	112
1992	111
1992	110
1992	108
1992	107
1992	107
1992	107
1992	106
1992	92
1992	91
1992	89
1992	84
1992	82
1992	73
1992	71
1992	67
1992	66
1992	62
1992	60
1992	55
1992	54
1992	53
1992	52
1992	51
1992	50
1992	49
1992	49
1992	49
1992	48
1992	46
1992	44
1992	41
1992	40
1992	39
1992	39
1992	38
1992	38
1992	36
1992	36
1992	36
1992	35
1992	34
1992	31
1992	31
1992	30
1992	30
1992	30
1992	30
1992	29
1992	28
1992	28
1992	28
1992	27
1992	27
1992	25
1992	24
1992	24
1992	24
1992	23
1992	23
1992	22
1992	20
1992	20
1992	20
1992	19
1992	19
1992	19
1992	19
1992	18
1992	18
1992	18
1992	17
1992	16
1992	16
1992	15
1992	13
1992	12
1992	12
1992	12
1992	11
1992	11
1992	11
1992	10
1992	9
1992	9
1992	9
1992	9
1992	9
1992	8
1992	7
1992	7
1992	7
1992	7
1992	6
1992	6
1992	5
1992	5
1992	5
1992	5
1992	5
1992	5
1992	4
1992	4
1992	4
1992	2
1992	2
1992	2
1992	1
1992	1
1992	1
1993	685
1993	684
1993	667
1993	634
1993	576
1993	528
1993	448
1993	406
1993	406
1993	402
1993	391
1993	390
1993	367
1993	355
1993	353
1993	346
1993	345
1993	341
1993	334
1993	312
1993	311
1993	311
1993	279
1993	276
1993	267
1993	264
1993	263
1993	259
1993	255
1993	236
1993	236
1993	225
1993	225
1993	220
1993	217
1993	214
1993	211
1993	202
1993	183
1993	181
1993	178
1993	173
1993	173
1993	170
1993	170
1993	165
1993	163
1993	155
1993	150
1993	148
1993	144
1993	135
1993	135
1993	134
1993	129
1993	125
1993	121
1993	117
1993	115
1993	113
1993	110
1993	110
1993	106
1993	104
1993	103
1993	103
1993	95
1993	84
1993	84
1993	83
1993	79
1993	78
1993	69
1993	63
1993	61
1993	60
1993	60
1993	59
1993	59
1993	54
1993	53
1993	52
1993	52
1993	49
1993	47
1993	45
1993	45
1993	43
1993	43
1993	41
1993	40
1993	39
1993	38
1993	38
1993	38
1993	36
1993	35
1993	35
1993	35
1993	33
1993	33
1993	33
1993	31
1993	30
1993	30
1993	29
1993	28
1993	28
1993	28
1993	27
1993	25
1993	24
1993	24
1993	24
1993	23
1993	23
1993	23
1993	22
1993	21
1993	20
1993	20
1993	20
1993	20
1993	20
1993	19
1993	19
1993	17
1993	16
1993	16
1993	16
1993	13
1993	13
1993	13
1993	13
1993	13
1993	12
1993	12
1993	12
1993	11
1993	11
1993	10
1993	10
1993	10
1993	9
1993	9
1993	9
1993	9
1993	8
1993	7
1993	7
1993	7
1993	7
1993	7
1993	6
1993	6
1993	5
1993	5
1993	4
1993	4
1993	4
1993	4
1993	4
1993	3
1993	3
1993	2
1993	2
1993	1
1993	1
1994	694
1994	692
1994	674
1994	633
1994	566
1994	516
1994	445
1994	407
1994	405
1994	394
1994	392
1994	383
1994	368
1994	368
1994	360
1994	353
1994	352
1994	340
1994	327
1994	317
1994	313
1994	310
1994	282
1994	279
1994	257
1994	257
1994	255
1994	253
1994	252
1994	239
1994	220
1994	219
1994	215
1994	208
1994	208
1994	208
1994	201
1994	196
1994	189
1994	185
1994	184
1994	177
1994	177
1994	173
1994	163
1994	161
1994	159
1994	157
1994	157
1994	153
1994	150
1994	150
1994	141
1994	138
1994	134
1994	130
1994	129
1994	125
1994	120
1994	118
1994	113
1994	109
1994	98
1994	98
1994	92
1994	86
1994	78
1994	78
1994	76
1994	73
1994	67
1994	67
1994	65
1994	65
1994	64
1994	64
1994	61
1994	60
1994	56
1994	56
1994	51
1994	49
1994	48
1994	45
1994	45
1994	41
1994	41
1994	40
1994	39
1994	39
1994	39
1994	38
1994	37
1994	37
1994	37
1994	36
1994	36
1994	35
1994	32
1994	32
1994	32
1994	30
1994	28
1994	27
1994	27
1994	25
1994	24
1994	24
1994	24
1994	24
1994	24
1994	23
1994	22
1994	21
1994	21
1994	21
1994	20
1994	20
1994	20
1994	19
1994	18
1994	18
1994	18
1994	17
1994	16
1994	16
1994	15
1994	15
1994	15
1994	15
1994	14
1994	13
1994	13
1994	13
1994	12
1994	12
1994	12
1994	12
1994	11
1994	11
1994	11
1994	10
1994	10
1994	9
1994	9
1994	9
1994	9
1994	8
1994	7
1994	7
1994	7
1994	7
1994	6
1994	6
1994	6
1994	6
1994	6
1994	6
1994	5
1994	5
1994	5
1994	5
1994	4
1994	4
1994	3
1994	3
1994	3
1994	2
1994	2
1994	2
1994	2
1994	1
1995	697
1995	691
1995	679
1995	642
1995	570
1995	524
1995	446
1995	401
1995	396
1995	395
1995	384
1995	383
1995	380
1995	375
1995	370
1995	364
1995	359
1995	357
1995	350
1995	348
1995	320
1995	306
1995	294
1995	284
1995	270
1995	259
1995	256
1995	245
1995	227
1995	225
1995	222
1995	218
1995	211
1995	204
1995	203
1995	202
1995	201
1995	200
1995	188
1995	184
1995	182
1995	181
1995	181
1995	179
1995	169
1995	167
1995	163
1995	153
1995	151
1995	146
1995	145
1995	140
1995	139
1995	134
1995	134
1995	133
1995	132
1995	129
1995	120
1995	116
1995	114
1995	109
1995	102
1995	101
1995	94
1995	91
1995	88
1995	82
1995	75
1995	68
1995	64
1995	64
1995	62
1995	62
1995	59
1995	58
1995	58
1995	57
1995	53
1995	53
1995	49
1995	46
1995	45
1995	45
1995	43
1995	42
1995	41
1995	38
1995	38
1995	37
1995	36
1995	36
1995	35
1995	34
1995	33
1995	33
1995	33
1995	33
1995	32
1995	32
1995	32
1995	32
1995	29
1995	28
1995	26
1995	26
1995	24
1995	23
1995	23
1995	23
1995	23
1995	21
1995	20
1995	20
1995	20
1995	19
1995	19
1995	19
1995	19
1995	18
1995	18
1995	18
1995	18
1995	17
1995	16
1995	15
1995	15
1995	14
1995	14
1995	14
1995	14
1995	13
1995	13
1995	12
1995	12
1995	12
1995	12
1995	11
1995	11
1995	11
1995	11
1995	10
1995	10
1995	10
1995	9
1995	9
1995	9
1995	9
1995	8
1995	8
1995	7
1995	7
1995	6
1995	6
1995	6
1995	5
1995	5
1995	5
1995	5
1995	5
1995	5
1995	5
1995	4
1995	4
1995	3
1995	3
1995	2
1995	2
1995	1
1995	1
1995	1
1995	1
1996	681
1996	680
1996	641
1996	624
1996	572
1996	537
1996	442
1996	419
1996	409
1996	400
1996	390
1996	379
1996	374
1996	365
1996	358
1996	353
1996	341
1996	336
1996	327
1996	323
1996	321
1996	304
1996	296
1996	296
1996	269
1996	269
1996	256
1996	239
1996	237
1996	227
1996	226
1996	220
1996	215
1996	212
1996	203
1996	186
1996	186
1996	185
1996	181
1996	178
1996	177
1996	176
1996	175
1996	173
1996	170
1996	167
1996	165
1996	163
1996	156
1996	154
1996	151
1996	142
1996	142
1996	142
1996	136
1996	132
1996	127
1996	121
1996	120
1996	117
1996	115
1996	113
1996	112
1996	99
1996	96
1996	95
1996	93
1996	91
1996	83
1996	79
1996	79
1996	76
1996	70
1996	64
1996	63
1996	62
1996	60
1996	58
1996	57
1996	55
1996	51
1996	48
1996	48
1996	47
1996	44
1996	42
1996	42
1996	41
1996	41
1996	39
1996	39
1996	38
1996	38
1996	38
1996	38
1996	37
1996	35
1996	35
1996	35
1996	34
1996	33
1996	33
1996	32
1996	31
1996	30
1996	29
1996	29
1996	28
1996	27
1996	27
1996	27
1996	27
1996	26
1996	26
1996	25
1996	24
1996	23
1996	23
1996	22
1996	21
1996	20
1996	20
1996	20
1996	20
1996	19
1996	19
1996	19
1996	18
1996	18
1996	16
1996	15
1996	15
1996	15
1996	15
1996	15
1996	15
1996	15
1996	15
1996	14
1996	14
1996	14
1996	13
1996	13
1996	12
1996	12
1996	11
1996	11
1996	10
1996	10
1996	10
1996	9
1996	9
1996	9
1996	9
1996	8
1996	8
1996	8
1996	8
1996	8
1996	7
1996	7
1996	7
1996	7
1996	6
1996	6
1996	6
1996	6
1996	6
1996	5
1996	3
1996	2
1996	2
1996	1
1997	673
1997	672
1997	623
1997	623
1997	569
1997	534
1997	439
1997	419
1997	402
1997	393
1997	392
1997	370
1997	359
1997	359
1997	355
1997	347
1997	345
1997	324
1997	323
1997	320
1997	315
1997	302
1997	294
1997	293
1997	290
1997	272
1997	263
1997	254
1997	233
1997	232
1997	227
1997	222
1997	217
1997	213
1997	204
1997	204
1997	202
1997	197
1997	197
1997	191
1997	189
1997	181
1997	175
1997	166
1997	165
1997	164
1997	159
1997	154
1997	153
1997	148
1997	146
1997	146
1997	143
1997	138
1997	130
1997	128
1997	123
1997	123
1997	120
1997	120
1997	118
1997	101
1997	98
1997	93
1997	92
1997	91
1997	89
1997	88
1997	82
1997	79
1997	74
1997	69
1997	64
1997	64
1997	64
1997	64
1997	62
1997	59
1997	56
1997	54
1997	49
1997	47
1997	46
1997	45
1997	45
1997	45
1997	44
1997	44
1997	43
1997	41
1997	39
1997	39
1997	39
1997	38
1997	38
1997	38
1997	36
1997	36
1997	36
1997	34
1997	34
1997	33
1997	33
1997	32
1997	31
1997	30
1997	30
1997	29
1997	28
1997	28
1997	27
1997	27
1997	25
1997	25
1997	24
1997	23
1997	23
1997	22
1997	21
1997	21
1997	21
1997	20
1997	19
1997	19
1997	18
1997	18
1997	18
1997	18
1997	17
1997	16
1997	16
1997	16
1997	15
1997	15
1997	15
1997	15
1997	15
1997	14
1997	14
1997	14
1997	14
1997	13
1997	13
1997	13
1997	13
1997	12
1997	12
1997	12
1997	11
1997	10
1997	9
1997	9
1997	9
1997	9
1997	9
1997	9
1997	9
1997	8
1997	8
1997	8
1997	7
1997	7
1997	6
1997	6
1997	6
1997	5
1997	5
1997	5
1997	4
1997	3
1997	3
1997	2
1997	2
1997	1
1998	671
1998	665
1998	655
1998	642
1998	601
1998	540
1998	440
1998	415
1998	396
1998	381
1998	380
1998	378
1998	360
1998	350
1998	349
1998	347
1998	335
1998	329
1998	324
1998	312
1998	307
1998	300
1998	299
1998	279
1998	264
1998	249
1998	231
1998	231
1998	230
1998	230
1998	227
1998	225
1998	219
1998	218
1998	210
1998	210
1998	199
1998	194
1998	192
1998	187
1998	183
1998	179
1998	177
1998	174
1998	166
1998	163
1998	162
1998	161
1998	159
1998	156
1998	156
1998	147
1998	144
1998	136
1998	132
1998	131
1998	129
1998	124
1998	118
1998	117
1998	108
1998	103
1998	95
1998	93
1998	93
1998	90
1998	89
1998	89
1998	88
1998	87
1998	84
1998	73
1998	72
1998	68
1998	68
1998	64
1998	59
1998	58
1998	57
1998	54
1998	53
1998	52
1998	50
1998	50
1998	49
1998	49
1998	47
1998	44
1998	43
1998	41
1998	40
1998	40
1998	39
1998	38
1998	38
1998	37
1998	35
1998	35
1998	35
1998	35
1998	35
1998	35
1998	33
1998	31
1998	31
1998	30
1998	30
1998	30
1998	28
1998	28
1998	27
1998	26
1998	25
1998	23
1998	21
1998	21
1998	21
1998	20
1998	19
1998	19
1998	18
1998	18
1998	18
1998	17
1998	17
1998	17
1998	17
1998	17
1998	16
1998	16
1998	16
1998	16
1998	16
1998	15
1998	15
1998	15
1998	15
1998	15
1998	15
1998	14
1998	14
1998	14
1998	14
1998	13
1998	12
1998	12
1998	12
1998	11
1998	11
1998	10
1998	10
1998	10
1998	10
1998	9
1998	9
1998	9
1998	8
1998	8
1998	7
1998	7
1998	7
1998	7
1998	7
1998	6
1998	5
1998	5
1998	4
1998	4
1998	4
1998	4
1998	3
1998	3
1998	2
1998	1
1999	683
1999	667
1999	664
1999	657
1999	601
1999	549
1999	434
1999	413
1999	403
1999	400
1999	398
1999	396
1999	373
1999	362
1999	357
1999	357
1999	335
1999	323
1999	319
1999	301
1999	301
1999	300
1999	299
1999	287
1999	266
1999	249
1999	246
1999	245
1999	234
1999	229
1999	225
1999	223
1999	217
1999	212
1999	211
1999	201
1999	196
1999	193
1999	191
1999	186
1999	186
1999	180
1999	177
1999	171
1999	170
1999	168
1999	164
1999	163
1999	162
1999	162
1999	157
1999	157
1999	155
1999	153
1999	143
1999	138
1999	130
1999	127
1999	121
1999	118
1999	109
1999	107
1999	97
1999	94
1999	94
1999	93
1999	92
1999	89
1999	89
1999	87
1999	87
1999	85
1999	69
1999	67
1999	66
1999	65
1999	62
1999	62
1999	61
1999	56
1999	55
1999	51
1999	50
1999	49
1999	48
1999	47
1999	47
1999	46
1999	45
1999	45
1999	43
1999	43
1999	43
1999	42
1999	41
1999	41
1999	37
1999	37
1999	36
1999	34
1999	33
1999	33
1999	32
1999	31
1999	31
1999	31
1999	30
1999	29
1999	28
1999	27
1999	25
1999	24
1999	24
1999	23
1999	23
1999	23
1999	22
1999	22
1999	22
1999	21
1999	21
1999	21
1999	20
1999	20
1999	20
1999	19
1999	18
1999	18
1999	18
1999	18
1999	17
1999	17
1999	17
1999	16
1999	16
1999	16
1999	16
1999	16
1999	15
1999	15
1999	15
1999	14
1999	14
1999	14
1999	13
1999	13
1999	13
1999	13
1999	12
1999	11
1999	11
1999	11
1999	11
1999	11
1999	10
1999	9
1999	9
1999	9
1999	8
1999	8
1999	8
1999	7
1999	7
1999	6
1999	6
1999	6
1999	4
1999	4
1999	3
1999	3
1999	2
1999	1
1999	1
2000	704
2000	682
2000	667
2000	664
2000	598
2000	521
2000	471
2000	428
2000	408
2000	404
2000	403
2000	381
2000	374
2000	361
2000	348
2000	346
2000	334
2000	323
2000	313
2000	312
2000	311
2000	295
2000	290
2000	290
2000	279
2000	252
2000	247
2000	245
2000	235
2000	234
2000	233
2000	231
2000	226
2000	224
2000	218
2000	202
2000	199
2000	194
2000	189
2000	185
2000	173
2000	171
2000	169
2000	169
2000	168
2000	168
2000	163
2000	163
2000	162
2000	157
2000	154
2000	150
2000	147
2000	142
2000	141
2000	139
2000	124
2000	120
2000	120
2000	107
2000	107
2000	99
2000	98
2000	94
2000	94
2000	93
2000	91
2000	90
2000	90
2000	88
2000	86
2000	80
2000	74
2000	70
2000	65
2000	64
2000	63
2000	62
2000	59
2000	59
2000	57
2000	52
2000	50
2000	49
2000	49
2000	48
2000	48
2000	47
2000	47
2000	45
2000	45
2000	41
2000	41
2000	40
2000	39
2000	39
2000	38
2000	37
2000	37
2000	37
2000	36
2000	36
2000	36
2000	35
2000	34
2000	32
2000	30
2000	30
2000	28
2000	28
2000	26
2000	24
2000	24
2000	24
2000	23
2000	23
2000	22
2000	22
2000	21
2000	21
2000	20
2000	20
2000	20
2000	20
2000	20
2000	20
2000	20
2000	19
2000	19
2000	18
2000	18
2000	18
2000	18
2000	18
2000	18
2000	17
2000	17
2000	17
2000	17
2000	16
2000	15
2000	15
2000	15
2000	14
2000	14
2000	13
2000	13
2000	13
2000	13
2000	13
2000	12
2000	12
2000	12
2000	12
2000	12
2000	10
2000	10
2000	9
2000	9
2000	8
2000	8
2000	7
2000	7
2000	7
2000	6
2000	6
2000	5
2000	4
2000	4
2000	4
2000	3
2000	2
2000	1
2001	717
2001	666
2001	664
2001	649
2001	597
2001	514
2001	452
2001	429
2001	415
2001	409
2001	387
2001	385
2001	361
2001	345
2001	343
2001	333
2001	329
2001	321
2001	307
2001	301
2001	300
2001	286
2001	278
2001	275
2001	265
2001	262
2001	251
2001	249
2001	246
2001	243
2001	243
2001	236
2001	231
2001	220
2001	214
2001	207
2001	199
2001	196
2001	195
2001	191
2001	186
2001	181
2001	180
2001	171
2001	167
2001	160
2001	160
2001	152
2001	151
2001	148
2001	146
2001	146
2001	143
2001	140
2001	139
2001	135
2001	122
2001	109
2001	105
2001	105
2001	101
2001	95
2001	95
2001	94
2001	92
2001	92
2001	90
2001	85
2001	85
2001	84
2001	83
2001	76
2001	75
2001	72
2001	71
2001	70
2001	70
2001	68
2001	67
2001	65
2001	64
2001	62
2001	62
2001	61
2001	60
2001	54
2001	52
2001	51
2001	48
2001	48
2001	46
2001	44
2001	43
2001	43
2001	40
2001	40
2001	39
2001	38
2001	36
2001	36
2001	34
2001	33
2001	33
2001	32
2001	30
2001	30
2001	29
2001	29
2001	29
2001	27
2001	26
2001	25
2001	25
2001	25
2001	24
2001	23
2001	22
2001	22
2001	21
2001	21
2001	21
2001	21
2001	21
2001	20
2001	20
2001	19
2001	19
2001	19
2001	19
2001	19
2001	18
2001	18
2001	18
2001	18
2001	17
2001	17
2001	17
2001	17
2001	17
2001	15
2001	15
2001	15
2001	15
2001	15
2001	14
2001	14
2001	14
2001	14
2001	14
2001	13
2001	13
2001	12
2001	12
2001	12
2001	12
2001	12
2001	11
2001	10
2001	10
2001	10
2001	9
2001	9
2001	8
2001	7
2001	6
2001	6
2001	5
2001	4
2001	4
2001	4
2001	3
2001	3
2001	2
2001	1
2002	716
2002	663
2002	657
2002	648
2002	586
2002	514
2002	455
2002	447
2002	423
2002	415
2002	386
2002	379
2002	369
2002	343
2002	339
2002	336
2002	319
2002	317
2002	316
2002	305
2002	305
2002	303
2002	293
2002	293
2002	280
2002	265
2002	265
2002	256
2002	253
2002	247
2002	240
2002	234
2002	215
2002	213
2002	208
2002	208
2002	202
2002	195
2002	193
2002	189
2002	180
2002	178
2002	176
2002	175
2002	171
2002	167
2002	164
2002	161
2002	156
2002	153
2002	147
2002	144
2002	144
2002	141
2002	136
2002	128
2002	119
2002	113
2002	113
2002	106
2002	103
2002	98
2002	95
2002	92
2002	91
2002	89
2002	85
2002	84
2002	83
2002	83
2002	83
2002	81
2002	80
2002	77
2002	74
2002	72
2002	68
2002	66
2002	66
2002	65
2002	64
2002	64
2002	63
2002	59
2002	59
2002	57
2002	56
2002	54
2002	50
2002	48
2002	47
2002	44
2002	43
2002	42
2002	41
2002	40
2002	40
2002	39
2002	38
2002	38
2002	38
2002	37
2002	37
2002	36
2002	33
2002	33
2002	31
2002	31
2002	30
2002	30
2002	30
2002	30
2002	29
2002	28
2002	26
2002	25
2002	24
2002	23
2002	23
2002	22
2002	22
2002	21
2002	21
2002	21
2002	21
2002	21
2002	21
2002	21
2002	21
2002	20
2002	20
2002	20
2002	19
2002	19
2002	19
2002	18
2002	18
2002	17
2002	17
2002	17
2002	16
2002	16
2002	15
2002	15
2002	15
2002	15
2002	14
2002	14
2002	14
2002	14
2002	14
2002	14
2002	13
2002	13
2002	13
2002	13
2002	12
2002	11
2002	11
2002	11
2002	11
2002	9
2002	9
2002	9
2002	7
2002	7
2002	5
2002	5
2002	5
2002	5
2002	4
2002	3
2002	2
2002	1
2003	726
2003	665
2003	639
2003	637
2003	599
2003	511
2003	461
2003	442
2003	422
2003	418
2003	377
2003	367
2003	352
2003	341
2003	335
2003	315
2003	313
2003	311
2003	309
2003	307
2003	299
2003	285
2003	283
2003	281
2003	276
2003	264
2003	256
2003	245
2003	243
2003	242
2003	235
2003	221
2003	221
2003	216
2003	213
2003	199
2003	197
2003	196
2003	192
2003	192
2003	185
2003	183
2003	178
2003	173
2003	172
2003	165
2003	161
2003	161
2003	155
2003	148
2003	148
2003	145
2003	143
2003	143
2003	140
2003	128
2003	125
2003	114
2003	114
2003	112
2003	110
2003	107
2003	101
2003	99
2003	92
2003	92
2003	91
2003	88
2003	86
2003	86
2003	83
2003	79
2003	78
2003	78
2003	76
2003	75
2003	74
2003	72
2003	69
2003	68
2003	67
2003	67
2003	66
2003	66
2003	66
2003	62
2003	58
2003	58
2003	55
2003	50
2003	48
2003	47
2003	44
2003	42
2003	41
2003	41
2003	40
2003	40
2003	39
2003	39
2003	37
2003	37
2003	37
2003	33
2003	33
2003	32
2003	31
2003	31
2003	31
2003	31
2003	30
2003	30
2003	28
2003	27
2003	26
2003	26
2003	25
2003	24
2003	24
2003	24
2003	24
2003	23
2003	22
2003	22
2003	22
2003	22
2003	22
2003	21
2003	21
2003	21
2003	21
2003	20
2003	20
2003	20
2003	19
2003	19
2003	18
2003	18
2003	17
2003	17
2003	17
2003	16
2003	16
2003	16
2003	15
2003	15
2003	15
2003	13
2003	13
2003	13
2003	13
2003	13
2003	13
2003	13
2003	13
2003	13
2003	13
2003	13
2003	12
2003	11
2003	10
2003	9
2003	9
2003	8
2003	8
2003	8
2003	7
2003	6
2003	5
2003	4
2003	3
2003	2
2003	2
2004	719
2004	668
2004	618
2004	616
2004	597
2004	509
2004	479
2004	455
2004	422
2004	380
2004	368
2004	360
2004	360
2004	344
2004	340
2004	316
2004	313
2004	313
2004	300
2004	296
2004	293
2004	290
2004	285
2004	275
2004	273
2004	268
2004	260
2004	251
2004	247
2004	246
2004	234
2004	232
2004	223
2004	221
2004	215
2004	214
2004	196
2004	194
2004	194
2004	189
2004	189
2004	187
2004	178
2004	177
2004	177
2004	168
2004	164
2004	158
2004	155
2004	148
2004	144
2004	144
2004	141
2004	136
2004	136
2004	129
2004	125
2004	122
2004	122
2004	120
2004	109
2004	108
2004	107
2004	105
2004	101
2004	93
2004	88
2004	87
2004	87
2004	87
2004	85
2004	84
2004	84
2004	82
2004	70
2004	70
2004	70
2004	69
2004	68
2004	66
2004	65
2004	65
2004	65
2004	64
2004	62
2004	61
2004	61
2004	60
2004	56
2004	54
2004	45
2004	45
2004	45
2004	41
2004	41
2004	41
2004	40
2004	40
2004	39
2004	38
2004	36
2004	36
2004	34
2004	34
2004	34
2004	34
2004	34
2004	34
2004	32
2004	32
2004	31
2004	30
2004	30
2004	29
2004	29
2004	27
2004	27
2004	27
2004	25
2004	24
2004	24
2004	24
2004	24
2004	23
2004	22
2004	22
2004	21
2004	21
2004	21
2004	20
2004	20
2004	20
2004	19
2004	18
2004	18
2004	18
2004	17
2004	16
2004	16
2004	16
2004	15
2004	15
2004	15
2004	15
2004	14
2004	14
2004	14
2004	13
2004	13
2004	13
2004	13
2004	12
2004	12
2004	12
2004	12
2004	12
2004	12
2004	12
2004	11
2004	11
2004	11
2004	10
2004	10
2004	9
2004	9
2004	8
2004	8
2004	7
2004	7
2004	7
2004	6
2004	4
2004	3
2004	1
2005	698
2005	669
2005	646
2005	600
2005	591
2005	508
2005	497
2005	491
2005	425
2005	397
2005	368
2005	361
2005	343
2005	339
2005	339
2005	334
2005	319
2005	314
2005	311
2005	311
2005	304
2005	296
2005	291
2005	279
2005	273
2005	270
2005	259
2005	254
2005	249
2005	247
2005	245
2005	242
2005	234
2005	220
2005	217
2005	213
2005	204
2005	201
2005	199
2005	193
2005	192
2005	189
2005	188
2005	187
2005	184
2005	175
2005	164
2005	161
2005	155
2005	154
2005	150
2005	147
2005	146
2005	141
2005	136
2005	133
2005	132
2005	129
2005	127
2005	118
2005	115
2005	110
2005	106
2005	105
2005	99
2005	95
2005	93
2005	93
2005	92
2005	92
2005	90
2005	89
2005	88
2005	85
2005	83
2005	81
2005	77
2005	72
2005	70
2005	66
2005	65
2005	60
2005	59
2005	58
2005	58
2005	57
2005	56
2005	54
2005	53
2005	51
2005	49
2005	48
2005	47
2005	43
2005	41
2005	41
2005	41
2005	39
2005	39
2005	38
2005	37
2005	36
2005	36
2005	35
2005	35
2005	34
2005	34
2005	34
2005	32
2005	31
2005	30
2005	30
2005	29
2005	27
2005	26
2005	26
2005	25
2005	25
2005	24
2005	23
2005	23
2005	23
2005	23
2005	23
2005	22
2005	22
2005	22
2005	21
2005	21
2005	21
2005	21
2005	21
2005	20
2005	20
2005	19
2005	19
2005	19
2005	18
2005	18
2005	17
2005	17
2005	17
2005	16
2005	16
2005	16
2005	16
2005	15
2005	14
2005	14
2005	14
2005	13
2005	13
2005	13
2005	12
2005	11
2005	11
2005	10
2005	10
2005	10
2005	9
2005	9
2005	9
2005	8
2005	8
2005	8
2005	8
2005	7
2005	7
2005	6
2005	6
2005	4
2005	4
2005	2
2005	1
2005	1
2006	701
2006	674
2006	651
2006	600
2006	586
2006	513
2006	498
2006	495
2006	426
2006	399
2006	383
2006	375
2006	352
2006	338
2006	329
2006	329
2006	325
2006	317
2006	314
2006	313
2006	306
2006	287
2006	287
2006	286
2006	283
2006	274
2006	271
2006	259
2006	251
2006	249
2006	246
2006	233
2006	232
2006	209
2006	205
2006	205
2006	203
2006	202
2006	200
2006	196
2006	195
2006	192
2006	189
2006	184
2006	175
2006	171
2006	169
2006	168
2006	168
2006	155
2006	152
2006	151
2006	147
2006	145
2006	143
2006	143
2006	142
2006	129
2006	125
2006	123
2006	119
2006	109
2006	103
2006	102
2006	102
2006	100
2006	97
2006	90
2006	90
2006	87
2006	86
2006	86
2006	83
2006	82
2006	77
2006	75
2006	74
2006	73
2006	67
2006	67
2006	63
2006	63
2006	62
2006	61
2006	61
2006	61
2006	58
2006	57
2006	55
2006	52
2006	52
2006	51
2006	44
2006	44
2006	41
2006	41
2006	40
2006	40
2006	39
2006	38
2006	37
2006	37
2006	36
2006	36
2006	36
2006	36
2006	35
2006	34
2006	34
2006	31
2006	29
2006	29
2006	27
2006	27
2006	26
2006	26
2006	26
2006	26
2006	26
2006	26
2006	24
2006	23
2006	23
2006	22
2006	22
2006	22
2006	22
2006	22
2006	21
2006	21
2006	21
2006	21
2006	20
2006	20
2006	19
2006	19
2006	19
2006	19
2006	18
2006	18
2006	18
2006	17
2006	16
2006	16
2006	16
2006	15
2006	14
2006	14
2006	14
2006	13
2006	13
2006	13
2006	13
2006	13
2006	13
2006	13
2006	12
2006	11
2006	10
2006	10
2006	10
2006	10
2006	10
2006	8
2006	8
2006	8
2006	8
2006	8
2006	8
2006	7
2006	7
2006	7
2006	6
2006	3
2006	2
2007	718
2007	661
2007	655
2007	588
2007	584
2007	529
2007	517
2007	488
2007	429
2007	402
2007	398
2007	370
2007	337
2007	334
2007	330
2007	327
2007	324
2007	315
2007	314
2007	312
2007	309
2007	301
2007	287
2007	282
2007	281
2007	273
2007	271
2007	262
2007	260
2007	260
2007	258
2007	233
2007	222
2007	220
2007	207
2007	205
2007	203
2007	203
2007	202
2007	201
2007	192
2007	185
2007	185
2007	184
2007	179
2007	172
2007	171
2007	170
2007	158
2007	148
2007	145
2007	141
2007	140
2007	139
2007	137
2007	137
2007	133
2007	131
2007	124
2007	116
2007	109
2007	106
2007	103
2007	103
2007	101
2007	95
2007	94
2007	93
2007	92
2007	85
2007	85
2007	83
2007	83
2007	81
2007	81
2007	80
2007	78
2007	76
2007	75
2007	63
2007	62
2007	61
2007	59
2007	59
2007	58
2007	57
2007	57
2007	55
2007	55
2007	52
2007	52
2007	44
2007	42
2007	42
2007	41
2007	40
2007	38
2007	37
2007	37
2007	37
2007	36
2007	36
2007	35
2007	35
2007	34
2007	33
2007	33
2007	32
2007	31
2007	30
2007	29
2007	28
2007	28
2007	28
2007	26
2007	25
2007	25
2007	25
2007	25
2007	24
2007	23
2007	23
2007	23
2007	22
2007	22
2007	22
2007	22
2007	21
2007	20
2007	20
2007	20
2007	20
2007	20
2007	20
2007	20
2007	20
2007	19
2007	19
2007	19
2007	19
2007	19
2007	18
2007	18
2007	18
2007	17
2007	16
2007	16
2007	15
2007	15
2007	14
2007	14
2007	14
2007	13
2007	13
2007	12
2007	12
2007	12
2007	12
2007	11
2007	11
2007	10
2007	9
2007	9
2007	9
2007	8
2007	8
2007	8
2007	8
2007	7
2007	7
2007	7
2007	6
2007	5
2007	4
2007	3
2008	686
2008	673
2008	658
2008	595
2008	581
2008	539
2008	520
2008	510
2008	429
2008	413
2008	411
2008	379
2008	371
2008	352
2008	336
2008	327
2008	323
2008	321
2008	320
2008	312
2008	312
2008	302
2008	298
2008	283
2008	279
2008	265
2008	261
2008	261
2008	257
2008	251
2008	235
2008	231
2008	224
2008	222
2008	210
2008	210
2008	205
2008	203
2008	200
2008	193
2008	193
2008	189
2008	186
2008	178
2008	177
2008	177
2008	174
2008	169
2008	169
2008	161
2008	156
2008	155
2008	150
2008	144
2008	137
2008	135
2008	132
2008	129
2008	127
2008	115
2008	107
2008	102
2008	102
2008	101
2008	101
2008	99
2008	98
2008	98
2008	92
2008	89
2008	89
2008	86
2008	86
2008	86
2008	81
2008	78
2008	75
2008	72
2008	71
2008	70
2008	69
2008	63
2008	62
2008	60
2008	59
2008	56
2008	54
2008	54
2008	52
2008	49
2008	47
2008	44
2008	44
2008	44
2008	41
2008	40
2008	40
2008	40
2008	40
2008	39
2008	39
2008	36
2008	36
2008	35
2008	34
2008	34
2008	34
2008	33
2008	33
2008	32
2008	29
2008	29
2008	29
2008	28
2008	27
2008	27
2008	26
2008	25
2008	25
2008	25
2008	24
2008	24
2008	23
2008	22
2008	22
2008	22
2008	22
2008	22
2008	21
2008	21
2008	21
2008	20
2008	20
2008	20
2008	20
2008	20
2008	19
2008	19
2008	19
2008	19
2008	18
2008	18
2008	17
2008	16
2008	16
2008	14
2008	14
2008	14
2008	14
2008	14
2008	12
2008	12
2008	12
2008	12
2008	11
2008	11
2008	11
2008	11
2008	10
2008	10
2008	10
2008	9
2008	8
2008	8
2008	8
2008	8
2008	7
2008	7
2008	6
2008	6
2008	5
2008	4
2008	4
2008	3
2008	2
2009	712
2009	680
2009	658
2009	580
2009	578
2009	546
2009	523
2009	507
2009	434
2009	433
2009	426
2009	407
2009	395
2009	379
2009	336
2009	334
2009	327
2009	316
2009	314
2009	313
2009	304
2009	294
2009	282
2009	280
2009	279
2009	277
2009	276
2009	265
2009	262
2009	256
2009	256
2009	249
2009	230
2009	222
2009	221
2009	218
2009	218
2009	207
2009	203
2009	200
2009	199
2009	194
2009	188
2009	179
2009	176
2009	175
2009	174
2009	166
2009	159
2009	146
2009	146
2009	145
2009	145
2009	143
2009	142
2009	141
2009	136
2009	133
2009	132
2009	125
2009	124
2009	110
2009	109
2009	105
2009	105
2009	104
2009	103
2009	98
2009	96
2009	95
2009	87
2009	86
2009	86
2009	85
2009	83
2009	82
2009	79
2009	78
2009	70
2009	70
2009	70
2009	68
2009	63
2009	61
2009	61
2009	60
2009	55
2009	53
2009	49
2009	48
2009	47
2009	47
2009	46
2009	41
2009	40
2009	40
2009	39
2009	39
2009	39
2009	39
2009	38
2009	38
2009	36
2009	35
2009	35
2009	34
2009	34
2009	34
2009	33
2009	33
2009	32
2009	32
2009	32
2009	29
2009	29
2009	29
2009	28
2009	27
2009	26
2009	25
2009	24
2009	24
2009	24
2009	23
2009	23
2009	22
2009	22
2009	21
2009	21
2009	21
2009	20
2009	20
2009	20
2009	20
2009	20
2009	19
2009	19
2009	19
2009	19
2009	18
2009	18
2009	18
2009	17
2009	17
2009	15
2009	14
2009	14
2009	14
2009	14
2009	13
2009	13
2009	12
2009	12
2009	12
2009	12
2009	11
2009	11
2009	11
2009	11
2009	11
2009	10
2009	10
2009	9
2009	9
2009	8
2009	8
2009	8
2009	8
2009	7
2009	5
2009	5
2009	5
2009	4
2009	3
2009	2
2009	1
