1975	267907.739
1975	128073.716
1975	84155.071
1975	77262.206
1975	45955.333
1975	33327.13
1975	21827.239
1975	20589.174
1975	19842.626
1975	13480.956
1975	12390.292
1975	11552.726
1975	10144.656
1975	9006.675
1975	8206.211
1975	7694.926
1975	7673.461
1975	6917.938
1975	6894.51
1975	6884.247
1975	6716.771
1975	5363.317
1975	4564.257
1975	4548.801
1975	3481.738
1975	3452.306
1975	3259.471
1975	2737.507
1975	2232.932
1975	2197.041
1975	2186.842
1975	2151.966
1975	2055.156
1975	1719.622
1975	1513.601
1975	1475.631
1975	1451.504
1975	1249.347
1975	1206.656
1975	1063.701
1975	1051.752
1975	870.899
1975	765.13
1975	745.034
1975	658.354
1975	624.411
1975	601.068
1975	586.645
1975	581.077
1975	566.207
1975	535.878
1975	522.391
1975	521.249
1975	444.26
1975	425.187
1975	415.171
1975	414.522
1975	401.889
1975	348.388
1975	336.785
1975	322.898
1975	289.42
1975	281.866
1975	266.711
1975	253.299
1975	250.166
1975	236.482
1975	231.273
1975	229.702
1975	166.534
1975	166.068
1975	165.048
1975	160.823
1975	156.027
1975	155.943
1975	154.655
1975	146.029
1975	136.164
1975	132.581
1975	131.018
1975	130.074
1975	124.597
1975	122.689
1975	115.224
1975	114.699
1975	112.196
1975	112.168
1975	104.599
1975	97.392
1975	97.255
1975	96.375
1975	92.642
1975	83.849
1975	82.938
1975	78.391
1975	76.488
1975	66.144
1975	64.834
1975	60.114
1975	57.814
1975	56.671
1975	56.064
1975	55.538
1975	55.044
1975	54.996
1975	54.766
1975	50.406
1975	50.347
1975	49.515
1975	42.217
1975	38.671
1975	36.806
1975	36.091
1975	32.193
1975	32.014
1975	30.618
1975	25.699
1975	25.608
1975	25.075
1975	22.881
1975	22.165
1975	21.908
1975	21.905
1975	20.401
1975	18.965
1975	17.019
1975	16.046
1975	15.849
1975	15.158
1975	13.559
1975	10.447
1975	10.233
1975	7.391
1975	7.069
1975	6.882
1975	6.864
1975	5.749
1975	5.499
1975	5.031
1975	4.006
1975	3.757
1975	3.636
1975	3.399
1975	3.093
1975	2.863
1975	2.719
1975	2.702
1975	2.437
1975	2.425
1975	2.313
1975	2.285
1975	1.846
1975	1.714
1975	1.68
1975	1.431
1975	1.329
1975	1.307
1975	1.266
1975	0.979
1975	0.954
1975	0.952
1975	0.945
1975	0.897
1975	0.704
1975	0.691
1975	0.69
1975	0.662
1975	0.662
1975	0.654
1975	0.445
1975	0.367
1975	0.181
1975	0.168
1975	0.153
1975	0.106
1975	0.101
1975	0.089
1975	0.078
1975	0.053
1976	266736.523
1976	130392.198
1976	91693.438
1976	83431.342
1976	46338.606
1976	33589.686
1976	22976.059
1976	22470.073
1976	19498.339
1976	13412.099
1976	13371.815
1976	12302.639
1976	10739.554
1976	9098.841
1976	8819.552
1976	8722.914
1976	7889.686
1976	7292.493
1976	7000.817
1976	6745.78
1976	6686.784
1976	5445.244
1976	4765.878
1976	4471.877
1976	3639.681
1976	3635.345
1976	3304.277
1976	2740.977
1976	2362.053
1976	2312.607
1976	2240.956
1976	2216.615
1976	2055.11
1976	1728.311
1976	1700.498
1976	1582.389
1976	1572.273
1976	1225.897
1976	1158.319
1976	1141.531
1976	1085.109
1976	876.312
1976	755.49
1976	746.238
1976	665.334
1976	640.012
1976	622.485
1976	599.605
1976	588.395
1976	580.301
1976	549.57
1976	539.001
1976	531.861
1976	527.547
1976	451.785
1976	438.069
1976	435.84
1976	425.412
1976	384.61
1976	343.509
1976	338.792
1976	305.077
1976	287.665
1976	282.266
1976	259.05
1976	257.93
1976	241.186
1976	237.426
1976	233.48
1976	171.836
1976	167.067
1976	166.864
1976	164.213
1976	159.428
1976	157.96
1976	157.719
1976	150.466
1976	135.657
1976	134.517
1976	132.789
1976	129.039
1976	128.859
1976	127.981
1976	126.287
1976	125.698
1976	118.08
1976	117.049
1976	114.359
1976	102.464
1976	100.882
1976	95.227
1976	95.089
1976	86.768
1976	83.737
1976	80.846
1976	78.471
1976	66.325
1976	60.763
1976	59.751
1976	59.642
1976	58.9
1976	56.944
1976	56.733
1976	55.616
1976	55.202
1976	54.995
1976	51.477
1976	51.473
1976	51.414
1976	47.357
1976	43.089
1976	39.659
1976	36.85
1976	33.851
1976	32.738
1976	30.802
1976	25.999
1976	25.87
1976	25.058
1976	23.799
1976	23.317
1976	22.764
1976	22.759
1976	20.781
1976	19.499
1976	17.544
1976	17.417
1976	16.09
1976	15.463
1976	13.957
1976	11.938
1976	11.403
1976	7.484
1976	7.275
1976	7.112
1976	7.047
1976	5.885
1976	5.77
1976	5.608
1976	4.145
1976	3.79
1976	3.632
1976	3.437
1976	3.215
1976	2.855
1976	2.741
1976	2.719
1976	2.437
1976	2.435
1976	2.307
1976	2.245
1976	1.855
1976	1.73
1976	1.714
1976	1.447
1976	1.381
1976	1.347
1976	1.266
1976	1.233
1976	1.015
1976	0.988
1976	0.967
1976	0.951
1976	0.763
1976	0.718
1976	0.717
1976	0.674
1976	0.671
1976	0.654
1976	0.5
1976	0.367
1976	0.181
1976	0.175
1976	0.153
1976	0.106
1976	0.101
1976	0.089
1976	0.078
1976	0.055
1977	265043.542
1977	132899.446
1977	108148.769
1977	83915.679
1977	46359.591
1977	33804.251
1977	24899.132
1977	24050.183
1977	19378.705
1977	14389.899
1977	13362.522
1977	12889.471
1977	11242.433
1977	10523.539
1977	9604.149
1977	8938.518
1977	7989.711
1977	7949.984
1977	7087.368
1977	6885.864
1977	6580.067
1977	5514.008
1977	4918.049
1977	4335.307
1977	3956.273
1977	3810.78
1977	3342.819
1977	2749.176
1977	2645.811
1977	2302.044
1977	2286.407
1977	2202.574
1977	2025.536
1977	1886.286
1977	1731.209
1977	1716.96
1977	1697.528
1977	1442.12
1977	1244.515
1977	1237.066
1977	1125.703
1977	879.761
1977	766.099
1977	733.197
1977	671.977
1977	655.613
1977	655.486
1977	644.427
1977	643.627
1977	617.46
1977	616.017
1977	595.542
1977	541.85
1977	537.316
1977	487.334
1977	447.796
1977	447.375
1977	436.081
1977	424.15
1977	339.619
1977	338.813
1977	327.055
1977	295.92
1977	286.106
1977	265.308
1977	264.524
1977	246.258
1977	243.794
1977	237.257
1977	178.897
1977	171.911
1977	169.509
1977	167.139
1977	161.53
1977	161.34
1977	159.284
1977	152.906
1977	144.554
1977	140.885
1977	140.309
1977	138.441
1977	137.036
1977	134.373
1977	131.182
1977	128.66
1977	127.944
1977	121.947
1977	121.392
1977	107.516
1977	106.009
1977	98.485
1977	93.282
1977	88.334
1977	85.305
1977	83.954
1977	80.453
1977	66.491
1977	62.826
1977	61.9
1977	61.467
1977	61.443
1977	61.065
1977	58.39
1977	55.422
1977	55.224
1977	55.136
1977	53.343
1977	52.792
1977	52.569
1977	51.601
1977	50.852
1977	40.558
1977	37.639
1977	35.613
1977	33.191
1977	30.72
1977	26.258
1977	26.222
1977	25.686
1977	25.049
1977	24.351
1977	23.593
1977	23.042
1977	21.16
1977	20.034
1977	18.549
1977	17.98
1977	16.332
1977	15.797
1977	14.355
1977	13.313
1977	13.16
1977	7.944
1977	7.381
1977	7.277
1977	6.987
1977	6.145
1977	5.884
1977	5.873
1977	4.253
1977	3.823
1977	3.626
1977	3.476
1977	3.429
1977	3.338
1977	2.728
1977	2.662
1977	2.492
1977	2.437
1977	2.307
1977	2.187
1977	1.855
1977	1.78
1977	1.714
1977	1.51
1977	1.488
1977	1.433
1977	1.378
1977	1.265
1977	1.076
1977	1.017
1977	0.997
1977	0.978
1977	0.847
1977	0.766
1977	0.764
1977	0.755
1977	0.686
1977	0.668
1977	0.58
1977	0.367
1977	0.181
1977	0.175
1977	0.153
1977	0.118
1977	0.101
1977	0.094
1977	0.081
1977	0.055
1978	262105.206
1978	135081.777
1978	114199.448
1978	84165.559
1978	46956.615
1978	33957.105
1978	27984.345
1978	25145.108
1978	19473.764
1978	15579.039
1978	14374.946
1978	13322.599
1978	12076.295
1978	11036.628
1978	9743.15
1978	9081.17
1978	8559.956
1978	7923.299
1978	7033.547
1978	6773.805
1978	6531.17
1978	5668.272
1978	5177.708
1978	4252.834
1978	3956.08
1978	3926.014
1978	3379.702
1978	2940.115
1978	2757.374
1978	2411.261
1978	2281.674
1978	2188.628
1978	2110.207
1978	2017.483
1978	1846.308
1978	1834.598
1978	1734.71
1978	1493.782
1978	1278.551
1978	1262.675
1978	1163.777
1978	882.096
1978	776.404
1978	763.653
1978	762.814
1978	757.021
1978	718.573
1978	678.283
1978	671.45
1978	665.028
1978	618.461
1978	604.812
1978	547.61
1978	544.86
1978	516.276
1978	509.384
1978	475.097
1978	456.949
1978	447.89
1978	393.493
1978	342.744
1978	337.531
1978	302.025
1978	291.289
1978	274.917
1978	271.149
1978	251.513
1978	250.406
1978	242.388
1978	189.736
1978	175.482
1978	173.001
1978	167.748
1978	165.912
1978	163.723
1978	160.134
1978	157.251
1978	151.413
1978	147.873
1978	146.286
1978	141.94
1978	141.107
1978	140.258
1978	134.383
1978	132.694
1978	131.648
1978	129.648
1978	124.734
1978	112.725
1978	112.713
1978	101.773
1978	91.414
1978	89.991
1978	88.05
1978	86.72
1978	82.528
1978	67.354
1978	67.067
1978	66.778
1978	63.292
1978	63.023
1978	62.184
1978	59.805
1978	57.247
1978	56.33
1978	56.281
1978	55.672
1978	55.392
1978	55.345
1978	54.273
1978	53.665
1978	41.512
1978	38.398
1978	37.405
1978	33.614
1978	30.595
1978	27.677
1978	26.6
1978	26.559
1978	25.385
1978	25.032
1978	24.422
1978	22.858
1978	21.57
1978	20.599
1978	19.555
1978	18.574
1978	16.573
1978	16.101
1978	14.722
1978	13.935
1978	13.16
1978	8.373
1978	7.6
1978	7.476
1978	6.619
1978	6.387
1978	5.868
1978	5.852
1978	4.36
1978	3.857
1978	3.627
1978	3.514
1978	3.46
1978	3.407
1978	2.749
1978	2.601
1978	2.582
1978	2.437
1978	2.277
1978	2.128
1978	1.855
1978	1.83
1978	1.731
1978	1.541
1978	1.519
1978	1.485
1978	1.418
1978	1.265
1978	1.137
1978	1.023
1978	1.006
1978	0.988
1978	0.937
1978	0.823
1978	0.81
1978	0.771
1978	0.686
1978	0.682
1978	0.643
1978	0.367
1978	0.181
1978	0.175
1978	0.153
1978	0.118
1978	0.101
1978	0.094
1978	0.089
1978	0.056
1979	257805.238
1979	136530.015
1979	125272.608
1979	84588.128
1979	47400.944
1979	33868.882
1979	31692.234
1979	26252.237
1979	20178.513
1979	17283.837
1979	15836.334
1979	13292.3
1979	12954.816
1979	11957.654
1979	9880.708
1979	9237.758
1979	9230.496
1979	7883.532
1979	7043.669
1979	6698.049
1979	6445.472
1979	5763.431
1979	5509.452
1979	4169.864
1979	4104.601
1979	3910.831
1979	3447.704
1979	3202.715
1979	2783.678
1979	2521.812
1979	2335.108
1979	2321.285
1979	2155.007
1979	1983.122
1979	1979.14
1979	1964.256
1979	1738.002
1979	1576.688
1979	1350.525
1979	1281.711
1979	1205.429
1979	953.396
1979	883.526
1979	870.781
1979	869.676
1979	786.035
1979	706.788
1979	692.961
1979	684.345
1979	682.264
1979	640.103
1979	611.756
1979	572.413
1979	556.65
1979	547.871
1979	542.188
1979	511.512
1979	492.167
1979	459.018
1979	436.114
1979	344.629
1979	334.218
1979	308.192
1979	288.269
1979	280.377
1979	278.423
1979	257.202
1979	256.829
1979	246.135
1979	205.856
1979	182.266
1979	175.051
1979	171.149
1979	166.249
1979	163.924
1979	161.536
1979	159.942
1979	159.475
1979	158.68
1979	151.81
1979	147.05
1979	143.001
1979	141.168
1979	137.952
1979	137.47
1979	137.389
1979	135.043
1979	128.146
1979	120.993
1979	117.776
1979	105.031
1979	91.648
1979	90.067
1979	89.298
1979	87.697
1979	84.778
1979	72.238
1979	70.719
1979	69.007
1979	67.275
1979	65.148
1979	64.569
1979	63.047
1979	62.145
1979	61.251
1979	58.02
1979	57.397
1979	55.984
1979	55.53
1979	54.791
1979	53.256
1979	42.564
1979	39.198
1979	39.187
1979	34.024
1979	30.779
1979	29.79
1979	26.933
1979	26.816
1979	26.636
1979	25.251
1979	25.055
1979	23.11
1979	22.011
1979	21.164
1979	20.59
1979	19.169
1979	16.814
1979	16.436
1979	15.653
1979	14.936
1979	13.129
1979	8.819
1979	7.84
1979	7.728
1979	6.659
1979	6.344
1979	6.178
1979	5.851
1979	4.437
1979	3.89
1979	3.637
1979	3.613
1979	3.553
1979	3.46
1979	2.767
1979	2.671
1979	2.631
1979	2.437
1979	2.286
1979	2.07
1979	1.88
1979	1.86
1979	1.753
1979	1.739
1979	1.62
1979	1.537
1979	1.435
1979	1.264
1979	1.199
1979	1.047
1979	1.035
1979	1.006
1979	1.002
1979	0.86
1979	0.828
1979	0.81
1979	0.714
1979	0.697
1979	0.686
1979	0.367
1979	0.181
1979	0.175
1979	0.153
1979	0.118
1979	0.101
1979	0.098
1979	0.094
1979	0.058
1980	252368.847
1980	154485.655
1980	138706.915
1980	84004.964
1980	47659.857
1980	35407.542
1980	33825.69
1980	28290.776
1980	20320.867
1980	18599.458
1980	17372.993
1980	13546.562
1980	13252.499
1980	12931.774
1980	10397.872
1980	9933.474
1980	9542.889
1980	7792.455
1980	6993.342
1980	6643.08
1980	6347.376
1980	5655.628
1980	5534.935
1980	4372.709
1980	4269.604
1980	3955.734
1980	3650.13
1980	3460.784
1980	2801.901
1980	2559.523
1980	2537.186
1980	2354.077
1980	2115.098
1980	2080.904
1980	2061.967
1980	1924.188
1980	1741.503
1980	1575.339
1980	1388.072
1980	1379.004
1980	1244.15
1980	1121.353
1980	1015.645
1980	1010.92
1980	975.161
1980	875.43
1980	793.643
1980	766.763
1980	742.037
1980	719.021
1980	692.297
1980	618.903
1980	595.228
1980	571.174
1980	565.859
1980	550.742
1980	528.323
1980	525.905
1980	470.146
1980	450.152
1980	347.662
1980	346.389
1980	310.966
1980	300.092
1980	296.902
1980	289.536
1980	279.97
1980	264.213
1980	249.912
1980	244.58
1980	196.496
1980	195.243
1980	189.142
1980	177.101
1980	173.092
1980	169.726
1980	164.178
1980	163.73
1980	158.35
1980	157.673
1980	152.16
1980	142.744
1980	142.462
1980	142.1
1980	142.072
1980	140.888
1980	139.773
1980	138.24
1980	130.819
1980	122.925
1980	108.166
1980	96.865
1980	94.516
1980	93.245
1980	91.723
1980	87.006
1980	81.029
1980	77.903
1980	77.344
1980	71.291
1980	68.127
1980	67.77
1980	67.536
1980	64.624
1980	64.162
1980	63.984
1980	59.734
1980	58.184
1980	56.296
1980	56.099
1980	55.606
1980	52.049
1980	43.732
1980	41.456
1980	39.946
1980	39.149
1980	31.465
1980	27.401
1980	27.282
1980	27.054
1980	26.079
1980	25.11
1980	24.106
1980	23.355
1980	21.729
1980	21.596
1980	19.466
1980	18.152
1980	16.78
1980	16.74
1980	16.689
1980	12.578
1980	9.125
1980	8.334
1980	8.11
1980	7.896
1980	6.917
1980	6.334
1980	5.85
1980	4.545
1980	4.195
1980	3.89
1980	3.736
1980	3.606
1980	3.536
1980	2.787
1980	2.784
1980	2.699
1980	2.308
1980	2.1
1980	2.011
1980	1.93
1980	1.699
1980	1.588
1980	1.549
1980	1.463
1980	1.273
1980	1.233
1980	1.217
1980	1.19
1980	1.178
1980	1.114
1980	1.046
1980	1.02
1980	0.986
1980	0.928
1980	0.825
1980	0.815
1980	0.735
1980	0.697
1980	0.691
1980	0.462
1980	0.181
1980	0.144
1980	0.118
1980	0.114
1980	0.101
1980	0.094
1980	0.059
1981	251835.313
1981	155431.349
1981	141717.496
1981	84322.932
1981	48071.219
1981	37302.79
1981	33809.494
1981	29224.687
1981	20443.715
1981	19995.371
1981	18009.486
1981	14169.188
1981	13462.584
1981	13222.384
1981	10949.352
1981	9990.03
1981	9776.867
1981	7939.703
1981	7858.685
1981	7516.108
1981	6407.416
1981	6252.815
1981	5750.404
1981	4440.061
1981	4314.578
1981	4078.278
1981	4036.241
1981	3742.001
1981	3012.802
1981	2764.738
1981	2740.078
1981	2366.719
1981	2264.723
1981	2215.252
1981	2041.199
1981	1862.073
1981	1742.053
1981	1552.833
1981	1427.945
1981	1406.348
1981	1287.51
1981	1256.787
1981	1132.263
1981	1057.647
1981	995.904
1981	898.649
1981	880.905
1981	810.972
1981	788.562
1981	733.943
1981	681.653
1981	628.009
1981	627.16
1981	601.713
1981	595.605
1981	568.19
1981	560.197
1981	550.843
1981	478.39
1981	478.323
1981	349.469
1981	348.173
1981	312.528
1981	306.775
1981	300.591
1981	289.891
1981	283.185
1981	282.218
1981	271.07
1981	253.195
1981	203.131
1981	202.931
1981	197.953
1981	179.058
1981	174.827
1981	167.617
1981	164.298
1981	163.011
1981	156.63
1981	155.954
1981	155.237
1981	150.516
1981	147.943
1981	146.509
1981	145.927
1981	142.099
1981	141.004
1981	140.609
1981	139.417
1981	127.731
1981	111.516
1981	100.199
1981	97.815
1981	96.002
1981	95.761
1981	95.243
1981	88.713
1981	80.418
1981	80.256
1981	72.562
1981	70.938
1981	70.118
1981	68.072
1981	67.732
1981	65.797
1981	65.512
1981	61.754
1981	59.249
1981	57.649
1981	56.141
1981	52.443
1981	51.245
1981	44.987
1981	43.746
1981	41.124
1981	41.079
1981	32.271
1981	28.302
1981	27.864
1981	27.364
1981	26.399
1981	25.664
1981	24.74
1981	23.638
1981	22.544
1981	22.188
1981	19.894
1981	18.995
1981	17.704
1981	17.075
1981	17.013
1981	12.609
1981	9.309
1981	8.365
1981	8.31
1981	8.096
1981	7.15
1981	6.286
1981	5.849
1981	4.714
1981	4.256
1981	3.906
1981	3.858
1981	3.647
1981	3.595
1981	3.466
1981	2.881
1981	2.822
1981	2.81
1981	2.308
1981	2.192
1981	1.98
1981	1.953
1981	1.778
1981	1.64
1981	1.498
1981	1.488
1981	1.334
1981	1.261
1981	1.247
1981	1.232
1981	1.206
1981	1.119
1981	1.046
1981	1.037
1981	1.037
1981	1.036
1981	0.832
1981	0.822
1981	0.735
1981	0.691
1981	0.682
1981	0.493
1981	0.181
1981	0.138
1981	0.118
1981	0.114
1981	0.092
1981	0.061
1982	250930.197
1982	165976.257
1982	145746.096
1982	84527.677
1982	48479.666
1982	38297.316
1982	34135.456
1982	30071.323
1982	21341.088
1982	20536.171
1982	18683.444
1982	14724.199
1982	14353.752
1982	13192.177
1982	11617.313
1982	10056.992
1982	10019.694
1982	7806.191
1982	7800.781
1982	7479.078
1982	6461.983
1982	6193.478
1982	5878.908
1982	4689.874
1982	4471.784
1982	4384.22
1982	4155.271
1982	3864.246
1982	3074.742
1982	2971.576
1982	2761.278
1982	2362.487
1982	2330.489
1982	2307.61
1982	1997.938
1982	1851.157
1982	1743.638
1982	1602.353
1982	1466.595
1982	1443.61
1982	1346.855
1982	1335.38
1982	1253.33
1982	1100.96
1982	1020.235
1982	971.023
1982	919.925
1982	907.595
1982	897.002
1982	749.367
1982	698.198
1982	669.764
1982	665.853
1982	636.881
1982	625.287
1982	565.778
1982	563.697
1982	552.934
1982	500.215
1982	487.315
1982	353.554
1982	351
1982	343.242
1982	314.923
1982	314.059
1982	300.029
1982	295.094
1982	286.187
1982	276.964
1982	256.571
1982	211.659
1982	209.125
1982	203.305
1982	180.746
1982	176.655
1982	167.716
1982	165.595
1982	164.191
1982	160.788
1982	157.146
1982	154.588
1982	153.26
1982	151.042
1982	150.701
1982	150.138
1982	147.047
1982	147.03
1982	143.502
1982	142.889
1982	132.818
1982	113.353
1982	105.54
1982	99.622
1982	97.295
1982	96.244
1982	94.448
1982	90.397
1982	87.374
1982	77.233
1982	74.086
1982	72.304
1982	72.017
1982	70.307
1982	68.406
1982	67.401
1982	66.706
1982	64.08
1982	60.284
1982	59.271
1982	56.769
1982	52.632
1982	50.482
1982	46.304
1982	45.99
1982	42.005
1982	41.901
1982	33.117
1982	29.084
1982	28.495
1982	27.744
1982	26.749
1982	26.262
1982	25.487
1982	23.546
1982	23.457
1982	22.792
1982	20.519
1982	19.087
1982	18.728
1982	17.41
1982	17.078
1982	13.597
1982	9.479
1982	8.506
1982	8.503
1982	8.31
1982	7.428
1982	6.427
1982	6.056
1982	4.883
1982	4.287
1982	3.981
1982	3.906
1982	3.738
1982	3.585
1982	3.403
1982	2.986
1982	2.975
1982	2.841
1982	2.308
1982	2.253
1982	2.03
1982	1.894
1982	1.778
1982	1.692
1982	1.523
1982	1.498
1982	1.461
1982	1.365
1982	1.247
1982	1.232
1982	1.206
1982	1.125
1982	1.069
1982	1.068
1982	1.046
1982	1.036
1982	0.822
1982	0.801
1982	0.735
1982	0.691
1982	0.668
1982	0.493
1982	0.181
1982	0.138
1982	0.118
1982	0.114
1982	0.092
1982	0.061
1983	250927.924
1983	172237.999
1983	149293.927
1983	85039.813
1983	48569.172
1983	39601.862
1983	34434.526
1983	30883.287
1983	22879.611
1983	20756.488
1983	19356.698
1983	15293.257
1983	14959.887
1983	13161.97
1983	12246.08
1983	10270.523
1983	10013.369
1983	7789.705
1983	7748.698
1983	6947.828
1983	6287.313
1983	6117.598
1983	6056.93
1983	5429.4
1983	4503.477
1983	4115.787
1983	3968.158
1983	3847.916
1983	3467.585
1983	3190.087
1983	2769.927
1983	2493.494
1983	2403.516
1983	2344.792
1983	1955.451
1983	1838.585
1983	1745.498
1983	1608.142
1983	1524.064
1983	1469.784
1983	1411.126
1983	1387.037
1983	1374.275
1983	1144.426
1983	1124.324
1983	1042.336
1983	940.681
1983	939.834
1983	927.599
1983	759.147
1983	713.751
1983	705.776
1983	686.334
1983	636.839
1983	625.927
1983	579.066
1983	558.09
1983	554.926
1983	517.306
1983	498.861
1983	423.757
1983	354.905
1983	350.847
1983	345.576
1983	320.147
1983	315.591
1983	299.138
1983	288.667
1983	284.005
1983	259.977
1983	221.257
1983	219.925
1983	207.847
1983	182.341
1983	178.452
1983	169.783
1983	167.597
1983	165.653
1983	165.419
1983	164.223
1983	163.908
1983	156.462
1983	155.146
1983	154.565
1983	153.625
1983	150.862
1983	146.532
1983	146.295
1983	146.175
1983	135.413
1983	116.184
1983	110.759
1983	106.321
1983	101.98
1983	97.073
1983	96.241
1983	94.128
1983	92.235
1983	76.453
1983	75.372
1983	75.265
1983	73.793
1983	70.876
1983	68.816
1983	68.71
1983	67.9
1983	66.681
1983	61.349
1983	60.599
1983	57.365
1983	53.311
1983	48.589
1983	48.489
1983	47.744
1983	43.113
1983	42.497
1983	34.011
1983	29.268
1983	29.243
1983	28.012
1983	27.099
1983	26.838
1983	26.264
1983	24.401
1983	23.798
1983	23.271
1983	21.113
1983	19.766
1983	19.118
1983	17.745
1983	17.101
1983	14.564
1983	9.571
1983	8.77
1983	8.659
1983	8.54
1983	7.661
1983	6.396
1983	6.291
1983	5.02
1983	4.348
1983	4.103
1983	3.906
1983	3.83
1983	3.574
1983	3.348
1983	3.159
1983	3.066
1983	2.841
1983	2.33
1983	2.314
1983	2.08
1983	1.836
1983	1.808
1983	1.744
1983	1.627
1983	1.554
1983	1.478
1983	1.365
1983	1.277
1983	1.247
1983	1.175
1983	1.163
1983	1.131
1983	1.069
1983	1.055
1983	1.045
1983	0.822
1983	0.801
1983	0.704
1983	0.691
1983	0.654
1983	0.493
1983	0.181
1983	0.138
1983	0.118
1983	0.092
1983	0.084
1983	0.061
1984	250153.854
1984	178023.88
1984	153502.31
1984	83546.815
1984	48446.24
1984	40381.818
1984	34621.294
1984	31608.383
1984	24420.841
1984	20482.122
1984	20027.533
1984	16075.081
1984	15785.688
1984	15662.278
1984	13131.855
1984	10402.836
1984	10013.369
1984	7852.081
1984	7683.908
1984	6377.296
1984	6317.013
1984	6157.252
1984	6102.455
1984	5890.443
1984	4559.355
1984	4290.954
1984	4062.859
1984	3885.356
1984	3768.596
1984	3250.364
1984	2753.419
1984	2625.036
1984	2528.904
1984	2329.254
1984	1900.619
1984	1811.797
1984	1747.487
1984	1591.774
1984	1564.763
1984	1515.032
1984	1495.343
1984	1475.134
1984	1429.335
1984	1257.371
1984	1188.198
1984	1127.887
1984	1023.444
1984	961.007
1984	951.799
1984	758.686
1984	756.526
1984	737.598
1984	701.816
1984	637.581
1984	627.689
1984	565.267
1984	556.402
1984	544.808
1984	521.664
1984	512.605
1984	511.142
1984	360.837
1984	352.904
1984	352.778
1984	323.615
1984	317.152
1984	300.414
1984	290.726
1984	290.137
1984	263.322
1984	230.73
1984	229.461
1984	212.267
1984	205.554
1984	183.845
1984	180.545
1984	170.549
1984	169.814
1984	169.416
1984	167.397
1984	166.63
1984	162.262
1984	159.907
1984	158.776
1984	156.664
1984	149.547
1984	148.734
1984	143.446
1984	142
1984	138.211
1984	117.193
1984	117.182
1984	116.442
1984	104.613
1984	100.113
1984	97.596
1984	97.558
1984	94.287
1984	79.017
1984	77.085
1984	76.719
1984	75.967
1984	71.208
1984	70.572
1984	69.343
1984	69.093
1984	68.981
1984	62.445
1984	61.931
1984	57.962
1984	53.715
1984	49.367
1984	48.595
1984	48.518
1984	44.345
1984	43.184
1984	34.906
1984	30.155
1984	29.917
1984	28.28
1984	27.444
1984	27.418
1984	27.125
1984	25.315
1984	23.675
1984	23.672
1984	21.707
1984	20.889
1984	19.16
1984	18.049
1984	17.094
1984	15.583
1984	9.663
1984	8.99
1984	8.812
1984	8.785
1984	7.951
1984	6.916
1984	6.557
1984	5.189
1984	4.465
1984	4.226
1984	3.922
1984	3.906
1984	3.553
1984	3.36
1984	3.342
1984	3.202
1984	2.871
1984	2.406
1984	2.299
1984	2.13
1984	1.921
1984	1.827
1984	1.808
1984	1.777
1984	1.554
1984	1.478
1984	1.365
1984	1.289
1984	1.277
1984	1.252
1984	1.175
1984	1.137
1984	1.1
1984	1.077
1984	1.045
1984	0.853
1984	0.801
1984	0.704
1984	0.691
1984	0.639
1984	0.493
1984	0.181
1984	0.138
1984	0.118
1984	0.092
1984	0.084
1984	0.061
1985	249078.263
1985	193247.731
1985	153691.455
1985	83512.002
1985	46905.768
1985	40668.576
1985	34886.727
1985	32320.84
1985	27722.236
1985	20728.079
1985	20486.249
1985	16802.968
1985	16311.815
1985	13800.372
1985	13101.77
1985	10502.204
1985	10013.154
1985	7891.487
1985	7618.586
1985	6683.74
1985	6522.244
1985	6259.741
1985	5926.544
1985	5740.015
1985	4657.552
1985	4613.352
1985	4610.798
1985	3925.497
1985	3710.786
1985	3627.445
1985	2762.169
1985	2736.819
1985	2597.128
1985	2586.449
1985	2336.672
1985	1848.349
1985	1799.578
1985	1750.211
1985	1639.32
1985	1603.413
1985	1585.212
1985	1532.072
1985	1507.169
1985	1445.357
1985	1240.106
1985	1197.108
1985	1149.151
1985	980.997
1985	966.785
1985	799.78
1985	771.679
1985	770.758
1985	715.961
1985	651.691
1985	631.825
1985	631.514
1985	561.629
1985	551.731
1985	533.334
1985	527.71
1985	526.022
1985	363.663
1985	362.964
1985	357.709
1985	326.684
1985	318.806
1985	304.421
1985	297.63
1985	290.413
1985	266.758
1985	241.514
1985	237.24
1985	216.027
1985	213.304
1985	193.494
1985	188.695
1985	185.502
1985	175.335
1985	172.476
1985	167.447
1985	164.965
1985	164.741
1985	162.341
1985	161.85
1985	160.211
1985	153.05
1985	151.651
1985	141.904
1985	141.546
1985	138.317
1985	124.609
1985	122.309
1985	119.012
1985	109.206
1985	107.37
1985	98.874
1985	98.075
1985	96.584
1985	83.309
1985	78.377
1985	78.251
1985	77.624
1985	72.986
1985	72.171
1985	71.883
1985	69.779
1985	69.134
1985	63.592
1985	63.571
1985	58.528
1985	54.118
1985	53.006
1985	51.051
1985	48.399
1985	45.606
1985	43.871
1985	35.984
1985	30.937
1985	30.499
1985	28.58
1985	28.081
1985	27.994
1985	27.768
1985	26.228
1985	23.992
1985	23.97
1985	22.352
1985	21.224
1985	19.338
1985	18.384
1985	17.159
1985	14.749
1985	9.802
1985	9.396
1985	9.061
1985	8.996
1985	8.955
1985	8.635
1985	6.468
1985	5.452
1985	4.554
1985	4.348
1985	4.106
1985	3.923
1985	3.533
1985	3.526
1985	3.415
1985	3.364
1985	3.312
1985	2.902
1985	2.481
1985	2.299
1985	2.155
1985	2.051
1985	1.879
1985	1.808
1985	1.719
1985	1.612
1985	1.365
1985	1.309
1985	1.277
1985	1.252
1985	1.175
1985	1.143
1985	1.134
1985	1.077
1985	1.045
1985	0.853
1985	0.801
1985	0.704
1985	0.691
1985	0.625
1985	0.462
1985	0.174
1985	0.144
1985	0.118
1985	0.092
1985	0.084
1985	0.061
1986	250286.028
1986	196600.917
1986	154561.095
1986	82740.537
1986	48095.571
1986	41419.848
1986	35133.117
1986	33392.997
1986	29761.624
1986	21153.376
1986	20408.082
1986	17355.489
1986	16972.509
1986	14420.96
1986	13071.87
1986	10496.241
1986	10013.032
1986	8343.467
1986	7545.191
1986	7202.053
1986	6661.363
1986	6418.918
1986	5726.615
1986	5674.468
1986	5253.255
1986	4795.912
1986	4645.685
1986	4011.872
1986	3948.235
1986	3654.819
1986	3085.433
1986	2902.974
1986	2723.589
1986	2701.623
1986	2296.526
1986	1901.339
1986	1782.754
1986	1745.833
1986	1742.264
1986	1741.81
1986	1680.895
1986	1642.032
1986	1529.597
1986	1458.079
1986	1293.389
1986	1232.364
1986	1093.02
1986	1024.243
1986	1000.378
1986	853.812
1986	807.679
1986	784.082
1986	772.487
1986	715.501
1986	667.194
1986	633.215
1986	590.784
1986	568.293
1986	544.768
1986	532.201
1986	530.35
1986	377.791
1986	374.438
1986	366.611
1986	330.637
1986	320.939
1986	310.048
1986	304.554
1986	289.218
1986	270.195
1986	252.641
1986	244.576
1986	224.418
1986	215.201
1986	214.823
1986	206.442
1986	187.006
1986	180.249
1986	175.435
1986	170.261
1986	168.728
1986	168.312
1986	165.703
1986	164.453
1986	158.566
1986	156.4
1986	154.534
1986	146.291
1986	138.628
1986	135.132
1986	130.734
1986	128.022
1986	121.247
1986	116.123
1986	109.445
1986	99.148
1986	98.801
1986	98.494
1986	86.907
1986	82.069
1986	81.409
1986	79.955
1986	78.194
1986	74.453
1986	73.831
1986	70.379
1986	69.255
1986	65.368
1986	64.79
1986	59.033
1986	55.701
1986	54.491
1986	53.011
1986	48.161
1986	46.825
1986	44.332
1986	36.832
1986	31.689
1986	31.075
1986	28.824
1986	28.726
1986	28.719
1986	28.118
1986	27.142
1986	24.081
1986	23.839
1986	22.729
1986	21.414
1986	19.521
1986	18.718
1986	17.212
1986	14.385
1986	9.955
1986	9.793
1986	9.367
1986	9.289
1986	9.274
1986	9.119
1986	6.337
1986	5.652
1986	5.505
1986	4.704
1986	4.471
1986	4.382
1986	3.923
1986	3.649
1986	3.548
1986	3.439
1986	3.418
1986	2.902
1986	2.572
1986	2.299
1986	2.293
1986	2.18
1986	1.93
1986	1.817
1986	1.651
1986	1.642
1986	1.365
1986	1.283
1986	1.277
1986	1.198
1986	1.179
1986	1.131
1986	1.086
1986	1.045
1986	0.945
1986	0.887
1986	0.808
1986	0.691
1986	0.673
1986	0.625
1986	0.462
1986	0.174
1986	0.144
1986	0.118
1986	0.092
1986	0.084
1986	0.061
1987	251863.153
1987	204698.449
1987	148530.691
1987	81580.32
1987	47928.175
1987	42240.81
1987	35420.005
1987	34606.305
1987	31645.778
1987	21493.253
1987	20120.628
1987	18037.709
1987	17523.207
1987	15145.883
1987	13041.785
1987	10437.007
1987	10012.94
1987	8782.106
1987	7627.996
1987	7364.593
1987	6758.655
1987	6314.777
1987	5702.834
1987	5592.191
1987	5303.515
1987	4886.097
1987	4680.572
1987	4385.716
1987	3995.027
1987	3595.2
1987	3524.674
1987	3065.267
1987	2823.396
1987	2712.221
1987	2289.507
1987	2043.401
1987	1905.385
1987	1808.287
1987	1762.366
1987	1759.663
1987	1715.322
1987	1699.746
1987	1552.179
1987	1480.712
1987	1260.974
1987	1233.068
1987	1090.593
1987	1063.312
1987	1019.454
1987	954.673
1987	919.113
1987	829.212
1987	776.865
1987	704.479
1987	681.443
1987	632.73
1987	598.34
1987	562.439
1987	558.873
1987	534.38
1987	532.443
1987	391.428
1987	374.867
1987	372.533
1987	325.099
1987	322.715
1987	312.3
1987	311.609
1987	286.83
1987	273.632
1987	263.738
1987	254.922
1987	241.677
1987	232.709
1987	217.783
1987	216.592
1987	188.662
1987	184.855
1987	178.737
1987	175.76
1987	175.147
1987	168.815
1987	166.965
1987	163.184
1987	159.688
1987	157.552
1987	156.636
1987	149.407
1987	139.117
1987	138.391
1987	134.261
1987	132.682
1987	123.909
1987	122.835
1987	112.109
1987	106.067
1987	100.576
1987	99.219
1987	90.563
1987	85.013
1987	83.769
1987	81.525
1987	79.005
1987	77.703
1987	75.613
1987	71.126
1987	69.44
1987	67.052
1987	66.069
1987	59.538
1987	57.596
1987	55.22
1987	54.864
1987	48.533
1987	48.228
1987	44.465
1987	37.902
1987	32.41
1987	31.474
1987	30.244
1987	29.684
1987	28.984
1987	28.597
1987	28.028
1987	24.06
1987	24.053
1987	23.057
1987	21.605
1987	19.533
1987	19.053
1987	17.205
1987	14.527
1987	10.179
1987	10.108
1987	9.819
1987	9.711
1987	9.683
1987	9.241
1987	6.337
1987	5.851
1987	5.403
1987	4.913
1987	4.719
1987	4.593
1987	3.923
1987	3.754
1987	3.584
1987	3.528
1987	3.458
1987	2.937
1987	2.634
1987	2.459
1987	2.308
1987	2.18
1987	1.982
1987	1.897
1987	1.642
1987	1.593
1987	1.365
1987	1.283
1987	1.277
1987	1.215
1987	1.167
1987	1.137
1987	1.086
1987	1.045
1987	0.945
1987	0.917
1987	0.808
1987	0.703
1987	0.643
1987	0.61
1987	0.501
1987	0.174
1987	0.144
1987	0.118
1987	0.092
1987	0.084
1987	0.061
1988	248825.755
1988	212317.67
1988	145498.145
1988	80083.321
1988	45566.61
1988	42237.114
1988	35836.442
1988	35691.05
1988	33483.99
1988	21828.229
1988	19935.097
1988	18470.419
1988	18138.972
1988	15932.869
1988	13011.762
1988	10549.383
1988	10380.747
1988	9268.918
1988	7956.895
1988	7206.251
1988	6813.354
1988	6402.269
1988	6035.933
1988	5669.92
1988	4867.314
1988	4770.672
1988	4703.398
1988	4187.133
1988	4014.004
1988	3657.609
1988	3545.052
1988	3171.123
1988	2887.741
1988	2699.034
1988	2261.66
1988	2071.541
1988	1886.623
1988	1856.48
1988	1774.528
1988	1771.897
1988	1738.365
1988	1658.116
1988	1554.047
1988	1478.718
1988	1276.084
1988	1226.04
1988	1146.698
1988	1107.466
1988	1100.444
1988	1038.31
1988	952.105
1988	879.516
1988	783.582
1988	697.392
1988	651.176
1988	634.339
1988	593.165
1988	580.691
1988	568.072
1988	549.388
1988	549.097
1988	402.399
1988	379.101
1988	376.52
1988	324.583
1988	324.296
1988	323.262
1988	319.176
1988	284.41
1988	275.921
1988	274.082
1988	273.362
1988	264.626
1988	241.264
1988	230.67
1988	224.116
1988	190.829
1988	190.528
1988	189.659
1988	182.251
1988	179.904
1988	169.497
1988	169.445
1988	164.204
1988	163.002
1988	160.837
1988	154.615
1988	151.876
1988	141.748
1988	141.229
1988	140.651
1988	132.1
1988	131.602
1988	130.11
1988	130.036
1988	114.774
1988	113.13
1988	102.72
1988	99.606
1988	88.148
1988	83.8
1988	83.352
1988	80.671
1988	80.189
1988	77.867
1988	71.634
1988	69.56
1988	68.996
1988	67.318
1988	60.578
1988	60.012
1988	57.395
1988	55.237
1988	49.692
1988	48.662
1988	44.435
1988	38.803
1988	33.162
1988	31.886
1988	31.861
1988	30.523
1988	29.397
1988	29.106
1988	28.911
1988	23.923
1988	23.877
1988	23.485
1988	21.99
1988	19.502
1988	19.388
1988	17.312
1988	14.659
1988	10.488
1988	10.309
1988	10.15
1988	10.047
1988	9.364
1988	6.748
1988	6.132
1988	6.081
1988	5.199
1988	5.087
1988	5.066
1988	4.716
1988	3.923
1988	3.846
1988	3.61
1988	3.502
1988	3.343
1988	3.143
1988	2.726
1988	2.635
1988	2.308
1988	2.23
1988	2.094
1988	2.034
1988	1.673
1988	1.534
1988	1.396
1988	1.308
1988	1.283
1988	1.246
1988	1.231
1988	1.149
1988	1.086
1988	1.083
1988	0.958
1988	0.917
1988	0.808
1988	0.715
1988	0.643
1988	0.596
1988	0.501
1988	0.174
1988	0.144
1988	0.118
1988	0.092
1988	0.084
1988	0.061
1989	245992.986
1989	216484.523
1989	139017.544
1989	78717.71
1989	44885.8
1989	41822.219
1989	36742.198
1989	35997.757
1989	35286.052
1989	22163.849
1989	19716.522
1989	18959.55
1989	18526.735
1989	18284.148
1989	12981.769
1989	10380.594
1989	10288.837
1989	9354.3
1989	8286.851
1989	7054.606
1989	6764.149
1989	6329.47
1989	6311.827
1989	5499.462
1989	5138.548
1989	4726.193
1989	4556.33
1989	4215.065
1989	4028.547
1989	4022.755
1989	3498.754
1989	3299.384
1989	2984.889
1989	2687.436
1989	2242.226
1989	2231.755
1989	1854.343
1989	1810.808
1989	1779.432
1989	1760
1989	1635.188
1989	1628.347
1989	1534.865
1989	1436.496
1989	1433.465
1989	1319.037
1989	1196.503
1989	1156.548
1989	1107.43
1989	1055.915
1989	1021.657
1989	917.641
1989	802.801
1989	728.938
1989	618.998
1989	617.608
1989	599.464
1989	591.481
1989	590.841
1989	575.418
1989	539.608
1989	412.77
1989	386.981
1989	382.802
1989	330.067
1989	327.53
1989	326.635
1989	322.572
1989	305.69
1989	284.497
1989	283.4
1989	278.602
1989	274.422
1989	250.661
1989	243.587
1989	228.662
1989	198.014
1989	194.371
1989	192.394
1989	184.523
1989	183.326
1989	172.048
1989	169.834
1989	166.5
1989	164.118
1989	154.759
1989	153.268
1989	152.534
1989	149.607
1989	145.924
1989	142.821
1989	142.448
1989	139.21
1989	135.852
1989	132.184
1989	120.347
1989	117.254
1989	104.986
1989	99.717
1989	89.752
1989	85.712
1989	84.991
1989	83.113
1989	81.476
1989	80.396
1989	72.859
1989	71.094
1989	70.006
1989	68.598
1989	62.111
1989	60.28
1989	59.698
1989	55.733
1989	50.849
1989	48.502
1989	44.404
1989	39.26
1989	33.883
1989	33.662
1989	32.315
1989	31.289
1989	29.754
1989	29.719
1989	29.456
1989	24.098
1989	23.883
1989	23.666
1989	22.34
1989	19.622
1989	19.563
1989	17.346
1989	15.16
1989	10.789
1989	10.524
1989	10.499
1989	10.446
1989	9.486
1989	6.341
1989	6.196
1989	5.952
1989	5.424
1989	5.213
1989	4.995
1989	4.869
1989	3.956
1989	3.907
1989	3.654
1989	3.518
1989	3.516
1989	3.158
1989	2.831
1989	2.795
1989	2.308
1989	2.261
1989	2.23
1989	2.086
1989	1.731
1989	1.445
1989	1.396
1989	1.313
1989	1.308
1989	1.282
1989	1.239
1989	1.234
1989	1.161
1989	1.095
1989	1.083
1989	0.917
1989	0.777
1989	0.727
1989	0.612
1989	0.581
1989	0.501
1989	0.174
1989	0.151
1989	0.148
1989	0.092
1989	0.084
1989	0.061
1990	243430.329
1990	215994.837
1990	133914.329
1990	77619.015
1990	44240.644
1990	41038.344
1990	37473.079
1990	37033.148
1990	35391.31
1990	22497.447
1990	19504.402
1990	19487.8
1990	19193.294
1990	18865.123
1990	12951.716
1990	10297.062
1990	10079.169
1990	9445.675
1990	8154.5
1990	6904.472
1990	6702.722
1990	6615.496
1990	6254.713
1990	5571.211
1990	5436.955
1990	4749.08
1990	4287.608
1990	4241.368
1990	4146.815
1990	3887.654
1990	3464.453
1990	3248.2
1990	2985.81
1990	2675.925
1990	2388.417
1990	2204.739
1990	1855.245
1990	1852.215
1990	1831.275
1990	1819.366
1990	1781.451
1990	1766.876
1990	1569.315
1990	1527.709
1990	1394.826
1990	1361.532
1990	1198
1990	1195.789
1990	1180.05
1990	1085.833
1990	1072.418
1990	925.94
1990	815.742
1990	758.824
1990	634.675
1990	631.925
1990	622.098
1990	618.789
1990	590.491
1990	570.901
1990	528.083
1990	424.693
1990	396.102
1990	384.976
1990	339.861
1990	337.682
1990	336.382
1990	329.38
1990	319.089
1990	294.674
1990	284.839
1990	282.47
1990	280.462
1990	260.29
1990	255.709
1990	231.689
1990	199.281
1990	198.45
1990	194.352
1990	189.166
1990	184.796
1990	174.896
1990	170.577
1990	169.875
1990	167.71
1990	166.764
1990	162.899
1990	159.488
1990	157.387
1990	150.98
1990	143.544
1990	143.241
1990	142.798
1990	140.552
1990	135.043
1990	127.594
1990	119.735
1990	107.419
1990	99.84
1990	90.114
1990	88.956
1990	86.803
1990	85.103
1990	83.58
1990	82.511
1990	74.083
1990	73.069
1990	70.126
1990	69.816
1990	64.037
1990	62.026
1990	60.487
1990	56.048
1990	52.203
1990	47.584
1990	44.496
1990	36.719
1990	35.586
1990	34.372
1990	32.842
1990	31.962
1990	31.441
1990	29.914
1990	29.646
1990	24.852
1990	24.281
1990	23.21
1990	22.5
1990	19.692
1990	19.555
1990	17.247
1990	17.113
1990	11.107
1990	10.946
1990	10.813
1990	10.738
1990	9.639
1990	6.666
1990	5.921
1990	5.669
1990	5.603
1990	5.269
1990	4.991
1990	4.791
1990	3.999
1990	3.956
1990	3.725
1990	3.712
1990	3.618
1990	3.003
1990	2.892
1990	2.846
1990	2.429
1990	2.278
1990	2.23
1990	2.138
1990	1.82
1990	1.398
1990	1.396
1990	1.387
1990	1.318
1990	1.313
1990	1.308
1990	1.239
1990	1.172
1990	1.122
1990	1.095
1990	0.917
1990	0.784
1990	0.739
1990	0.581
1990	0.536
1990	0.471
1990	0.174
1990	0.157
1990	0.148
1990	0.092
1990	0.084
1990	0.061
1991	241139.775
1991	204174.48
1991	134979.659
1991	73206.843
1991	43321.692
1991	40365.773
1991	38122.389
1991	37723.481
1991	34647.786
1991	22844.429
1991	20266.449
1991	19724.687
1991	19287.705
1991	19239.679
1991	12921.355
1991	10353.98
1991	10114.208
1991	9500.044
1991	6774.021
1991	6737.739
1991	6410.524
1991	6185.451
1991	6068.15
1991	5849.78
1991	5367.665
1991	5328.344
1991	4780.773
1991	4170.41
1991	4047.399
1991	3698.739
1991	3430.091
1991	3224.838
1991	3117.556
1991	2663.265
1991	2452.296
1991	2449.391
1991	2306.85
1991	2188.841
1991	1985.434
1991	1896.069
1991	1846.374
1991	1800.332
1991	1690.425
1991	1519.511
1991	1404.241
1991	1395.729
1991	1360.903
1991	1235.779
1991	1195.33
1991	1133.905
1991	1084.174
1991	852.302
1991	828.515
1991	778.885
1991	648.377
1991	641.44
1991	638.48
1991	622.92
1991	604.696
1991	540.454
1991	525.728
1991	437.097
1991	405.408
1991	388.055
1991	369.643
1991	364.09
1991	348.755
1991	345.551
1991	332.106
1991	304.997
1991	290.078
1991	289.035
1991	281.985
1991	270.422
1991	268.157
1991	235.037
1991	204.633
1991	196.187
1991	192.449
1991	186.965
1991	181.415
1991	175.955
1991	172.484
1991	172.482
1991	170.375
1991	165.714
1991	165.014
1991	160.115
1991	159.524
1991	148.455
1991	144.407
1991	143.568
1991	140.831
1991	140.147
1991	135.662
1991	134.803
1991	121.639
1991	108.92
1991	100.074
1991	97.381
1991	88.753
1991	86.996
1991	86.462
1991	85.218
1991	83.368
1991	75.307
1991	75.056
1991	70.973
1991	70.591
1991	66.163
1991	64.169
1991	59.836
1991	56.761
1991	53.575
1991	47.14
1991	44.537
1991	37.426
1991	36.104
1991	34.696
1991	33.345
1991	33.32
1991	32.388
1991	30.245
1991	29.966
1991	27.397
1991	26.072
1991	24.578
1991	22.567
1991	20.718
1991	19.929
1991	19.692
1991	17.457
1991	11.578
1991	11.181
1991	11.053
1991	10.953
1991	9.854
1991	6.862
1991	6.009
1991	5.852
1991	5.603
1991	5.202
1991	5.145
1991	4.689
1991	4.091
1991	3.962
1991	3.956
1991	3.842
1991	3.751
1991	2.984
1991	2.864
1991	2.845
1991	2.517
1991	2.278
1991	2.23
1991	2.19
1991	1.82
1991	1.426
1991	1.358
1991	1.349
1991	1.328
1991	1.318
1991	1.308
1991	1.244
1991	1.19
1991	1.122
1991	1.095
1991	0.917
1991	0.784
1991	0.751
1991	0.581
1991	0.522
1991	0.471
1991	0.428
1991	0.214
1991	0.174
1991	0.157
1991	0.148
1991	0.092
1991	0.084
1991	0.061
1991	0.061
1992	239165.485
1992	204639.625
1992	70904.266
1992	66775.096
1992	42631.373
1992	39778.643
1992	38198.459
1992	37710.289
1992	34413.755
1992	23191.196
1992	21318.435
1992	20553.789
1992	20401.362
1992	19422.083
1992	19172.085
1992	14246.839
1992	12845.42
1992	11747.855
1992	10137.298
1992	9838.576
1992	9656.003
1992	7200.492
1992	7018.738
1992	6715.599
1992	6113.222
1992	5897.132
1992	5609.418
1992	5147.402
1992	4909.441
1992	4792.746
1992	4603.301
1992	4164.08
1992	3824.334
1992	3668.099
1992	3470.936
1992	3201.101
1992	3174.372
1992	3135.117
1992	2680.75
1992	2634.937
1992	2538.164
1992	2439.435
1992	2403.366
1992	2291.267
1992	2129.111
1992	2124.504
1992	1995.342
1992	1865.405
1992	1839.119
1992	1819.212
1992	1603.446
1992	1510.946
1992	1480.453
1992	1453.159
1992	1446.704
1992	1337.42
1992	1310.141
1992	1287.064
1992	1205.997
1992	1183.893
1992	1083.037
1992	947.545
1992	908.645
1992	860.54
1992	847.275
1992	770.802
1992	668.87
1992	667.574
1992	657.391
1992	650.955
1992	595.181
1992	588.206
1992	537.549
1992	526.475
1992	451.737
1992	415.081
1992	413.966
1992	392.901
1992	391.103
1992	390.337
1992	358.507
1992	354.239
1992	353.178
1992	335.331
1992	315.505
1992	309.074
1992	297.626
1992	295.588
1992	284.685
1992	278.605
1992	275.657
1992	254.814
1992	208.953
1992	207.413
1992	203.885
1992	194.989
1992	189.436
1992	177.352
1992	177.264
1992	176.279
1992	172.736
1992	171.276
1992	170.85
1992	165.911
1992	161.525
1992	158.693
1992	151.654
1992	148.783
1992	145.474
1992	145.45
1992	142.181
1992	139.945
1992	136.196
1992	128.557
1992	123.66
1992	110.101
1992	104.771
1992	100.329
1992	91.358
1992	90.628
1992	87.694
1992	83.889
1992	79.061
1992	76.982
1992	76.501
1992	72.1
1992	70.873
1992	66.372
1992	66.224
1992	58.804
1992	55.892
1992	54.929
1992	51.798
1992	44.896
1992	39.399
1992	35.655
1992	34.75
1992	34.045
1992	33.089
1992	32.774
1992	30.566
1992	30.315
1992	27.868
1992	26.979
1992	25.076
1992	21.768
1992	20.287
1992	19.661
1992	17.848
1992	17.716
1992	12.111
1992	11.578
1992	11.516
1992	11.198
1992	10.099
1992	6.75
1992	6.021
1992	5.943
1992	5.754
1992	5.298
1992	5.104
1992	4.587
1992	4.183
1992	4.169
1992	3.99
1992	3.98
1992	3.751
1992	3.076
1992	3.012
1992	2.66
1992	2.596
1992	2.278
1992	2.242
1992	2.155
1992	1.82
1992	1.426
1992	1.389
1992	1.348
1992	1.308
1992	1.27
1992	1.244
1992	1.195
1992	1.177
1992	1.122
1992	1.083
1992	0.917
1992	0.896
1992	0.784
1992	0.751
1992	0.612
1992	0.508
1992	0.428
1992	0.214
1992	0.174
1992	0.157
1992	0.148
1992	0.092
1992	0.084
1992	0.061
1992	0.061
1993	239930.894
1993	206187.808
1993	67085.406
1993	65450.081
1993	41801.4
1993	38788.793
1993	38600.086
1993	38385.524
1993	33841.603
1993	23534.625
1993	22183.826
1993	20972.313
1993	20514.071
1993	19568.613
1993	19171.564
1993	13511.723
1993	12845.267
1993	9786.773
1993	9741.874
1993	9704.593
1993	9396.875
1993	7026.536
1993	6942.572
1993	6735.257
1993	6061.199
1993	5922.199
1993	5468.615
1993	5131.847
1993	4807.379
1993	4679.608
1993	4372.414
1993	4163.958
1993	4027.973
1993	3906.116
1993	3470.348
1993	3456.487
1993	3396.669
1993	3359.872
1993	3164.153
1993	3069.528
1993	2610.657
1993	2586.88
1993	2429.161
1993	2288.323
1993	2150.542
1993	2147.549
1993	2134.325
1993	2071.364
1993	1962.143
1993	1838.874
1993	1819.09
1993	1719.577
1993	1502.167
1993	1489.796
1993	1488.985
1993	1416.578
1993	1395.68
1993	1316.394
1993	1311.877
1993	1213.5
1993	1189.203
1993	1080.433
1993	1021.23
1993	914.224
1993	898.665
1993	791.794
1993	765.465
1993	721.425
1993	671.902
1993	660.5
1993	636.76
1993	616.745
1993	569.145
1993	531.405
1993	524.534
1993	473.564
1993	467.528
1993	426.075
1993	419.553
1993	397.66
1993	396.547
1993	366.449
1993	363.855
1993	357.069
1993	338.455
1993	333.251
1993	325.812
1993	303.551
1993	303.353
1993	284.655
1993	281.609
1993	279.248
1993	259.478
1993	223.363
1993	214.129
1993	207.536
1993	196.612
1993	191.773
1993	182.138
1993	179.191
1993	177.657
1993	176.839
1993	172.981
1993	169.066
1993	166.374
1993	166.095
1993	161.836
1993	157.878
1993	150.246
1993	149.643
1993	146.461
1993	146.447
1993	140.004
1993	135.559
1993	125.682
1993	121.391
1993	111.448
1993	109.348
1993	100.268
1993	94.511
1993	93.165
1993	88.583
1993	84.409
1993	79.183
1993	76.471
1993	72.536
1993	72.192
1993	70.873
1993	68.608
1993	65.331
1993	57.741
1993	56.343
1993	56.188
1993	52.122
1993	44.957
1993	40.351
1993	35.642
1993	35.022
1993	34.805
1993	34.657
1993	33.005
1993	32.111
1993	31.034
1993	30.346
1993	28.338
1993	28.291
1993	25.076
1993	21.077
1993	20.654
1993	19.661
1993	17.817
1993	16.926
1993	12.539
1993	11.976
1993	11.547
1993	11.443
1993	10.344
1993	6.66
1993	6.049
1993	6.005
1993	5.576
1993	5.451
1993	4.946
1993	4.485
1993	4.375
1993	4.305
1993	4.113
1993	3.99
1993	3.751
1993	3.167
1993	3.16
1993	2.684
1993	2.66
1993	2.294
1993	2.278
1993	2.155
1993	1.85
1993	1.457
1993	1.425
1993	1.348
1993	1.308
1993	1.244
1993	1.211
1993	1.189
1993	1.163
1993	1.122
1993	1.083
1993	0.974
1993	0.917
1993	0.827
1993	0.784
1993	0.612
1993	0.493
1993	0.428
1993	0.214
1993	0.174
1993	0.164
1993	0.118
1993	0.092
1993	0.084
1993	0.061
1993	0.061
1994	240569.065
1994	206150.241
1994	64006.928
1994	61699.462
1994	43741.622
1994	40971.519
1994	39261.829
1994	38050.669
1994	33268.008
1994	24351.171
1994	23104.39
1994	21492.878
1994	19861.804
1994	19572.609
1994	19148.261
1994	12845.236
1994	12301.68
1994	9827.776
1994	9712.104
1994	9584.859
1994	9061.677
1994	7663.838
1994	7033.199
1994	6758.605
1994	6631.497
1994	6012.772
1994	5973.651
1994	4858.808
1994	4835.909
1994	4667.572
1994	4406.633
1994	4163.805
1994	3971.276
1994	3550.67
1994	3470.666
1994	3469.822
1994	3421.685
1994	3364.147
1994	3198.111
1994	3103.467
1994	2631.602
1994	2586.854
1994	2419.317
1994	2192.725
1994	2191.55
1994	2056.63
1994	2047.998
1994	2044.797
1994	1854.098
1994	1838.598
1994	1819.029
1994	1807.755
1994	1531.142
1994	1518.002
1994	1495.12
1994	1493.235
1994	1448.714
1994	1403.435
1994	1375.297
1994	1188.897
1994	1136.936
1994	1077.31
1994	1031.209
1994	937.202
1994	881.382
1994	783.503
1994	760.22
1994	713.884
1994	676.649
1994	670.046
1994	657.676
1994	641.055
1994	565.269
1994	551.009
1994	527.053
1994	525.682
1994	481.343
1994	474.967
1994	436.763
1994	399.467
1994	381.469
1994	380.391
1994	373.655
1994	364.776
1994	364.501
1994	341.64
1994	336.004
1994	311.513
1994	308.93
1994	287.305
1994	284.501
1994	279.738
1994	262.654
1994	234.191
1994	216.587
1994	207.566
1994	198.406
1994	194.131
1994	187.135
1994	181.183
1994	181.116
1994	179.474
1994	178.882
1994	173.226
1994	166.545
1994	166.279
1994	162.343
1994	162.131
1994	157.196
1994	151.62
1994	147.817
1994	147.441
1994	138.705
1994	132.826
1994	127.825
1994	118.513
1994	112.867
1994	112.765
1994	100.237
1994	98.112
1994	95.064
1994	89.195
1994	85.42
1994	81.569
1994	76.44
1994	72.253
1994	70.873
1994	70.231
1994	68.216
1994	64.473
1994	57.697
1994	56.616
1994	55.993
1994	52.632
1994	44.957
1994	41.314
1994	35.611
1994	35.278
1994	34.86
1994	34.408
1994	33.605
1994	32.233
1994	31.126
1994	30.377
1994	29.232
1994	28.84
1994	25.046
1994	20.899
1994	20.676
1994	19.661
1994	17.787
1994	14.139
1994	12.996
1994	12.374
1994	11.688
1994	11.547
1994	10.466
1994	7.223
1994	6.097
1994	6.049
1994	5.604
1994	5.517
1994	4.848
1994	4.582
1994	4.397
1994	4.353
1994	4.264
1994	3.99
1994	3.751
1994	3.259
1994	3.16
1994	2.763
1994	2.66
1994	2.346
1994	2.278
1994	2.155
1994	1.85
1994	1.488
1994	1.425
1994	1.348
1994	1.308
1994	1.244
1994	1.219
1994	1.163
1994	1.153
1994	1.153
1994	1.083
1994	0.917
1994	0.798
1994	0.784
1994	0.664
1994	0.612
1994	0.493
1994	0.428
1994	0.214
1994	0.174
1994	0.171
1994	0.118
1994	0.092
1994	0.084
1994	0.061
1994	0.061
1995	241060.249
1995	214108.083
1995	62422.845
1995	56934.376
1995	41901.521
1995	40408.863
1995	39927.788
1995	37633.086
1995	32731.504
1995	24694.477
1995	24450.443
1995	21968.016
1995	20174.189
1995	19147.924
1995	18473.653
1995	12845.267
1995	10699.873
1995	9946.123
1995	9877.021
1995	8452.572
1995	8397.132
1995	8383.144
1995	7112.198
1995	7038.159
1995	6762.219
1995	6023.128
1995	5923.607
1995	4873.901
1995	4862.926
1995	4667.878
1995	4438.173
1995	4163.874
1995	4163.652
1995	3989.87
1995	3644.804
1995	3634.688
1995	3534.456
1995	3499.975
1995	3469.265
1995	3206.147
1995	2693.528
1995	2545.813
1995	2403.779
1995	2246.794
1995	2135.117
1995	2131.627
1995	2006.982
1995	1956.62
1995	1858.811
1995	1838.323
1995	1818.906
1995	1630.253
1995	1594.409
1995	1586.397
1995	1568.137
1995	1534.279
1995	1531.705
1995	1487.868
1995	1484.241
1995	1340.774
1995	1132.956
1995	1074.094
1995	1061.054
1995	888.046
1995	877.193
1995	825.438
1995	757.934
1995	686.694
1995	679.665
1995	679.591
1995	661.61
1995	591.99
1995	569.277
1995	549.986
1995	523.132
1995	521.487
1995	518.651
1995	494.821
1995	456.673
1995	405.75
1995	389.018
1995	382.414
1995	378.148
1995	371.258
1995	364.694
1995	346.067
1995	344.825
1995	318.527
1995	314.381
1995	293.4
1995	284.226
1995	280.228
1995	264.226
1995	237.633
1995	218.975
1995	207.689
1995	199.907
1995	196.275
1995	193.606
1995	189.275
1995	185.557
1995	183.267
1995	182.728
1995	173.711
1995	173.226
1995	169.263
1995	166.371
1995	165.948
1995	157.807
1995	149.521
1995	148.941
1995	148.212
1995	143.21
1995	130.367
1995	116.339
1995	115.061
1995	114.082
1995	101.346
1995	100.114
1995	97.085
1995	96.906
1995	89.654
1995	86.706
1995	84.046
1995	76.379
1995	72.222
1995	71.486
1995	70.873
1995	66.805
1995	63.58
1995	59.112
1995	56.288
1995	55.523
1995	53.256
1995	44.988
1995	42.174
1995	36.964
1995	36.077
1995	35.611
1995	34.245
1995	34.009
1995	32.574
1995	32.079
1995	31.462
1995	30.377
1995	29.31
1995	25.046
1995	21.355
1995	20.86
1995	19.661
1995	17.664
1995	13.876
1995	13.344
1995	12.772
1995	11.933
1995	11.636
1995	10.466
1995	9.329
1995	6.225
1995	6.188
1995	5.806
1995	5.486
1995	4.83
1995	4.812
1995	4.489
1995	4.281
1995	4.068
1995	3.99
1995	3.751
1995	3.351
1995	3.231
1995	2.867
1995	2.66
1995	2.398
1995	2.278
1995	2.155
1995	1.881
1995	1.518
1995	1.468
1995	1.348
1995	1.308
1995	1.244
1995	1.236
1995	1.153
1995	1.152
1995	1.094
1995	1.083
1995	0.917
1995	0.784
1995	0.774
1995	0.664
1995	0.612
1995	0.513
1995	0.493
1995	0.214
1995	0.177
1995	0.174
1995	0.118
1995	0.103
1995	0.092
1995	0.084
1995	0.061
1996	241412.551
1996	210696.712
1996	61531.448
1996	51964.997
1996	40340.481
1996	40114.617
1996	39768.872
1996	38172.479
1996	32449.939
1996	26053.356
1996	25121.899
1996	22733.147
1996	20548.695
1996	19147.679
1996	17350.746
1996	12845.175
1996	9978.913
1996	9880.828
1996	9086.451
1996	8989.85
1996	8430.431
1996	7513.496
1996	7509.968
1996	7044.037
1996	6730.787
1996	6042.099
1996	5804.341
1996	4901.12
1996	4668.123
1996	4629.288
1996	4427.145
1996	4091.626
1996	4062.575
1996	3939.327
1996	3920.304
1996	3655.617
1996	3514.244
1996	3468.708
1996	3380.546
1996	3243.097
1996	2820.679
1996	2478.239
1996	2398.598
1996	2357.918
1996	2341.893
1996	2195.611
1996	2179.372
1996	1942.057
1996	1878.332
1996	1837.986
1996	1818.753
1996	1786.161
1996	1615.243
1996	1567.892
1996	1557.853
1996	1540.106
1996	1495.684
1996	1488.611
1996	1475.064
1996	1364.747
1996	1141.194
1996	1071.211
1996	985.019
1996	922.452
1996	845.72
1996	825.784
1996	755.801
1996	701.195
1996	691.379
1996	689.137
1996	643.638
1996	549.881
1996	541.861
1996	521.212
1996	512.244
1996	509.893
1996	507.64
1996	476.905
1996	466.545
1996	407.496
1996	396.061
1996	388.386
1996	378.17
1996	377.648
1996	355.772
1996	348.721
1996	347.979
1996	324.315
1996	319.679
1996	299.861
1996	283.828
1996	280.535
1996	267.287
1996	237.114
1996	221.608
1996	207.658
1996	201.622
1996	199.141
1996	198.033
1996	197.653
1996	187.634
1996	185.443
1996	184.014
1996	178.887
1996	172.877
1996	172.797
1996	169.101
1996	166.462
1996	159.485
1996	153.512
1996	151.116
1996	142.832
1996	139.439
1996	133.277
1996	115.368
1996	103.984
1996	100.023
1996	99.776
1996	99.295
1996	98.851
1996	89.869
1996	87.836
1996	86.676
1996	76.471
1996	72.895
1996	72.222
1996	71.408
1996	70.873
1996	69.56
1996	62.722
1996	60.515
1996	57.416
1996	54.398
1996	53.896
1996	44.988
1996	42.912
1996	37.147
1996	36.567
1996	36.184
1996	35.03
1996	34.49
1996	33.708
1996	33.266
1996	31.524
1996	30.377
1996	29.797
1996	25.076
1996	21.722
1996	21.626
1996	19.798
1996	17.633
1996	13.785
1996	13.555
1996	13.201
1996	12.178
1996	11.667
1996	10.252
1996	9.731
1996	8.609
1996	6.372
1996	5.96
1996	5.397
1996	4.916
1996	4.885
1996	4.845
1996	4.677
1996	4.179
1996	3.99
1996	3.751
1996	3.456
1996	3.231
1996	2.867
1996	2.66
1996	2.278
1996	2.155
1996	1.886
1996	1.881
1996	1.879
1996	1.549
1996	1.468
1996	1.379
1996	1.308
1996	1.248
1996	1.213
1996	1.153
1996	1.083
1996	1.029
1996	0.917
1996	0.784
1996	0.762
1996	0.612
1996	0.587
1996	0.513
1996	0.479
1996	0.221
1996	0.214
1996	0.174
1996	0.118
1996	0.103
1996	0.092
1996	0.084
1996	0.061
1997	241659.956
1997	207618.464
1997	58968.514
1997	47627.182
1997	40489.846
1997	40278.511
1997	39380.309
1997	39271.212
1997	32549.449
1997	27657.626
1997	25261.119
1997	24673.87
1997	20941.232
1997	19147.404
1997	15958.759
1997	12845.022
1997	10019.954
1997	9771.244
1997	9270.076
1997	8811.793
1997	8678.326
1997	8428.795
1997	7124.225
1997	6969.986
1997	6660.764
1997	6064.346
1997	5685.045
1997	4929.899
1997	4668.246
1997	4501.955
1997	4408.47
1997	4318.201
1997	4028.078
1997	3988.673
1997	3756.484
1997	3755.104
1997	3535.561
1997	3468.06
1997	3261.006
1997	3151.05
1997	2841.269
1997	2576.62
1997	2427.214
1997	2405.89
1997	2398.445
1997	2199.333
1997	2193.406
1997	1975.81
1997	1930.274
1997	1888.27
1997	1837.618
1997	1818.416
1997	1748.965
1997	1657.217
1997	1621.823
1997	1561.682
1997	1533.055
1997	1465.733
1997	1448.88
1997	1419.611
1997	1100.121
1997	1078.496
1997	985.233
1997	945.1
1997	826.121
1997	811.43
1997	794.147
1997	722.326
1997	698.682
1997	695.391
1997	550.875
1997	521.085
1997	521.051
1997	520.383
1997	515.467
1997	509.975
1997	509.862
1997	488.807
1997	474.967
1997	409.211
1997	407.912
1997	393.531
1997	381.901
1997	377.955
1997	365.386
1997	351.072
1997	333.759
1997	329.123
1997	324.885
1997	306.691
1997	283.215
1997	280.81
1997	268.974
1997	237.305
1997	224.163
1997	209.968
1997	207.811
1997	203.245
1997	201.831
1997	198.817
1997	189.886
1997	189.331
1997	185.147
1997	182.501
1997	177.927
1997	176.085
1997	175.801
1997	172.675
1997	167.075
1997	153.75
1997	149.726
1997	141.857
1997	137.398
1997	133.649
1997	116.746
1997	106.704
1997	101.597
1997	100.737
1997	99.869
1997	93.645
1997	89.899
1997	89.459
1997	89.425
1997	76.471
1997	75.744
1997	74.457
1997	72.36
1997	72.222
1997	70.843
1997	61.799
1997	61.709
1997	58.556
1997	54.536
1997	53.243
1997	50.69
1997	45.808
1997	43.588
1997	37.843
1997	37.301
1997	37.14
1997	35.976
1997	35.834
1997	33.526
1997	31.371
1997	30.377
1997	30.284
1997	25.076
1997	23.241
1997	22.881
1997	19.798
1997	17.603
1997	14.265
1997	13.674
1997	13.661
1997	12.392
1997	11.667
1997	9.854
1997	9.539
1997	9.164
1997	6.556
1997	6.113
1997	5.307
1997	4.959
1997	4.926
1997	4.835
1997	4.159
1997	3.99
1997	3.751
1997	3.548
1997	3.275
1997	3.231
1997	2.876
1997	2.66
1997	2.278
1997	2.155
1997	1.913
1997	1.886
1997	1.881
1997	1.549
1997	1.468
1997	1.379
1997	1.308
1997	1.26
1997	1.213
1997	1.199
1997	1.183
1997	1.083
1997	0.917
1997	0.753
1997	0.751
1997	0.612
1997	0.548
1997	0.513
1997	0.479
1997	0.221
1997	0.214
1997	0.174
1997	0.118
1997	0.103
1997	0.092
1997	0.084
1997	0.061
1998	243080.199
1998	205550.312
1998	57450.171
1998	44565.524
1998	40887.703
1998	40811.126
1998	40679.689
1998	38962.841
1998	32259.526
1998	29261.669
1998	25434.685
1998	25391.754
1998	21374.527
1998	19147.097
1998	14804.941
1998	12844.93
1998	10086.808
1998	10032.318
1998	9540.362
1998	9335.521
1998	8427.22
1998	7080.273
1998	6589.348
1998	6418.408
1998	6082.031
1998	5565.718
1998	4938.831
1998	4796.555
1998	4668.613
1998	4451.478
1998	4148.129
1998	4142.889
1998	3993.583
1998	3894.3
1998	3850.31
1998	3648.653
1998	3608.583
1998	3467.411
1998	3246.929
1998	2949.697
1998	2853.764
1998	2588.891
1998	2412.999
1998	2398.269
1998	2333.481
1998	2182.394
1998	2049.804
1998	1953.023
1998	1899.638
1998	1837.22
1998	1818.294
1998	1787.054
1998	1781.554
1998	1693.737
1998	1656.757
1998	1623.433
1998	1566.211
1998	1482.935
1998	1456.341
1998	1368.852
1998	1100.487
1998	1085.019
1998	985.417
1998	975.398
1998	826.305
1998	795.035
1998	777.11
1998	743.212
1998	708.228
1998	703.2
1998	672.246
1998	597.595
1998	553.17
1998	532.266
1998	520.806
1998	509.975
1998	509.801
1998	482.899
1998	482.863
1998	412.799
1998	410.895
1998	398.492
1998	386.154
1998	376.631
1998	374.7
1998	354.196
1998	333.686
1998	330.183
1998	319.256
1998	313.857
1998	282.45
1998	281.147
1998	270.603
1998	238.566
1998	226.46
1998	220.314
1998	207.964
1998	205.659
1998	204.807
1998	199.491
1998	193.772
1998	193.662
1998	186.158
1998	185.533
1998	181.785
1998	178.92
1998	176.658
1998	172.797
1998	167.657
1998	156.69
1998	152.678
1998	147.939
1998	146.751
1998	136.677
1998	118.033
1998	108.48
1998	103.96
1998	99.778
1998	98.457
1998	92.488
1998	90.741
1998	89.991
1998	89.827
1998	84.011
1998	77.664
1998	76.08
1998	72.651
1998	72.375
1998	70.812
1998	63.265
1998	60.91
1998	59.762
1998	55.377
1998	52.088
1998	50.227
1998	45.808
1998	44.214
1998	39.159
1998	37.751
1998	37.679
1998	37.484
1998	36.925
1998	33.557
1998	31.34
1998	30.806
1998	30.346
1998	25.076
1998	24.382
1998	23.727
1998	19.798
1998	17.572
1998	14.12
1998	13.732
1998	13.674
1998	12.453
1998	11.697
1998	9.7
1998	9.465
1998	9.455
1998	6.801
1998	6.285
1998	5.396
1998	5.305
1998	5.154
1998	5.024
1998	4.995
1998	4.516
1998	3.99
1998	3.72
1998	3.64
1998	3.337
1998	2.876
1998	2.629
1998	2.278
1998	2.155
1998	2.086
1998	1.886
1998	1.881
1998	1.61
1998	1.468
1998	1.379
1998	1.308
1998	1.253
1998	1.241
1998	1.221
1998	1.183
1998	1.083
1998	0.917
1998	0.753
1998	0.733
1998	0.612
1998	0.513
1998	0.509
1998	0.479
1998	0.221
1998	0.214
1998	0.174
1998	0.118
1998	0.103
1998	0.092
1998	0.084
1998	0.061
1999	244474.606
1999	205544.524
1999	56013.79
1999	43110.78
1999	40956.371
1999	40744.159
1999	40583.794
1999	38522.906
1999	32007.698
1999	30862.46
1999	26028.045
1999	25389.335
1999	21808.003
1999	19146.975
1999	13796.499
1999	12844.869
1999	10523.108
1999	10091.102
1999	9482.278
1999	9322.491
1999	8427.097
1999	7031.165
1999	6445.592
1999	6086.544
1999	5945.238
1999	5458.642
1999	5433.505
1999	4669.011
1999	4663.647
1999	4512.327
1999	4100.465
1999	3974.213
1999	3959.087
1999	3820.115
1999	3764.019
1999	3613.957
1999	3471.429
1999	3466.762
1999	3321.639
1999	2871.006
1999	2738.623
1999	2588.983
1999	2417.308
1999	2398.694
1999	2267.456
1999	2129.32
1999	2044.562
1999	1934.493
1999	1852.868
1999	1849.201
1999	1836.822
1999	1818.202
1999	1771.479
1999	1761.725
1999	1664.506
1999	1656.084
1999	1570.285
1999	1555.745
1999	1447.041
1999	1305.956
1999	1105.893
1999	1090.956
1999	1082.018
1999	988.816
1999	826.489
1999	795.831
1999	764.19
1999	744.641
1999	729.412
1999	710.004
1999	705.252
1999	600.204
1999	554.898
1999	544.35
1999	520.377
1999	509.944
1999	509.801
1999	490.555
1999	488.922
1999	420.452
1999	412.579
1999	403.698
1999	389.746
1999	384.469
1999	375.636
1999	338.28
1999	335.696
1999	321.33
1999	304.692
1999	281.668
1999	281.47
1999	271.918
1999	238.094
1999	230.839
1999	230.661
1999	228.453
1999	210.621
1999	209.548
1999	207.964
1999	206.277
1999	200.689
1999	198.304
1999	194.489
1999	186.862
1999	186.027
1999	177.485
1999	172.43
1999	167.779
1999	159.905
1999	156.293
1999	153.446
1999	146.616
1999	119.196
1999	113.625
1999	110.182
1999	106.574
1999	99.655
1999	95.894
1999	95.359
1999	92.217
1999	91.599
1999	90.604
1999	86.009
1999	81.552
1999	78.858
1999	77.489
1999	72.498
1999	70.812
1999	64.612
1999	60.974
1999	59.987
1999	54.667
1999	50.933
1999	50.272
1999	49.594
1999	45.808
1999	44.86
1999	40.66
1999	38.077
1999	37.905
1999	37.637
1999	33.795
1999	31.34
1999	31.221
1999	30.315
1999	25.852
1999	25.076
1999	24.156
1999	19.768
1999	17.542
1999	16.466
1999	14.579
1999	13.774
1999	12.698
1999	11.728
1999	9.761
1999	9.435
1999	9.149
1999	7.015
1999	6.407
1999	6.283
1999	6.101
1999	5.5
1999	5.416
1999	5.213
1999	5.023
1999	4.801
1999	3.99
1999	3.72
1999	3.701
1999	3.444
1999	2.906
1999	2.629
1999	2.278
1999	2.173
1999	2.155
1999	1.945
1999	1.881
1999	1.641
1999	1.468
1999	1.41
1999	1.341
1999	1.308
1999	1.224
1999	1.216
1999	1.183
1999	1.083
1999	0.917
1999	0.753
1999	0.721
1999	0.612
1999	0.556
1999	0.513
1999	0.479
1999	0.221
1999	0.183
1999	0.174
1999	0.118
1999	0.103
1999	0.092
1999	0.084
1999	0.061
2000	245874.213
2000	193856.072
2000	54582.691
2000	49550.447
2000	41136.231
2000	40964.748
2000	38456.591
2000	37524.177
2000	32459.616
2000	31774.301
2000	26489.279
2000	25384.435
2000	22180.4
2000	19146.791
2000	12844.9
2000	12704.913
2000	10857.182
2000	10093.18
2000	9573.574
2000	9172.818
2000	8426.975
2000	7039.625
2000	6616.834
2000	6096.547
2000	5811.511
2000	5545.34
2000	5400.455
2000	4669.379
2000	4624.261
2000	4524.047
2000	4359.474
2000	3989.434
2000	3969.108
2000	3924.676
2000	3816.931
2000	3465.252
2000	3369.814
2000	3297.985
2000	3249.749
2000	2940.31
2000	2889.993
2000	2628.556
2000	2588.431
2000	2376.305
2000	2266.911
2000	2145.726
2000	2022.502
2000	1959.207
2000	1872.905
2000	1852.349
2000	1836.363
2000	1817.896
2000	1774.327
2000	1708.569
2000	1683.04
2000	1655.532
2000	1553.37
2000	1437.925
2000	1408.027
2000	1274.731
2000	1274.722
2000	1108.082
2000	1095.641
2000	988.877
2000	832.115
2000	826.642
2000	787.496
2000	756.854
2000	733.814
2000	702.588
2000	674.221
2000	590.654
2000	556.126
2000	554.522
2000	520.684
2000	509.914
2000	505.591
2000	498.181
2000	486.636
2000	420.636
2000	414.264
2000	409.119
2000	402.67
2000	393.875
2000	375.008
2000	343.118
2000	341.668
2000	329.047
2000	290.281
2000	284.563
2000	282.035
2000	272.69
2000	241.103
2000	238.442
2000	230.839
2000	228.054
2000	221.935
2000	213.499
2000	211.003
2000	207.995
2000	207.686
2000	200.754
2000	195.5
2000	190.651
2000	187.168
2000	184.933
2000	172.124
2000	167.841
2000	165.656
2000	163.227
2000	156.909
2000	151.861
2000	122.694
2000	120.238
2000	114.343
2000	111.915
2000	110.453
2000	99.533
2000	98.953
2000	98.237
2000	92.855
2000	91.921
2000	88.603
2000	85.659
2000	80.052
2000	79.147
2000	72.62
2000	70.812
2000	70.54
2000	66.003
2000	62.015
2000	59.094
2000	54.004
2000	50.463
2000	50.064
2000	49.252
2000	45.808
2000	45.564
2000	42.182
2000	38.794
2000	38.414
2000	37.76
2000	34.302
2000	31.636
2000	31.401
2000	30.254
2000	27.046
2000	25.107
2000	24.615
2000	19.768
2000	17.511
2000	16.803
2000	15.008
2000	13.771
2000	12.913
2000	12.24
2000	11.728
2000	9.088
2000	7.199
2000	7.187
2000	6.782
2000	6.617
2000	6.101
2000	5.752
2000	5.733
2000	5.401
2000	5.064
2000	4.934
2000	3.99
2000	3.793
2000	3.72
2000	3.568
2000	2.906
2000	2.602
2000	2.278
2000	2.259
2000	2.155
2000	1.945
2000	1.912
2000	1.733
2000	1.497
2000	1.41
2000	1.368
2000	1.308
2000	1.242
2000	1.214
2000	1.206
2000	1.083
2000	0.917
2000	0.753
2000	0.703
2000	0.672
2000	0.643
2000	0.482
2000	0.479
2000	0.221
2000	0.183
2000	0.174
2000	0.118
2000	0.103
2000	0.092
2000	0.084
2000	0.061
2001	247396.083
2001	193886.253
2001	53151.772
2001	45472.474
2001	41199.538
2001	41159.415
2001	37523.074
2001	35951.268
2001	34068.931
2001	31542.611
2001	26644.33
2001	25378.8
2001	22691.393
2001	19146.485
2001	14493.275
2001	12844.869
2001	10886.719
2001	10099.521
2001	9433.174
2001	9172.603
2001	8426.821
2001	7517.85
2001	6615.625
2001	6093.545
2001	6020.396
2001	5394.306
2001	5135.831
2001	4669.685
2001	4593.314
2001	4584.78
2001	4280.319
2001	3985.106
2001	3962.734
2001	3890.21
2001	3807.397
2001	3467.442
2001	3369.789
2001	3296.479
2001	3162.507
2001	2952.306
2001	2902.274
2001	2588.584
2001	2573.023
2001	2450.283
2001	2266.727
2001	2160.076
2001	1997.463
2001	1921.082
2001	1896.58
2001	1835.903
2001	1817.681
2001	1776.746
2001	1717.278
2001	1704.473
2001	1692.987
2001	1654.767
2001	1434.863
2001	1429.054
2001	1364.97
2001	1318.116
2001	1263.139
2001	1139.797
2001	1105.655
2001	988.939
2001	859.657
2001	826.795
2001	811.322
2001	745.85
2001	734.023
2001	713.521
2001	672.654
2001	570.729
2001	556.312
2001	551.525
2001	520.163
2001	509.883
2001	508.476
2001	505.776
2001	486.261
2001	420.421
2001	416.102
2001	415.948
2001	404.354
2001	394.843
2001	375.18
2001	348.16
2001	347.743
2001	337.04
2001	287.503
2001	282.372
2001	276.227
2001	272.69
2001	251.396
2001	240.587
2001	230.839
2001	227.656
2001	217.48
2001	217.002
2001	215.954
2001	208.972
2001	208.056
2001	204.52
2001	196.419
2001	195.704
2001	187.291
2001	186.097
2001	178.642
2001	171.756
2001	167.596
2001	166.137
2001	162.67
2001	162.04
2001	122.4
2001	121.187
2001	113.698
2001	112.811
2001	110.727
2001	103.729
2001	101.269
2001	99.41
2001	94.08
2001	93.973
2001	91.748
2001	86.188
2001	81.168
2001	81.154
2001	73.592
2001	72.651
2001	70.782
2001	67.411
2001	62.965
2001	58.174
2001	53.325
2001	50.87
2001	50.401
2001	49.916
2001	46.33
2001	45.808
2001	43.687
2001	39.559
2001	38.659
2001	37.882
2001	35.006
2001	32.081
2001	31.432
2001	30.224
2001	27.904
2001	25.107
2001	25.105
2001	19.768
2001	17.48
2001	16.919
2001	15.467
2001	13.737
2001	13.158
2001	12.301
2001	11.758
2001	9.302
2001	7.489
2001	7.383
2001	7.35
2001	6.77
2001	6.162
2001	6.101
2001	5.947
2001	5.625
2001	5.087
2001	5.064
2001	3.99
2001	3.885
2001	3.72
2001	3.568
2001	2.906
2001	2.602
2001	2.247
2001	2.229
2001	2.155
2001	1.945
2001	1.912
2001	1.824
2001	1.497
2001	1.44
2001	1.388
2001	1.308
2001	1.243
2001	1.214
2001	1.188
2001	1.083
2001	0.917
2001	0.753
2001	0.75
2001	0.691
2001	0.643
2001	0.482
2001	0.479
2001	0.221
2001	0.183
2001	0.174
2001	0.118
2001	0.103
2001	0.092
2001	0.084
2001	0.061
2002	248886.191
2002	193881.139
2002	53032.638
2002	48696.718
2002	42777.178
2002	41349.424
2002	37522.125
2002	35677.205
2002	33378.084
2002	31568.875
2002	27215.083
2002	25375.554
2002	23154.412
2002	19146.362
2002	14118.95
2002	12844.869
2002	10896.795
2002	10099.694
2002	9500.572
2002	9172.481
2002	8426.668
2002	7883.622
2002	6615.201
2002	6119.128
2002	6091.616
2002	5287.094
2002	4670.339
2002	4669.991
2002	4601.505
2002	4504.936
2002	4264.838
2002	4210.309
2002	3954.643
2002	3855.715
2002	3802.616
2002	3461.185
2002	3369.486
2002	3271.208
2002	3180.556
2002	2951.816
2002	2917.249
2002	2588.431
2002	2520.673
2002	2465.874
2002	2266.543
2002	2165.497
2002	1920.091
2002	1898.076
2002	1835.413
2002	1817.589
2002	1781.153
2002	1776.93
2002	1703.952
2002	1665.405
2002	1653.97
2002	1626.278
2002	1432.243
2002	1427.152
2002	1324.224
2002	1266.837
2002	1200.916
2002	1146.4
2002	1113.863
2002	988.939
2002	864.144
2002	835.608
2002	826.979
2002	814.574
2002	746.698
2002	733.9
2002	716.247
2002	585.294
2002	583.855
2002	550.318
2002	521.413
2002	519.428
2002	514.412
2002	509.822
2002	508.445
2002	424.095
2002	419.901
2002	417.602
2002	405.916
2002	395.296
2002	375.049
2002	355.081
2002	352.765
2002	346.687
2002	290.29
2002	282.801
2002	272.628
2002	254.091
2002	246.678
2002	240.097
2002	231.241
2002	230.839
2002	224.514
2002	221.707
2002	217.302
2002	210.105
2002	208.087
2002	207.827
2002	201.301
2002	197.674
2002	187.291
2002	187.199
2002	183.003
2002	171.389
2002	168.862
2002	168.123
2002	167.718
2002	165.039
2002	130.623
2002	122.363
2002	121.738
2002	115.29
2002	115.138
2002	109.855
2002	106.985
2002	104.209
2002	99.257
2002	96.637
2002	94.998
2002	86.157
2002	83.25
2002	81.748
2002	73.561
2002	72.682
2002	70.782
2002	68.82
2002	63.975
2002	57.251
2002	52.498
2002	52.074
2002	50.31
2002	49.732
2002	47.187
2002	45.777
2002	45.31
2002	40.325
2002	38.843
2002	37.944
2002	35.895
2002	32.915
2002	31.493
2002	30.193
2002	28.455
2002	25.565
2002	25.107
2002	19.768
2002	17.511
2002	16.858
2002	15.927
2002	13.734
2002	13.341
2002	12.362
2002	11.789
2002	9.762
2002	7.536
2002	7.458
2002	7.319
2002	6.954
2002	6.652
2002	6.331
2002	6.101
2002	5.717
2002	5.474
2002	5.064
2002	3.99
2002	3.946
2002	3.72
2002	3.568
2002	2.906
2002	2.607
2002	2.247
2002	2.229
2002	2.155
2002	1.947
2002	1.945
2002	1.942
2002	1.467
2002	1.44
2002	1.388
2002	1.277
2002	1.276
2002	1.214
2002	1.17
2002	1.083
2002	0.917
2002	0.753
2002	0.674
2002	0.672
2002	0.643
2002	0.482
2002	0.479
2002	0.221
2002	0.183
2002	0.174
2002	0.118
2002	0.103
2002	0.092
2002	0.084
2002	0.061
2003	248888.812
2003	193876.698
2003	53003.498
2003	51586.419
2003	42949.178
2003	41742.474
2003	40314.496
2003	37521.451
2003	31561.172
2003	30407.12
2003	27974.685
2003	25368.571
2003	23055.8
2003	19146.24
2003	13625.542
2003	12844.9
2003	10909.963
2003	10099.572
2003	9513.394
2003	9172.328
2003	8426.454
2003	7890.178
2003	6614.385
2003	6210.793
2003	6088.002
2003	5286.972
2003	4670.267
2003	4615.79
2003	4504.875
2003	4435.828
2003	4430.003
2003	4114.768
2003	3946.15
2003	3821.249
2003	3797.852
2003	3461.185
2003	3368.884
2003	3264.841
2003	3155.221
2003	2951.54
2003	2940.432
2003	2588.462
2003	2467.397
2003	2465.121
2003	2266.359
2003	2143.753
2003	1919.582
2003	1897.389
2003	1834.923
2003	1824.672
2003	1817.436
2003	1777.175
2003	1703.629
2003	1662.356
2003	1653.082
2003	1636.487
2003	1431.875
2003	1425.507
2003	1319.81
2003	1284.377
2003	1206.642
2003	1148.237
2003	1120.386
2003	988.786
2003	866.985
2003	860.475
2003	827.101
2003	815.473
2003	745.902
2003	733.808
2003	720.014
2003	591.848
2003	579.182
2003	549.989
2003	523.324
2003	521.398
2003	518.632
2003	509.791
2003	508.415
2003	433.068
2003	419.074
2003	418.857
2003	407.416
2003	395.234
2003	374.927
2003	362.431
2003	357.635
2003	356.946
2003	292.985
2003	283.168
2003	272.628
2003	268.713
2003	256.315
2003	254.091
2003	230.904
2003	230.839
2003	225.78
2003	223.847
2003	219.354
2003	211.208
2003	211.073
2003	208.118
2003	207.181
2003	199.052
2003	188.547
2003	186.954
2003	186.269
2003	171.634
2003	171.557
2003	169.44
2003	167.841
2003	161.779
2003	130.4
2003	122.339
2003	122.198
2003	118.497
2003	117.619
2003	116.913
2003	109.373
2003	107.272
2003	99.853
2003	99.104
2003	95.825
2003	86.19
2003	86.188
2003	81.625
2003	73.531
2003	72.712
2003	70.782
2003	70.229
2003	64.925
2003	55.408
2003	52.548
2003	51.269
2003	50.248
2003	49.456
2003	48.045
2003	46.994
2003	45.777
2003	40.999
2003	38.965
2003	38.005
2003	36.966
2003	32.979
2003	31.524
2003	30.132
2003	28.884
2003	26.085
2003	25.138
2003	19.737
2003	17.45
2003	16.796
2003	16.356
2003	13.746
2003	13.586
2003	12.424
2003	11.789
2003	10.344
2003	7.658
2003	7.458
2003	7.319
2003	7.172
2003	7.107
2003	6.331
2003	6.101
2003	5.84
2003	5.78
2003	5.064
2003	4.038
2003	3.99
2003	3.72
2003	3.568
2003	2.906
2003	2.607
2003	2.247
2003	2.229
2003	2.155
2003	2.069
2003	1.945
2003	1.942
2003	1.471
2003	1.467
2003	1.388
2003	1.277
2003	1.245
2003	1.214
2003	1.158
2003	1.083
2003	0.917
2003	0.753
2003	0.673
2003	0.672
2003	0.662
2003	0.482
2003	0.479
2003	0.221
2003	0.183
2003	0.174
2003	0.118
2003	0.103
2003	0.092
2003	0.084
2003	0.061
2004	239304.252
2004	189543.642
2004	55898.305
2004	50462.256
2004	42722.54
2004	42284.988
2004	41701.762
2004	36156.163
2004	31647.056
2004	29088.535
2004	27906.541
2004	25034.245
2004	24226.211
2004	19367.283
2004	13185.016
2004	12849.852
2004	10861.243
2004	10460.062
2004	10309.789
2004	9217.351
2004	7767.09
2004	7653.979
2004	6508.238
2004	6368.865
2004	5383.178
2004	4983.185
2004	4909.837
2004	4859.518
2004	4670.871
2004	4641.597
2004	4240.392
2004	4033.047
2004	3916.793
2004	3812.036
2004	3774.366
2004	3409.81
2004	3289.745
2004	3119.811
2004	3109.648
2004	3061.683
2004	2950.607
2004	2582.761
2004	2427.275
2004	2294.365
2004	2207.058
2004	2180.777
2004	1909.053
2004	1875.812
2004	1819.222
2004	1798.986
2004	1786.006
2004	1778.573
2004	1744.755
2004	1666.463
2004	1441.423
2004	1427.665
2004	1355.315
2004	1352.873
2004	1283.338
2004	1269.903
2004	1216.116
2004	1180.785
2004	1125.572
2004	986.918
2004	886.726
2004	840.291
2004	824.738
2004	735.631
2004	726.946
2004	721.603
2004	599.981
2004	576.928
2004	566.59
2004	557.414
2004	552.406
2004	545.745
2004	532.634
2004	517.744
2004	471.572
2004	466.515
2004	442.776
2004	420.021
2004	418.216
2004	395.982
2004	393.412
2004	372.483
2004	370.091
2004	368.225
2004	362.412
2004	299.621
2004	274.66
2004	272.444
2004	254.739
2004	251.886
2004	238.701
2004	235.733
2004	230.839
2004	227.323
2004	220.551
2004	215.836
2004	213.984
2004	212.463
2004	211.225
2004	208.026
2004	189.971
2004	186.784
2004	174.313
2004	171.496
2004	168.739
2004	162.824
2004	151.773
2004	123.402
2004	122.596
2004	121.639
2004	119.67
2004	119.4
2004	118.807
2004	111.559
2004	110.396
2004	105.27
2004	103.283
2004	98.378
2004	97.035
2004	90.879
2004	88.794
2004	82.226
2004	72.712
2004	71.821
2004	70.782
2004	70.747
2004	65.721
2004	57.094
2004	55.408
2004	49.632
2004	49.167
2004	49.116
2004	49.026
2004	48.64
2004	45.777
2004	42.044
2004	39.133
2004	38.084
2004	38.057
2004	33.042
2004	31.585
2004	30.07
2004	29.343
2004	26.575
2004	21.335
2004	19.737
2004	17.297
2004	16.83
2004	14.749
2004	13.831
2004	12.424
2004	11.82
2004	10.925
2004	9.118
2004	7.781
2004	7.757
2004	7.26
2004	6.294
2004	6.142
2004	6.057
2004	5.92
2004	5.78
2004	5.253
2004	4.13
2004	3.99
2004	3.72
2004	3.065
2004	2.607
2004	2.247
2004	2.229
2004	2.192
2004	2.155
2004	2.1
2004	1.973
2004	1.64
2004	1.471
2004	1.467
2004	1.277
2004	1.26
2004	1.214
2004	1.199
2004	1.088
2004	1.083
2004	0.948
2004	0.828
2004	0.753
2004	0.673
2004	0.644
2004	0.595
2004	0.482
2004	0.448
2004	0.221
2004	0.183
2004	0.174
2004	0.118
2004	0.103
2004	0.092
2004	0.084
2004	0.061
2005	237196.921
2005	188035.21
2005	64908.691
2005	49184.005
2005	47866.994
2005	44382.965
2005	41193.856
2005	35515.983
2005	31652.977
2005	28231.889
2005	27831.478
2005	25010.172
2005	24472.938
2005	19299.445
2005	13165.574
2005	12803.36
2005	10815.407
2005	10455.188
2005	9443.702
2005	9183.748
2005	8748.475
2005	7820.849
2005	6524.677
2005	6523.375
2005	5366.317
2005	5182.43
2005	4983.891
2005	4900.91
2005	4793.705
2005	4658.528
2005	4145.614
2005	3951.006
2005	3935.311
2005	3793.012
2005	3759.171
2005	3421.086
2005	3374.132
2005	3140.139
2005	3089.791
2005	3046.453
2005	2988.48
2005	2573.226
2005	2430.004
2005	2234.512
2005	2210.741
2005	1952.654
2005	1853.963
2005	1820.123
2005	1818.885
2005	1780.182
2005	1778.672
2005	1672.829
2005	1658.041
2005	1599.615
2005	1452.463
2005	1451.333
2005	1428.861
2005	1354.274
2005	1305.442
2005	1235.521
2005	1200.401
2005	1170.553
2005	1129.586
2005	980.04
2005	913.267
2005	870.073
2005	836.385
2005	735.509
2005	722.062
2005	716.672
2005	648.464
2005	609.059
2005	586.497
2005	555.644
2005	553.244
2005	552.375
2005	542.434
2005	516.917
2005	496.96
2005	460.87
2005	452.055
2005	421.001
2005	417.451
2005	403.002
2005	398.699
2005	379.708
2005	377.997
2005	372.132
2005	367.067
2005	286.402
2005	273.55
2005	263.428
2005	254.891
2005	251.21
2005	244.43
2005	242.61
2005	230.839
2005	226.652
2005	221.973
2005	220.23
2005	219.741
2005	218.965
2005	213.78
2005	205.83
2005	191.68
2005	186.661
2005	177.253
2005	172.491
2005	171.502
2005	163.236
2005	129.322
2005	127.192
2005	126.441
2005	122.998
2005	122.994
2005	120.799
2005	119.066
2005	114.14
2005	113.887
2005	112.166
2005	106.775
2005	98.506
2005	97.873
2005	90.612
2005	87.007
2005	82.104
2005	73.291
2005	72.712
2005	70.293
2005	69.828
2005	66.823
2005	59.377
2005	56.175
2005	50.393
2005	49.772
2005	49.504
2005	48.889
2005	48.485
2005	45.777
2005	43.005
2005	39.348
2005	39.332
2005	38.149
2005	33.106
2005	31.616
2005	29.979
2005	29.925
2005	27.197
2005	19.737
2005	19.628
2005	17.266
2005	17.256
2005	14.836
2005	14.076
2005	12.424
2005	11.82
2005	11.415
2005	9.128
2005	8.264
2005	7.934
2005	7.413
2005	6.352
2005	6.02
2005	5.811
2005	5.801
2005	5.541
2005	5.245
2005	4.222
2005	3.99
2005	3.72
2005	2.995
2005	2.607
2005	2.284
2005	2.247
2005	2.229
2005	2.155
2005	1.973
2005	1.973
2005	1.625
2005	1.502
2005	1.467
2005	1.296
2005	1.277
2005	1.239
2005	1.228
2005	1.214
2005	1.083
2005	0.958
2005	0.948
2005	0.753
2005	0.704
2005	0.62
2005	0.482
2005	0.479
2005	0.448
2005	0.214
2005	0.193
2005	0.174
2005	0.118
2005	0.103
2005	0.092
2005	0.084
2005	0.061
2006	235110.105
2006	187611.047
2006	73904.024
2006	50335.518
2006	47883.912
2006	45994.619
2006	40961.764
2006	36334.164
2006	31592.497
2006	28640.14
2006	26847.755
2006	24965.581
2006	24796.899
2006	19582.655
2006	13002.611
2006	12633.179
2006	10789.17
2006	10596.615
2006	9432.103
2006	9087.979
2006	9060.365
2006	8079.088
2006	6678.47
2006	6560.068
2006	5361.503
2006	5245.542
2006	4968.693
2006	4846.587
2006	4809.806
2006	4688.587
2006	4093.175
2006	3924.707
2006	3893.622
2006	3887.398
2006	3783.397
2006	3418.135
2006	3353.212
2006	3149.729
2006	3117.815
2006	3036.258
2006	3024.585
2006	2553.658
2006	2407.517
2006	2345.719
2006	2228.538
2006	1994.068
2006	1848.377
2006	1831.403
2006	1818.518
2006	1782.174
2006	1773.911
2006	1772.554
2006	1624.932
2006	1576.969
2006	1548.525
2006	1453.188
2006	1418.276
2006	1395.562
2006	1337.225
2006	1258.533
2006	1213.147
2006	1198.441
2006	1132.264
2006	975.49
2006	933.887
2006	907.768
2006	835.602
2006	735.386
2006	725.976
2006	717.649
2006	706.389
2006	616.955
2006	598.262
2006	572.29
2006	555.119
2006	552.816
2006	552.101
2006	518.02
2006	516.059
2006	460.569
2006	456.018
2006	421.92
2006	416.746
2006	412.561
2006	398.844
2006	392.122
2006	386.145
2006	371.88
2006	371.661
2006	273.904
2006	272.347
2006	271.115
2006	255.483
2006	248.932
2006	248.577
2006	246.998
2006	230.839
2006	226.699
2006	225.035
2006	223.868
2006	223.446
2006	222.104
2006	215.22
2006	205.83
2006	192.815
2006	186.631
2006	180.316
2006	173.899
2006	169.187
2006	165.668
2006	148.235
2006	129.348
2006	128.503
2006	125.212
2006	123.361
2006	122.812
2006	117.715
2006	117.294
2006	116.688
2006	110.298
2006	109.661
2006	99.946
2006	98.92
2006	91.871
2006	84.603
2006	82.998
2006	82.713
2006	74.976
2006	72.743
2006	69.797
2006	68.212
2006	67.895
2006	61.784
2006	56.85
2006	52.033
2006	50.562
2006	48.852
2006	48.809
2006	48.609
2006	45.777
2006	44.072
2006	40.292
2006	39.554
2006	38.127
2006	33.355
2006	31.616
2006	30.721
2006	29.887
2006	27.892
2006	19.737
2006	19.051
2006	17.724
2006	17.205
2006	14.917
2006	14.321
2006	12.453
2006	11.861
2006	11.814
2006	9.098
2006	8.678
2006	8.057
2006	7.597
2006	6.399
2006	6.141
2006	5.913
2006	5.246
2006	5.164
2006	5.098
2006	4.999
2006	4.314
2006	3.99
2006	3.72
2006	2.638
2006	2.607
2006	2.376
2006	2.248
2006	2.229
2006	2.155
2006	2.003
2006	1.735
2006	1.502
2006	1.467
2006	1.296
2006	1.277
2006	1.253
2006	1.214
2006	1.14
2006	1.125
2006	1.083
2006	0.948
2006	0.753
2006	0.704
2006	0.597
2006	0.482
2006	0.448
2006	0.401
2006	0.214
2006	0.174
2006	0.172
2006	0.118
2006	0.103
2006	0.092
2006	0.084
2006	0.061
2007	234461.204
2007	186508.423
2007	85728.937
2007	57137.537
2007	47545.739
2007	46802.285
2007	38776.485
2007	36186.049
2007	31546.295
2007	29035.133
2007	26061.467
2007	25197.936
2007	24957.557
2007	19892.22
2007	12475.213
2007	12273.324
2007	10835.336
2007	10776.585
2007	9450.134
2007	9366.106
2007	9033.93
2007	8129.531
2007	6795.485
2007	6453.178
2007	5338.783
2007	5251.947
2007	4896.92
2007	4794.097
2007	4726.343
2007	4686.127
2007	3975.97
2007	3952.434
2007	3836.339
2007	3825.009
2007	3775.915
2007	3735.034
2007	3273.561
2007	3122.648
2007	3089.401
2007	3025.598
2007	2905.054
2007	2542.883
2007	2412.091
2007	2384.059
2007	2207.189
2007	2118.638
2007	2016.429
2007	1859.501
2007	1818.365
2007	1805.985
2007	1767.658
2007	1716.939
2007	1667.965
2007	1611.951
2007	1591.774
2007	1431.497
2007	1428.638
2007	1421.037
2007	1363.101
2007	1282.854
2007	1224.856
2007	1142.322
2007	1128.6
2007	979.028
2007	971.561
2007	963.775
2007	944.727
2007	832.544
2007	733.895
2007	726.469
2007	688.628
2007	623.876
2007	612.16
2007	569.004
2007	564.331
2007	560.818
2007	555.5
2007	550.925
2007	515.324
2007	466.572
2007	449.965
2007	423.543
2007	422.15
2007	416.134
2007	400.667
2007	395.184
2007	391.135
2007	376.469
2007	371.009
2007	276.3
2007	272.214
2007	257.097
2007	255.344
2007	251.069
2007	251.045
2007	246.074
2007	235.302
2007	232.378
2007	230.839
2007	228.322
2007	224.446
2007	221.713
2007	217.057
2007	205.769
2007	194.361
2007	186.784
2007	184.052
2007	172.903
2007	169.16
2007	167.327
2007	152.399
2007	127.929
2007	125.029
2007	124.433
2007	122.718
2007	121.727
2007	120.179
2007	117.523
2007	115.756
2007	113.945
2007	101.871
2007	101.324
2007	98.767
2007	92.881
2007	85.383
2007	83.777
2007	82.621
2007	77.028
2007	72.865
2007	69.797
2007	69.438
2007	69.12
2007	64.287
2007	57.572
2007	53.025
2007	51.23
2007	50.103
2007	49.217
2007	48.215
2007	45.777
2007	44.862
2007	40.904
2007	39.928
2007	38.097
2007	33.573
2007	31.554
2007	31.548
2007	29.825
2007	28.317
2007	20.329
2007	19.737
2007	18.185
2007	17.205
2007	15.107
2007	14.474
2007	12.392
2007	12.334
2007	11.897
2007	9.154
2007	9.124
2007	8.24
2007	7.78
2007	7.343
2007	6.313
2007	6.105
2007	6.015
2007	5.246
2007	4.693
2007	4.632
2007	4.406
2007	3.99
2007	3.72
2007	2.608
2007	2.542
2007	2.437
2007	2.248
2007	2.229
2007	2.155
2007	2.034
2007	1.532
2007	1.503
2007	1.327
2007	1.277
2007	1.253
2007	1.214
2007	1.173
2007	1.083
2007	0.948
2007	0.851
2007	0.787
2007	0.704
2007	0.579
2007	0.482
2007	0.448
2007	0.424
2007	0.285
2007	0.214
2007	0.174
2007	0.157
2007	0.118
2007	0.103
2007	0.092
2007	0.084
2007	0.061
