1975	306180.273
1975	146369.962
1975	96177.224
1975	88299.664
1975	52520.381
1975	38088.148
1975	24945.416
1975	23530.485
1975	22677.287
1975	15406.807
1975	14160.334
1975	13203.115
1975	11593.892
1975	10293.343
1975	9378.527
1975	8794.201
1975	8769.67
1975	7906.215
1975	7879.44
1975	7867.711
1975	7676.309
1975	6129.506
1975	5216.294
1975	5198.63
1975	3979.129
1975	3945.493
1975	3725.11
1975	3128.579
1975	2551.922
1975	2510.904
1975	2499.248
1975	2459.389
1975	2348.75
1975	1965.283
1975	1729.83
1975	1686.436
1975	1658.861
1975	1427.825
1975	1379.036
1975	1215.659
1975	1202.003
1975	995.314
1975	874.434
1975	851.467
1975	752.405
1975	713.612
1975	686.935
1975	670.452
1975	664.088
1975	647.094
1975	612.432
1975	597.018
1975	595.713
1975	507.726
1975	485.928
1975	474.481
1975	473.739
1975	459.302
1975	398.157
1975	384.898
1975	369.027
1975	330.765
1975	322.132
1975	304.812
1975	289.484
1975	285.904
1975	270.266
1975	264.312
1975	262.517
1975	190.325
1975	189.792
1975	188.626
1975	183.798
1975	178.317
1975	178.22
1975	176.748
1975	166.89
1975	155.617
1975	151.522
1975	149.735
1975	148.656
1975	142.396
1975	140.216
1975	131.685
1975	131.084
1975	128.224
1975	128.193
1975	119.542
1975	111.305
1975	111.149
1975	110.143
1975	105.876
1975	95.827
1975	94.786
1975	89.59
1975	87.415
1975	75.593
1975	74.096
1975	68.701
1975	66.074
1975	64.767
1975	64.074
1975	63.473
1975	62.907
1975	62.853
1975	62.59
1975	57.607
1975	57.539
1975	56.589
1975	48.248
1975	44.196
1975	42.064
1975	41.247
1975	36.792
1975	36.587
1975	34.992
1975	29.37
1975	29.266
1975	28.657
1975	26.15
1975	25.331
1975	25.038
1975	25.034
1975	23.316
1975	21.674
1975	19.45
1975	18.338
1975	18.114
1975	17.324
1975	15.496
1975	11.939
1975	11.695
1975	8.446
1975	8.079
1975	7.865
1975	7.844
1975	6.571
1975	6.284
1975	5.75
1975	4.578
1975	4.294
1975	4.156
1975	3.884
1975	3.535
1975	3.272
1975	3.108
1975	3.088
1975	2.785
1975	2.771
1975	2.643
1975	2.611
1975	2.11
1975	1.959
1975	1.92
1975	1.635
1975	1.519
1975	1.493
1975	1.447
1975	1.119
1975	1.09
1975	1.089
1975	1.08
1975	1.025
1975	0.805
1975	0.789
1975	0.789
1975	0.757
1975	0.756
1975	0.747
1975	0.509
1975	0.42
1975	0.207
1975	0.192
1975	0.175
1975	0.121
1975	0.115
1975	0.102
1975	0.09
1975	0.061
1976	304841.74
1976	149019.655
1976	104792.5
1976	95350.105
1976	52958.406
1976	38388.213
1976	26258.353
1976	25680.084
1976	22283.816
1976	15328.114
1976	15282.075
1976	14060.159
1976	12273.776
1976	10398.676
1976	10079.488
1976	9969.045
1976	9016.784
1976	8334.278
1976	8000.934
1976	7709.463
1976	7642.039
1976	6223.136
1976	5446.717
1976	5110.716
1976	4159.636
1976	4154.68
1976	3776.317
1976	3132.546
1976	2699.489
1976	2642.98
1976	2561.092
1976	2533.275
1976	2348.698
1976	1975.213
1976	1943.426
1976	1808.445
1976	1796.883
1976	1401.025
1976	1323.794
1976	1304.607
1976	1240.125
1976	1001.5
1976	863.418
1976	852.844
1976	760.382
1976	731.442
1976	711.412
1976	685.263
1976	672.452
1976	663.201
1976	628.08
1976	616.002
1976	607.841
1976	602.911
1976	516.326
1976	500.65
1976	498.103
1976	486.185
1976	439.554
1976	392.581
1976	387.191
1976	348.659
1976	328.76
1976	322.59
1976	296.058
1976	294.777
1976	275.642
1976	271.344
1976	266.834
1976	196.384
1976	190.933
1976	190.702
1976	187.672
1976	182.203
1976	180.526
1976	180.25
1976	171.961
1976	155.037
1976	153.734
1976	151.759
1976	147.473
1976	147.268
1976	146.264
1976	144.328
1976	143.655
1976	134.949
1976	133.77
1976	130.696
1976	117.102
1976	115.293
1976	108.831
1976	108.673
1976	99.163
1976	95.699
1976	92.396
1976	89.681
1976	75.8
1976	69.443
1976	68.287
1976	68.163
1976	67.314
1976	65.079
1976	64.837
1976	63.561
1976	63.088
1976	62.852
1976	58.83
1976	58.827
1976	58.759
1976	54.122
1976	49.245
1976	45.325
1976	42.114
1976	38.687
1976	37.415
1976	35.202
1976	29.714
1976	29.566
1976	28.638
1976	27.199
1976	26.649
1976	26.016
1976	26.01
1976	23.749
1976	22.285
1976	20.05
1976	19.905
1976	18.389
1976	17.672
1976	15.951
1976	13.643
1976	13.032
1976	8.554
1976	8.314
1976	8.129
1976	8.054
1976	6.725
1976	6.594
1976	6.41
1976	4.738
1976	4.332
1976	4.151
1976	3.928
1976	3.675
1976	3.263
1976	3.132
1976	3.108
1976	2.785
1976	2.783
1976	2.637
1976	2.566
1976	2.12
1976	1.977
1976	1.959
1976	1.654
1976	1.578
1976	1.539
1976	1.447
1976	1.41
1976	1.16
1976	1.129
1976	1.105
1976	1.087
1976	0.873
1976	0.821
1976	0.82
1976	0.77
1976	0.767
1976	0.747
1976	0.571
1976	0.42
1976	0.207
1976	0.2
1976	0.175
1976	0.121
1976	0.115
1976	0.102
1976	0.09
1976	0.062
1977	302906.906
1977	151885.081
1977	123598.593
1977	95903.633
1977	52982.389
1977	38633.43
1977	28456.151
1977	27485.923
1977	22147.092
1977	16445.599
1977	15271.453
1977	14730.824
1977	12848.495
1977	12026.902
1977	10976.17
1977	10215.449
1977	9131.099
1977	9085.696
1977	8099.849
1977	7869.559
1977	7520.076
1977	6301.723
1977	5620.627
1977	4954.637
1977	4521.455
1977	4355.178
1977	3820.365
1977	3141.915
1977	3023.784
1977	2630.908
1977	2613.037
1977	2517.228
1977	2314.898
1977	2155.755
1977	1978.524
1977	1962.24
1977	1940.032
1977	1648.137
1977	1422.303
1977	1413.79
1977	1286.518
1977	1005.442
1977	875.542
1977	837.94
1977	767.974
1977	749.272
1977	749.126
1977	736.488
1977	735.574
1977	705.669
1977	704.02
1977	680.619
1977	619.257
1977	614.076
1977	556.954
1977	511.767
1977	511.286
1977	498.378
1977	484.743
1977	388.136
1977	387.215
1977	373.777
1977	338.194
1977	326.978
1977	303.21
1977	302.313
1977	281.437
1977	278.621
1977	271.151
1977	204.454
1977	196.47
1977	193.725
1977	191.016
1977	184.606
1977	184.388
1977	182.039
1977	174.749
1977	165.204
1977	161.011
1977	160.354
1977	158.219
1977	156.612
1977	153.57
1977	149.923
1977	147.04
1977	146.222
1977	139.369
1977	138.733
1977	122.875
1977	121.153
1977	112.554
1977	106.608
1977	100.954
1977	97.492
1977	95.948
1977	91.947
1977	75.99
1977	71.801
1977	70.743
1977	70.248
1977	70.22
1977	69.789
1977	66.732
1977	63.34
1977	63.114
1977	63.013
1977	60.964
1977	60.334
1977	60.079
1977	58.973
1977	58.116
1977	46.352
1977	43.016
1977	40.7
1977	37.933
1977	35.108
1977	30.009
1977	29.968
1977	29.355
1977	28.628
1977	27.83
1977	26.964
1977	26.333
1977	24.183
1977	22.896
1977	21.199
1977	20.549
1977	18.665
1977	18.054
1977	16.405
1977	15.215
1977	15.04
1977	9.079
1977	8.435
1977	8.316
1977	7.985
1977	7.023
1977	6.724
1977	6.712
1977	4.86
1977	4.37
1977	4.144
1977	3.972
1977	3.919
1977	3.815
1977	3.118
1977	3.042
1977	2.849
1977	2.785
1977	2.637
1977	2.499
1977	2.12
1977	2.034
1977	1.959
1977	1.726
1977	1.701
1977	1.638
1977	1.575
1977	1.446
1977	1.23
1977	1.163
1977	1.14
1977	1.118
1977	0.968
1977	0.875
1977	0.873
1977	0.863
1977	0.784
1977	0.763
1977	0.662
1977	0.42
1977	0.207
1977	0.2
1977	0.175
1977	0.135
1977	0.115
1977	0.108
1977	0.092
1977	0.063
1978	299548.807
1978	154379.174
1978	130513.655
1978	96189.211
1978	53664.703
1978	38808.12
1978	31982.109
1978	28737.267
1978	22255.731
1978	17804.616
1978	16428.509
1978	15225.827
1978	13801.48
1978	12613.29
1978	11135.028
1978	10378.48
1978	9782.807
1978	9055.199
1978	8038.339
1978	7741.491
1978	7464.194
1978	6478.025
1978	5917.381
1978	4860.382
1978	4521.235
1978	4486.874
1978	3862.516
1978	3360.131
1978	3151.285
1978	2755.727
1978	2607.627
1978	2501.289
1978	2411.665
1978	2305.695
1978	2110.067
1978	2096.683
1978	1982.525
1978	1707.18
1978	1461.201
1978	1443.057
1978	1330.03
1978	1008.11
1978	887.319
1978	872.747
1978	871.787
1978	865.167
1978	821.226
1978	775.181
1978	767.371
1978	760.032
1978	706.813
1978	691.214
1978	625.84
1978	622.698
1978	590.03
1978	582.153
1978	542.968
1978	522.228
1978	511.874
1978	449.707
1978	391.708
1978	385.749
1978	345.172
1978	332.901
1978	314.191
1978	309.885
1978	287.443
1978	286.178
1978	277.015
1978	216.841
1978	200.55
1978	197.716
1978	191.712
1978	189.614
1978	187.113
1978	183.01
1978	179.716
1978	173.044
1978	168.998
1978	167.184
1978	162.217
1978	161.265
1978	160.295
1978	153.581
1978	151.65
1978	150.455
1978	148.169
1978	142.553
1978	128.829
1978	128.815
1978	116.312
1978	104.473
1978	102.847
1978	100.629
1978	99.109
1978	94.318
1978	76.976
1978	76.648
1978	76.318
1978	72.334
1978	72.026
1978	71.067
1978	68.349
1978	65.425
1978	64.378
1978	64.321
1978	63.626
1978	63.306
1978	63.252
1978	62.027
1978	61.331
1978	47.442
1978	43.883
1978	42.749
1978	38.416
1978	34.966
1978	31.63
1978	30.4
1978	30.353
1978	29.012
1978	28.609
1978	27.911
1978	26.123
1978	24.652
1978	23.542
1978	22.348
1978	21.228
1978	18.94
1978	18.402
1978	16.825
1978	15.925
1978	15.04
1978	9.569
1978	8.686
1978	8.544
1978	7.565
1978	7.299
1978	6.706
1978	6.688
1978	4.983
1978	4.408
1978	4.146
1978	4.016
1978	3.955
1978	3.894
1978	3.142
1978	2.972
1978	2.951
1978	2.785
1978	2.602
1978	2.432
1978	2.12
1978	2.091
1978	1.978
1978	1.761
1978	1.736
1978	1.697
1978	1.621
1978	1.446
1978	1.3
1978	1.169
1978	1.15
1978	1.13
1978	1.071
1978	0.94
1978	0.925
1978	0.881
1978	0.784
1978	0.78
1978	0.735
1978	0.42
1978	0.207
1978	0.2
1978	0.175
1978	0.135
1978	0.115
1978	0.108
1978	0.102
1978	0.065
1979	294634.558
1979	156034.302
1979	143168.695
1979	96672.147
1979	54172.508
1979	38707.294
1979	36219.697
1979	30002.557
1979	23061.158
1979	19752.956
1979	18098.668
1979	15191.2
1979	14805.504
1979	13665.89
1979	11292.238
1979	10557.438
1979	10549.138
1979	9009.751
1979	8049.907
1979	7654.913
1979	7366.254
1979	6586.779
1979	6296.517
1979	4765.559
1979	4690.973
1979	4469.522
1979	3940.233
1979	3660.246
1979	3181.346
1979	2882.071
1979	2668.695
1979	2652.897
1979	2462.865
1979	2266.425
1979	2261.875
1979	2244.864
1979	1986.288
1979	1801.93
1979	1543.458
1979	1464.813
1979	1377.634
1979	1089.596
1979	1009.744
1979	995.178
1979	993.916
1979	898.325
1979	807.757
1979	791.955
1979	782.108
1979	779.731
1979	731.546
1979	699.15
1979	654.187
1979	636.172
1979	626.139
1979	619.643
1979	584.585
1979	562.477
1979	524.592
1979	498.416
1979	393.861
1979	381.963
1979	352.219
1979	329.45
1979	320.43
1979	318.198
1979	293.945
1979	293.519
1979	281.297
1979	235.264
1979	208.304
1979	200.058
1979	195.599
1979	189.998
1979	187.342
1979	184.612
1979	182.791
1979	182.257
1979	181.349
1979	173.497
1979	168.057
1979	163.429
1979	161.335
1979	157.659
1979	157.108
1979	157.016
1979	154.334
1979	146.453
1979	138.278
1979	134.602
1979	120.035
1979	104.741
1979	102.933
1979	102.055
1979	100.226
1979	96.889
1979	82.558
1979	80.821
1979	78.865
1979	76.886
1979	74.455
1979	73.794
1979	72.054
1979	71.023
1979	70.001
1979	66.309
1979	65.597
1979	63.982
1979	63.463
1979	62.619
1979	60.864
1979	48.644
1979	44.797
1979	44.785
1979	38.885
1979	35.176
1979	34.045
1979	30.78
1979	30.647
1979	30.441
1979	28.858
1979	28.634
1979	26.411
1979	25.156
1979	24.187
1979	23.532
1979	21.907
1979	19.216
1979	18.784
1979	17.889
1979	17.07
1979	15.005
1979	10.078
1979	8.96
1979	8.832
1979	7.61
1979	7.25
1979	7.061
1979	6.687
1979	5.07
1979	4.446
1979	4.156
1979	4.13
1979	4.061
1979	3.955
1979	3.162
1979	3.053
1979	3.007
1979	2.785
1979	2.612
1979	2.365
1979	2.148
1979	2.126
1979	2.004
1979	1.987
1979	1.851
1979	1.756
1979	1.64
1979	1.444
1979	1.37
1979	1.197
1979	1.183
1979	1.15
1979	1.145
1979	0.983
1979	0.946
1979	0.926
1979	0.816
1979	0.796
1979	0.784
1979	0.42
1979	0.207
1979	0.2
1979	0.175
1979	0.135
1979	0.115
1979	0.112
1979	0.108
1979	0.066
1980	288421.539
1980	176555.034
1980	158522.189
1980	96005.673
1980	54468.409
1980	40465.762
1980	38657.931
1980	32332.316
1980	23223.848
1980	21256.523
1980	19854.849
1980	15481.785
1980	15145.713
1980	14779.17
1980	11883.283
1980	11352.542
1980	10906.159
1980	8905.663
1980	7992.391
1980	7592.091
1980	7254.144
1980	6463.574
1980	6325.64
1980	4997.381
1980	4879.548
1980	4520.839
1980	4171.577
1980	3955.182
1980	3202.172
1980	2925.169
1980	2899.641
1980	2690.373
1980	2417.255
1980	2378.176
1980	2356.533
1980	2199.072
1980	1990.289
1980	1800.388
1980	1586.368
1980	1576.005
1980	1421.886
1980	1281.546
1980	1160.737
1980	1155.337
1980	1114.47
1980	1000.492
1980	907.021
1980	876.3
1980	848.042
1980	821.738
1980	791.197
1980	707.317
1980	680.26
1980	652.77
1980	646.696
1980	629.419
1980	603.797
1980	601.034
1980	537.31
1980	514.46
1980	397.328
1980	395.873
1980	355.39
1980	342.962
1980	339.317
1980	330.898
1980	319.965
1980	301.957
1980	285.614
1980	279.521
1980	224.567
1980	223.134
1980	216.163
1980	202.401
1980	197.819
1980	193.973
1980	187.632
1980	187.12
1980	180.971
1980	180.197
1980	173.898
1980	163.136
1980	162.814
1980	162.401
1980	162.368
1980	161.015
1980	159.74
1980	157.988
1980	149.507
1980	140.485
1980	123.618
1980	110.703
1980	108.018
1980	106.566
1980	104.826
1980	99.435
1980	92.605
1980	89.032
1980	88.393
1980	81.475
1980	77.86
1980	77.452
1980	77.184
1980	73.856
1980	73.328
1980	73.125
1980	68.268
1980	66.496
1980	64.338
1980	64.113
1980	63.55
1980	59.484
1980	49.979
1980	47.379
1980	45.652
1980	44.742
1980	35.96
1980	31.316
1980	31.179
1980	30.919
1980	29.805
1980	28.697
1980	27.549
1980	26.691
1980	24.833
1980	24.681
1980	22.247
1980	20.745
1980	19.177
1980	19.132
1980	19.073
1980	14.375
1980	10.428
1980	9.525
1980	9.268
1980	9.025
1980	7.905
1980	7.239
1980	6.686
1980	5.195
1980	4.795
1980	4.446
1980	4.27
1980	4.121
1980	4.041
1980	3.185
1980	3.182
1980	3.085
1980	2.638
1980	2.4
1980	2.299
1980	2.206
1980	1.942
1980	1.815
1980	1.771
1980	1.672
1980	1.455
1980	1.409
1980	1.391
1980	1.36
1980	1.346
1980	1.273
1980	1.196
1980	1.166
1980	1.127
1980	1.061
1980	0.943
1980	0.931
1980	0.84
1980	0.796
1980	0.79
1980	0.529
1980	0.207
1980	0.165
1980	0.135
1980	0.131
1980	0.115
1980	0.108
1980	0.067
1981	287811.786
1981	177635.827
1981	161962.853
1981	96369.065
1981	54938.536
1981	42631.76
1981	38639.422
1981	33399.643
1981	23364.246
1981	22851.853
1981	20582.27
1981	16193.358
1981	15385.811
1981	15111.296
1981	12513.545
1981	11417.178
1981	11173.562
1981	9073.946
1981	8981.354
1981	8589.838
1981	7322.761
1981	7146.074
1981	6571.89
1981	5074.355
1981	4930.946
1981	4660.889
1981	4612.847
1981	4276.573
1981	3443.203
1981	3159.701
1981	3131.518
1981	2704.822
1981	2588.255
1981	2531.716
1981	2332.799
1981	2128.083
1981	1990.917
1981	1774.666
1981	1631.937
1981	1607.255
1981	1471.44
1981	1436.329
1981	1294.015
1981	1208.74
1981	1138.176
1981	1027.028
1981	1006.748
1981	926.825
1981	901.214
1981	838.792
1981	779.032
1981	717.724
1981	716.755
1981	687.672
1981	680.692
1981	649.36
1981	640.226
1981	629.535
1981	546.731
1981	546.655
1981	399.393
1981	397.912
1981	357.175
1981	350.6
1981	343.532
1981	331.304
1981	323.64
1981	322.534
1981	309.794
1981	289.366
1981	232.15
1981	231.921
1981	226.232
1981	204.638
1981	199.803
1981	191.562
1981	187.769
1981	186.299
1981	179.006
1981	178.233
1981	177.414
1981	172.018
1981	169.078
1981	167.439
1981	166.774
1981	162.399
1981	161.148
1981	160.696
1981	159.334
1981	145.978
1981	127.446
1981	114.513
1981	111.788
1981	109.717
1981	109.441
1981	108.849
1981	101.386
1981	91.906
1981	91.721
1981	82.928
1981	81.072
1981	80.135
1981	77.797
1981	77.408
1981	75.197
1981	74.871
1981	70.576
1981	67.714
1981	65.885
1981	64.162
1981	59.935
1981	58.566
1981	51.414
1981	49.995
1981	46.999
1981	46.947
1981	36.882
1981	32.345
1981	31.844
1981	31.273
1981	30.17
1981	29.33
1981	28.274
1981	27.015
1981	25.765
1981	25.358
1981	22.736
1981	21.709
1981	20.234
1981	19.515
1981	19.444
1981	14.41
1981	10.638
1981	9.56
1981	9.497
1981	9.252
1981	8.172
1981	7.184
1981	6.684
1981	5.387
1981	4.865
1981	4.465
1981	4.41
1981	4.168
1981	4.109
1981	3.962
1981	3.292
1981	3.225
1981	3.211
1981	2.638
1981	2.505
1981	2.263
1981	2.232
1981	2.032
1981	1.875
1981	1.713
1981	1.701
1981	1.525
1981	1.441
1981	1.426
1981	1.408
1981	1.378
1981	1.279
1981	1.196
1981	1.186
1981	1.185
1981	1.185
1981	0.951
1981	0.94
1981	0.84
1981	0.79
1981	0.78
1981	0.564
1981	0.207
1981	0.157
1981	0.135
1981	0.131
1981	0.106
1981	0.07
1982	286777.368
1982	189687.151
1982	166566.967
1982	96603.059
1982	55405.333
1982	43768.362
1982	39011.95
1982	34367.226
1982	24389.814
1982	23469.91
1982	21352.508
1982	16827.656
1982	16404.288
1982	15076.774
1982	13276.93
1982	11493.705
1982	11451.079
1982	8921.362
1982	8915.178
1982	8547.517
1982	7385.124
1982	7078.26
1982	6718.752
1982	5359.856
1982	5110.611
1982	5010.538
1982	4748.881
1982	4416.281
1982	3513.991
1982	3396.087
1982	3155.747
1982	2699.985
1982	2663.416
1982	2637.268
1982	2283.358
1982	2115.608
1982	1992.729
1982	1831.261
1982	1676.108
1982	1649.84
1982	1539.262
1982	1526.148
1982	1432.377
1982	1258.24
1982	1165.983
1982	1109.74
1982	1051.343
1982	1037.251
1982	1025.146
1982	856.419
1982	797.941
1982	765.444
1982	760.975
1982	727.864
1982	714.613
1982	646.603
1982	644.225
1982	631.925
1982	571.674
1982	556.932
1982	404.062
1982	401.143
1982	392.277
1982	359.912
1982	358.925
1982	342.891
1982	337.251
1982	327.07
1982	316.53
1982	293.224
1982	241.896
1982	239
1982	232.348
1982	206.567
1982	201.891
1982	191.676
1982	189.251
1982	187.647
1982	183.758
1982	179.596
1982	176.672
1982	175.154
1982	172.619
1982	172.23
1982	171.587
1982	168.054
1982	168.035
1982	164.002
1982	163.302
1982	151.792
1982	129.546
1982	120.617
1982	113.853
1982	111.194
1982	109.993
1982	107.94
1982	103.311
1982	99.856
1982	88.267
1982	84.669
1982	82.634
1982	82.305
1982	80.351
1982	78.179
1982	77.03
1982	76.235
1982	73.235
1982	68.896
1982	67.739
1982	64.879
1982	60.151
1982	57.694
1982	52.919
1982	52.561
1982	48.006
1982	47.887
1982	37.848
1982	33.239
1982	32.566
1982	31.708
1982	30.57
1982	30.014
1982	29.128
1982	26.91
1982	26.808
1982	26.049
1982	23.45
1982	21.814
1982	21.404
1982	19.897
1982	19.518
1982	15.54
1982	10.833
1982	9.721
1982	9.718
1982	9.497
1982	8.489
1982	7.345
1982	6.921
1982	5.58
1982	4.9
1982	4.55
1982	4.465
1982	4.273
1982	4.097
1982	3.89
1982	3.413
1982	3.4
1982	3.246
1982	2.638
1982	2.575
1982	2.32
1982	2.165
1982	2.032
1982	1.934
1982	1.741
1982	1.713
1982	1.67
1982	1.56
1982	1.426
1982	1.408
1982	1.378
1982	1.286
1982	1.222
1982	1.221
1982	1.196
1982	1.185
1982	0.94
1982	0.916
1982	0.84
1982	0.79
1982	0.763
1982	0.564
1982	0.207
1982	0.157
1982	0.135
1982	0.131
1982	0.106
1982	0.07
1983	286774.771
1983	196843.427
1983	170621.631
1983	97188.358
1983	55507.625
1983	45259.271
1983	39353.744
1983	35295.186
1983	26148.127
1983	23721.7
1983	22121.941
1983	17478.008
1983	17097.014
1983	15042.252
1983	13995.521
1983	11737.741
1983	11443.85
1983	8902.52
1983	8855.655
1983	7940.375
1983	7185.501
1983	6991.541
1983	6922.206
1983	6205.028
1983	5146.831
1983	4703.757
1983	4535.038
1983	4397.618
1983	3962.954
1983	3645.813
1983	3165.631
1983	2849.707
1983	2746.876
1983	2679.763
1983	2234.801
1983	2101.24
1983	1994.855
1983	1837.877
1983	1741.787
1983	1679.753
1983	1612.716
1983	1585.186
1983	1570.6
1983	1307.915
1983	1284.942
1983	1191.242
1983	1075.064
1983	1074.096
1983	1060.113
1983	867.596
1983	815.716
1983	806.601
1983	784.382
1983	727.816
1983	715.345
1983	661.79
1983	637.817
1983	634.202
1983	591.207
1983	570.127
1983	484.294
1983	405.606
1983	400.968
1983	394.944
1983	365.883
1983	360.675
1983	341.872
1983	329.905
1983	324.577
1983	297.117
1983	252.866
1983	251.343
1983	237.539
1983	208.39
1983	203.945
1983	194.038
1983	191.54
1983	189.318
1983	189.051
1983	187.684
1983	187.324
1983	178.814
1983	177.31
1983	176.645
1983	175.571
1983	172.414
1983	167.465
1983	167.194
1983	167.057
1983	154.758
1983	132.781
1983	126.582
1983	121.51
1983	116.548
1983	110.941
1983	109.989
1983	107.575
1983	105.411
1983	87.375
1983	86.139
1983	86.017
1983	84.335
1983	81.001
1983	78.647
1983	78.526
1983	77.6
1983	76.207
1983	70.113
1983	69.256
1983	65.561
1983	60.927
1983	55.53
1983	55.416
1983	54.564
1983	49.273
1983	48.568
1983	38.87
1983	33.449
1983	33.421
1983	32.014
1983	30.97
1983	30.672
1983	30.016
1983	27.887
1983	27.198
1983	26.596
1983	24.129
1983	22.589
1983	21.849
1983	20.28
1983	19.544
1983	16.645
1983	10.938
1983	10.023
1983	9.896
1983	9.76
1983	8.755
1983	7.31
1983	7.19
1983	5.738
1983	4.97
1983	4.69
1983	4.465
1983	4.378
1983	4.085
1983	3.827
1983	3.61
1983	3.504
1983	3.246
1983	2.663
1983	2.645
1983	2.377
1983	2.098
1983	2.067
1983	1.993
1983	1.86
1983	1.776
1983	1.689
1983	1.56
1983	1.46
1983	1.426
1983	1.343
1983	1.33
1983	1.293
1983	1.222
1983	1.206
1983	1.194
1983	0.94
1983	0.916
1983	0.805
1983	0.79
1983	0.747
1983	0.564
1983	0.207
1983	0.157
1983	0.135
1983	0.106
1983	0.096
1983	0.07
1984	285890.118
1984	203455.862
1984	175431.211
1984	95482.075
1984	55367.132
1984	46150.649
1984	39567.193
1984	36123.866
1984	27909.532
1984	23408.139
1984	22888.609
1984	18371.521
1984	18040.786
1984	17899.746
1984	15007.834
1984	11888.956
1984	11443.85
1984	8973.807
1984	8781.609
1984	7288.338
1984	7219.443
1984	7036.859
1984	6974.235
1984	6731.935
1984	5210.691
1984	4903.947
1984	4643.268
1984	4440.407
1984	4306.967
1984	3714.702
1984	3146.764
1984	3000.041
1984	2890.176
1984	2662.004
1984	2172.136
1984	2070.625
1984	1997.129
1984	1819.17
1984	1788.301
1984	1731.466
1984	1708.963
1984	1685.867
1984	1633.526
1984	1436.995
1984	1357.94
1984	1289.014
1984	1169.651
1984	1098.294
1984	1087.77
1984	867.07
1984	864.601
1984	842.969
1984	802.076
1984	728.665
1984	717.359
1984	646.02
1984	635.888
1984	622.637
1984	596.188
1984	585.834
1984	584.162
1984	412.386
1984	403.319
1984	403.175
1984	369.846
1984	362.46
1984	343.33
1984	332.258
1984	331.585
1984	300.939
1984	263.692
1984	262.241
1984	242.591
1984	234.919
1984	210.109
1984	206.338
1984	194.913
1984	194.073
1984	193.619
1984	191.311
1984	190.434
1984	185.443
1984	182.751
1984	181.459
1984	179.045
1984	170.911
1984	169.981
1984	163.939
1984	162.285
1984	157.956
1984	133.934
1984	133.923
1984	133.077
1984	119.558
1984	114.415
1984	111.538
1984	111.494
1984	107.756
1984	90.305
1984	88.097
1984	87.679
1984	86.82
1984	81.381
1984	80.654
1984	79.249
1984	78.964
1984	78.836
1984	71.366
1984	70.778
1984	66.243
1984	61.388
1984	56.419
1984	55.537
1984	55.449
1984	50.68
1984	49.353
1984	39.892
1984	34.463
1984	34.191
1984	32.32
1984	31.365
1984	31.335
1984	31
1984	28.931
1984	27.058
1984	27.054
1984	24.808
1984	23.873
1984	21.897
1984	20.627
1984	19.536
1984	17.81
1984	11.043
1984	10.274
1984	10.071
1984	10.04
1984	9.086
1984	7.904
1984	7.494
1984	5.93
1984	5.103
1984	4.83
1984	4.483
1984	4.465
1984	4.061
1984	3.84
1984	3.82
1984	3.66
1984	3.281
1984	2.75
1984	2.628
1984	2.434
1984	2.195
1984	2.088
1984	2.067
1984	2.031
1984	1.776
1984	1.689
1984	1.56
1984	1.474
1984	1.46
1984	1.431
1984	1.343
1984	1.3
1984	1.257
1984	1.231
1984	1.194
1984	0.975
1984	0.916
1984	0.805
1984	0.79
1984	0.731
1984	0.564
1984	0.207
1984	0.157
1984	0.135
1984	0.106
1984	0.096
1984	0.07
1985	284660.872
1985	220854.55
1985	175647.377
1985	95442.288
1985	53606.592
1985	46478.373
1985	39870.545
1985	36938.103
1985	31682.556
1985	23689.233
1985	23412.856
1985	19203.392
1985	18642.074
1985	15771.854
1985	14973.452
1985	12002.519
1985	11443.605
1985	9018.842
1985	8706.955
1985	7638.561
1985	7453.993
1985	7153.99
1985	6773.194
1985	6560.018
1985	5322.916
1985	5272.402
1985	5269.484
1985	4486.282
1985	4240.898
1985	4145.651
1985	3156.764
1985	3127.793
1985	2968.146
1985	2955.942
1985	2670.483
1985	2112.399
1985	2056.661
1985	2000.242
1985	1873.509
1985	1832.472
1985	1811.671
1985	1750.94
1985	1722.479
1985	1651.837
1985	1417.264
1985	1368.124
1985	1313.316
1985	1121.14
1985	1104.897
1985	914.034
1985	881.919
1985	880.867
1985	818.241
1985	744.789
1985	722.086
1985	721.731
1985	641.862
1985	630.549
1985	609.524
1985	603.097
1985	601.169
1985	415.615
1985	414.816
1985	408.81
1985	373.354
1985	364.35
1985	347.91
1985	340.149
1985	331.9
1985	304.867
1985	276.016
1985	271.132
1985	246.888
1985	243.776
1985	221.136
1985	215.651
1985	212.002
1985	200.383
1985	197.116
1985	191.368
1985	188.532
1985	188.275
1985	185.533
1985	184.972
1985	183.099
1985	174.914
1985	173.316
1985	162.177
1985	161.767
1985	158.076
1985	142.41
1985	139.781
1985	136.014
1985	124.806
1985	122.708
1985	112.999
1985	112.086
1985	110.381
1985	95.21
1985	89.574
1985	89.429
1985	88.713
1985	83.413
1985	82.481
1985	82.152
1985	79.747
1985	79.011
1985	72.676
1985	72.653
1985	66.89
1985	61.85
1985	60.579
1985	58.344
1985	55.314
1985	52.122
1985	50.138
1985	41.124
1985	35.357
1985	34.856
1985	32.663
1985	32.093
1985	31.993
1985	31.735
1985	29.975
1985	27.42
1985	27.394
1985	25.545
1985	24.256
1985	22.1
1985	21.01
1985	19.61
1985	16.856
1985	11.203
1985	10.738
1985	10.355
1985	10.281
1985	10.235
1985	9.869
1985	7.392
1985	6.231
1985	5.205
1985	4.97
1985	4.693
1985	4.484
1985	4.037
1985	4.03
1985	3.902
1985	3.845
1985	3.785
1985	3.316
1985	2.835
1985	2.628
1985	2.463
1985	2.344
1985	2.147
1985	2.067
1985	1.964
1985	1.842
1985	1.56
1985	1.496
1985	1.46
1985	1.431
1985	1.343
1985	1.307
1985	1.296
1985	1.231
1985	1.194
1985	0.975
1985	0.916
1985	0.805
1985	0.79
1985	0.714
1985	0.529
1985	0.199
1985	0.165
1985	0.135
1985	0.106
1985	0.096
1985	0.07
1986	286041.175
1986	224686.762
1986	176641.252
1986	94560.614
1986	54966.367
1986	47336.97
1986	40152.134
1986	38163.425
1986	34013.285
1986	24175.287
1986	23323.522
1986	19834.844
1986	19397.153
1986	16481.097
1986	14939.28
1986	11995.704
1986	11443.465
1986	9535.391
1986	8623.076
1986	8230.918
1986	7612.986
1986	7335.906
1986	6544.703
1986	6485.106
1986	6003.72
1986	5481.043
1986	5309.355
1986	4584.996
1986	4512.269
1986	4176.936
1986	3526.209
1986	3317.684
1986	3112.673
1986	3087.569
1986	2624.602
1986	2172.959
1986	2037.433
1986	1995.238
1986	1991.159
1986	1990.64
1986	1921.023
1986	1876.608
1986	1748.111
1986	1666.377
1986	1478.159
1986	1408.416
1986	1249.165
1986	1170.564
1986	1143.29
1986	975.786
1986	923.062
1986	896.094
1986	882.842
1986	817.715
1986	762.508
1986	723.675
1986	675.182
1986	649.477
1986	622.592
1986	608.229
1986	606.114
1986	431.761
1986	427.929
1986	418.984
1986	377.871
1986	366.787
1986	354.34
1986	348.062
1986	330.535
1986	308.794
1986	288.733
1986	279.516
1986	256.478
1986	245.944
1986	245.512
1986	235.933
1986	213.721
1986	205.999
1986	200.497
1986	194.585
1986	192.832
1986	192.357
1986	189.375
1986	187.947
1986	181.218
1986	178.743
1986	176.61
1986	167.19
1986	158.432
1986	154.436
1986	149.41
1986	146.311
1986	138.568
1986	132.712
1986	125.08
1986	113.312
1986	112.915
1986	112.564
1986	99.323
1986	93.793
1986	93.039
1986	91.378
1986	89.364
1986	85.089
1986	84.378
1986	80.433
1986	79.148
1986	74.706
1986	74.045
1986	67.467
1986	63.658
1986	62.276
1986	60.584
1986	55.041
1986	53.515
1986	50.665
1986	42.093
1986	36.216
1986	35.515
1986	32.941
1986	32.829
1986	32.821
1986	32.135
1986	31.019
1986	27.522
1986	27.245
1986	25.977
1986	24.474
1986	22.31
1986	21.393
1986	19.671
1986	16.441
1986	11.378
1986	11.192
1986	10.705
1986	10.616
1986	10.598
1986	10.421
1986	7.243
1986	6.459
1986	6.291
1986	5.376
1986	5.11
1986	5.008
1986	4.484
1986	4.17
1986	4.055
1986	3.93
1986	3.906
1986	3.316
1986	2.94
1986	2.628
1986	2.621
1986	2.491
1986	2.206
1986	2.077
1986	1.887
1986	1.877
1986	1.56
1986	1.466
1986	1.46
1986	1.369
1986	1.348
1986	1.293
1986	1.242
1986	1.194
1986	1.08
1986	1.014
1986	0.923
1986	0.79
1986	0.77
1986	0.714
1986	0.529
1986	0.199
1986	0.165
1986	0.135
1986	0.106
1986	0.096
1986	0.07
1987	287843.603
1987	233941.084
1987	169749.361
1987	93234.651
1987	54775.058
1987	48275.211
1987	40480.005
1987	39550.063
1987	36166.604
1987	24563.717
1987	22995.004
1987	20614.525
1987	20026.522
1987	17309.581
1987	14904.898
1987	11928.008
1987	11443.36
1987	10036.693
1987	8717.71
1987	8416.677
1987	7724.178
1987	7216.889
1987	6517.525
1987	6391.076
1987	6061.16
1987	5584.111
1987	5349.226
1987	5012.247
1987	4565.745
1987	4108.8
1987	4028.199
1987	3503.162
1987	3226.739
1987	3099.681
1987	2616.579
1987	2335.316
1987	2177.583
1987	2066.614
1987	2014.132
1987	2011.044
1987	1960.368
1987	1942.567
1987	1773.919
1987	1692.242
1987	1441.113
1987	1409.221
1987	1246.392
1987	1215.214
1987	1165.09
1987	1091.055
1987	1050.415
1987	947.671
1987	887.846
1987	805.119
1987	778.792
1987	723.121
1987	683.818
1987	642.787
1987	638.712
1987	610.72
1987	608.507
1987	447.346
1987	428.419
1987	425.752
1987	371.542
1987	368.817
1987	356.914
1987	356.125
1987	327.805
1987	312.722
1987	301.415
1987	291.339
1987	276.202
1987	265.954
1987	248.895
1987	247.534
1987	215.614
1987	211.263
1987	204.271
1987	200.869
1987	200.168
1987	192.932
1987	190.817
1987	186.497
1987	182.501
1987	180.06
1987	179.012
1987	170.751
1987	158.991
1987	158.161
1987	153.441
1987	151.636
1987	141.611
1987	140.383
1987	128.125
1987	121.219
1987	114.944
1987	113.393
1987	103.5
1987	97.158
1987	95.736
1987	93.172
1987	90.291
1987	88.804
1987	86.415
1987	81.287
1987	79.36
1987	76.631
1987	75.508
1987	68.044
1987	65.824
1987	63.109
1987	62.702
1987	55.466
1987	55.118
1987	50.817
1987	43.316
1987	37.04
1987	35.97
1987	34.565
1987	33.925
1987	33.125
1987	32.682
1987	32.033
1987	27.498
1987	27.49
1987	26.351
1987	24.691
1987	22.323
1987	21.775
1987	19.663
1987	16.602
1987	11.634
1987	11.553
1987	11.221
1987	11.098
1987	11.066
1987	10.561
1987	7.243
1987	6.687
1987	6.175
1987	5.615
1987	5.394
1987	5.25
1987	4.484
1987	4.29
1987	4.096
1987	4.032
1987	3.952
1987	3.356
1987	3.01
1987	2.81
1987	2.638
1987	2.491
1987	2.266
1987	2.168
1987	1.877
1987	1.82
1987	1.56
1987	1.466
1987	1.46
1987	1.389
1987	1.334
1987	1.299
1987	1.242
1987	1.194
1987	1.08
1987	1.049
1987	0.923
1987	0.804
1987	0.735
1987	0.698
1987	0.573
1987	0.199
1987	0.165
1987	0.135
1987	0.106
1987	0.096
1987	0.07
1988	284372.292
1988	242648.766
1988	166283.594
1988	91523.796
1988	52076.125
1988	48270.987
1988	40955.934
1988	40789.772
1988	38267.417
1988	24946.548
1988	22782.968
1988	21109.051
1988	20730.254
1988	18208.993
1988	14870.585
1988	12056.438
1988	11863.711
1988	10593.049
1988	9093.594
1988	8235.715
1988	7786.69
1988	7316.879
1988	6898.209
1988	6479.909
1988	5562.644
1988	5452.197
1988	5375.312
1988	4785.295
1988	4587.433
1988	4180.125
1988	4051.488
1988	3624.141
1988	3300.275
1988	3084.61
1988	2584.755
1988	2367.476
1988	2156.141
1988	2121.691
1988	2028.032
1988	2025.025
1988	1986.703
1988	1894.99
1988	1776.054
1988	1689.964
1988	1458.381
1988	1401.188
1988	1310.512
1988	1265.676
1988	1257.651
1988	1186.64
1988	1088.121
1988	1005.161
1988	895.522
1988	797.02
1988	744.201
1988	724.959
1988	677.903
1988	663.647
1988	649.225
1988	627.872
1988	627.539
1988	459.885
1988	433.259
1988	430.309
1988	370.952
1988	370.624
1988	369.443
1988	364.773
1988	325.04
1988	315.338
1988	313.236
1988	312.414
1988	302.43
1988	275.731
1988	263.623
1988	256.132
1988	218.09
1988	217.747
1988	216.753
1988	208.287
1988	205.605
1988	193.711
1988	193.652
1988	187.661
1988	186.288
1988	183.814
1988	176.703
1988	173.573
1988	161.997
1988	161.405
1988	160.744
1988	150.971
1988	150.402
1988	148.697
1988	148.613
1988	131.17
1988	129.292
1988	117.394
1988	113.836
1988	100.741
1988	95.771
1988	95.26
1988	92.196
1988	91.645
1988	88.99
1988	81.868
1988	79.498
1988	78.853
1988	76.935
1988	69.232
1988	68.586
1988	65.594
1988	63.128
1988	56.791
1988	55.613
1988	50.782
1988	44.346
1988	37.899
1988	36.442
1988	36.413
1988	34.883
1988	33.597
1988	33.264
1988	33.042
1988	27.34
1988	27.288
1988	26.841
1988	25.132
1988	22.288
1988	22.158
1988	19.785
1988	16.753
1988	11.987
1988	11.782
1988	11.6
1988	11.483
1988	10.701
1988	7.712
1988	7.008
1988	6.949
1988	5.942
1988	5.814
1988	5.79
1988	5.39
1988	4.484
1988	4.395
1988	4.126
1988	4.002
1988	3.82
1988	3.592
1988	3.115
1988	3.011
1988	2.638
1988	2.548
1988	2.394
1988	2.325
1988	1.912
1988	1.753
1988	1.595
1988	1.495
1988	1.466
1988	1.424
1988	1.407
1988	1.313
1988	1.242
1988	1.238
1988	1.095
1988	1.049
1988	0.923
1988	0.817
1988	0.735
1988	0.681
1988	0.573
1988	0.199
1988	0.165
1988	0.135
1988	0.106
1988	0.096
1988	0.07
1989	281134.841
1989	247410.884
1989	158877.194
1989	89963.097
1989	51298.057
1989	47796.821
1989	41991.083
1989	41140.294
1989	40326.917
1989	25330.113
1989	22533.168
1989	21668.057
1989	21173.411
1989	20896.169
1989	14836.308
1989	11863.536
1989	11758.671
1989	10690.629
1989	9470.687
1989	8062.406
1989	7730.456
1989	7233.68
1989	7213.516
1989	6285.099
1989	5872.626
1989	5401.363
1989	5207.235
1989	4817.217
1989	4604.054
1989	4597.435
1989	3998.576
1989	3770.725
1989	3411.302
1989	3071.356
1989	2562.544
1989	2550.577
1989	2119.249
1989	2069.495
1989	2033.636
1989	2011.428
1989	1868.786
1989	1860.968
1989	1754.131
1989	1641.71
1989	1638.246
1989	1507.471
1989	1367.432
1989	1321.769
1989	1265.634
1989	1206.761
1989	1167.609
1989	1048.732
1989	917.487
1989	833.072
1989	707.426
1989	705.837
1989	685.102
1989	675.979
1989	675.247
1989	657.621
1989	616.695
1989	471.737
1989	442.264
1989	437.488
1989	377.22
1989	374.32
1989	373.297
1989	368.653
1989	349.36
1989	325.14
1989	323.885
1989	318.403
1989	313.625
1989	286.47
1989	278.386
1989	261.328
1989	226.302
1989	222.138
1989	219.879
1989	210.884
1989	209.516
1989	196.627
1989	194.096
1989	190.285
1989	187.564
1989	176.867
1989	175.163
1989	174.324
1989	170.979
1989	166.771
1989	163.224
1989	162.798
1989	159.097
1989	155.259
1989	151.067
1989	137.539
1989	134.005
1989	119.984
1989	113.962
1989	102.574
1989	97.956
1989	97.133
1989	94.986
1989	93.115
1989	91.881
1989	83.267
1989	81.25
1989	80.007
1989	78.398
1989	70.984
1989	68.892
1989	68.226
1989	63.695
1989	58.114
1989	55.431
1989	50.747
1989	44.868
1989	38.723
1989	38.471
1989	36.932
1989	35.758
1989	34.004
1989	33.964
1989	33.664
1989	27.541
1989	27.295
1989	27.047
1989	25.532
1989	22.426
1989	22.358
1989	19.824
1989	17.325
1989	12.33
1989	12.027
1989	11.999
1989	11.938
1989	10.841
1989	7.247
1989	7.082
1989	6.802
1989	6.199
1989	5.958
1989	5.709
1989	5.565
1989	4.522
1989	4.465
1989	4.176
1989	4.021
1989	4.018
1989	3.609
1989	3.235
1989	3.194
1989	2.638
1989	2.585
1989	2.548
1989	2.384
1989	1.978
1989	1.652
1989	1.595
1989	1.501
1989	1.495
1989	1.465
1989	1.417
1989	1.41
1989	1.326
1989	1.252
1989	1.238
1989	1.049
1989	0.888
1989	0.831
1989	0.7
1989	0.665
1989	0.573
1989	0.199
1989	0.172
1989	0.17
1989	0.106
1989	0.096
1989	0.07
1990	278206.09
1990	246851.242
1990	153044.948
1990	88707.446
1990	50560.737
1990	46900.965
1990	42826.376
1990	42323.598
1990	40447.211
1990	25711.368
1990	22290.745
1990	22271.772
1990	21935.193
1990	21560.14
1990	14801.961
1990	11768.071
1990	11519.05
1990	10795.057
1990	9319.428
1990	7890.825
1990	7660.253
1990	7560.567
1990	7148.243
1990	6367.099
1990	6213.662
1990	5427.52
1990	4900.124
1990	4847.278
1990	4739.218
1990	4443.033
1990	3959.375
1990	3712.228
1990	3412.355
1990	3058.2
1990	2729.62
1990	2519.701
1990	2120.28
1990	2116.818
1990	2092.885
1990	2079.276
1990	2035.944
1990	2019.287
1990	1793.503
1990	1745.953
1990	1594.087
1990	1556.036
1990	1369.143
1990	1366.616
1990	1348.629
1990	1240.952
1990	1225.621
1990	1058.217
1990	932.277
1990	867.227
1990	725.343
1990	722.2
1990	710.97
1990	707.187
1990	674.846
1990	652.459
1990	603.524
1990	485.363
1990	452.688
1990	439.973
1990	388.413
1990	385.922
1990	384.437
1990	376.434
1990	364.673
1990	336.77
1990	325.53
1990	322.823
1990	320.528
1990	297.475
1990	292.239
1990	264.787
1990	227.749
1990	226.801
1990	222.117
1990	216.19
1990	211.196
1990	199.882
1990	194.945
1990	194.143
1990	191.668
1990	190.587
1990	186.17
1990	182.273
1990	179.871
1990	172.549
1990	164.051
1990	163.704
1990	163.197
1990	160.631
1990	154.335
1990	145.822
1990	136.84
1990	122.765
1990	114.103
1990	102.988
1990	101.664
1990	99.203
1990	97.261
1990	95.521
1990	94.298
1990	84.666
1990	83.508
1990	80.144
1990	79.79
1990	73.186
1990	70.886
1990	69.128
1990	64.055
1990	59.661
1990	54.382
1990	50.852
1990	41.965
1990	40.669
1990	39.282
1990	37.534
1990	36.528
1990	35.933
1990	34.187
1990	33.882
1990	28.402
1990	27.75
1990	26.526
1990	25.714
1990	22.505
1990	22.349
1990	19.711
1990	19.557
1990	12.693
1990	12.51
1990	12.358
1990	12.272
1990	11.016
1990	7.618
1990	6.767
1990	6.479
1990	6.403
1990	6.022
1990	5.705
1990	5.476
1990	4.57
1990	4.522
1990	4.257
1990	4.242
1990	4.135
1990	3.432
1990	3.305
1990	3.253
1990	2.776
1990	2.603
1990	2.548
1990	2.444
1990	2.08
1990	1.597
1990	1.595
1990	1.585
1990	1.506
1990	1.501
1990	1.495
1990	1.417
1990	1.34
1990	1.283
1990	1.252
1990	1.049
1990	0.896
1990	0.844
1990	0.665
1990	0.613
1990	0.538
1990	0.199
1990	0.18
1990	0.17
1990	0.106
1990	0.096
1990	0.07
1991	275588.315
1991	233342.263
1991	154262.467
1991	83664.963
1991	49510.505
1991	46132.312
1991	43568.444
1991	43112.55
1991	39597.47
1991	26107.919
1991	23161.656
1991	22542.499
1991	22043.092
1991	21988.205
1991	14767.263
1991	11833.12
1991	11559.095
1991	10857.193
1991	7741.739
1991	7700.273
1991	7326.313
1991	7069.087
1991	6935.029
1991	6685.463
1991	6134.474
1991	6089.536
1991	5463.741
1991	4766.183
1991	4625.599
1991	4227.13
1991	3920.104
1991	3685.529
1991	3562.921
1991	3043.731
1991	2802.624
1991	2799.305
1991	2636.4
1991	2501.533
1991	2269.067
1991	2166.936
1991	2110.142
1991	2057.522
1991	1931.914
1991	1736.584
1991	1604.847
1991	1595.118
1991	1555.318
1991	1412.319
1991	1366.091
1991	1295.892
1991	1239.056
1991	974.059
1991	946.875
1991	890.154
1991	741.003
1991	733.074
1991	729.692
1991	711.909
1991	691.081
1991	617.662
1991	600.832
1991	499.539
1991	463.323
1991	443.491
1991	422.449
1991	416.103
1991	398.577
1991	394.916
1991	379.549
1991	348.569
1991	331.518
1991	330.325
1991	322.269
1991	309.054
1991	306.465
1991	268.613
1991	233.866
1991	224.214
1991	219.942
1991	213.674
1991	207.332
1991	201.092
1991	197.125
1991	197.123
1991	194.715
1991	189.388
1991	188.587
1991	182.989
1991	182.313
1991	169.663
1991	165.036
1991	164.077
1991	160.95
1991	160.168
1991	155.043
1991	154.061
1991	139.016
1991	124.48
1991	114.37
1991	111.293
1991	101.432
1991	99.424
1991	98.814
1991	97.392
1991	95.278
1991	86.066
1991	85.779
1991	81.112
1991	80.675
1991	75.615
1991	73.336
1991	68.385
1991	64.87
1991	61.229
1991	53.874
1991	50.9
1991	42.772
1991	41.262
1991	39.652
1991	38.108
1991	38.08
1991	37.015
1991	34.565
1991	34.246
1991	31.311
1991	29.797
1991	28.089
1991	25.791
1991	23.678
1991	22.776
1991	22.505
1991	19.951
1991	13.232
1991	12.778
1991	12.632
1991	12.517
1991	11.261
1991	7.842
1991	6.867
1991	6.689
1991	6.403
1991	5.945
1991	5.88
1991	5.359
1991	4.675
1991	4.528
1991	4.522
1991	4.391
1991	4.287
1991	3.41
1991	3.273
1991	3.251
1991	2.876
1991	2.603
1991	2.548
1991	2.503
1991	2.08
1991	1.63
1991	1.552
1991	1.542
1991	1.518
1991	1.506
1991	1.495
1991	1.421
1991	1.36
1991	1.283
1991	1.252
1991	1.049
1991	0.896
1991	0.858
1991	0.665
1991	0.597
1991	0.538
1991	0.49
1991	0.245
1991	0.199
1991	0.18
1991	0.17
1991	0.106
1991	0.096
1991	0.07
1991	0.07
1992	273331.983
1992	233873.857
1992	81033.447
1992	76314.395
1992	48721.569
1992	45461.306
1992	43655.382
1992	43097.473
1992	39330.006
1992	26504.224
1992	24363.926
1992	23490.045
1992	23315.842
1992	22196.666
1992	21910.954
1992	16282.102
1992	14680.48
1992	13426.12
1992	11585.484
1992	11244.087
1992	11035.432
1992	8229.133
1992	8021.414
1992	7674.97
1992	6986.54
1992	6739.58
1992	6410.763
1992	5882.745
1992	5610.79
1992	5477.424
1992	5260.915
1992	4758.949
1992	4370.668
1992	4192.113
1992	3966.784
1992	3658.402
1992	3627.853
1992	3582.991
1992	3063.714
1992	3011.356
1992	2900.758
1992	2787.926
1992	2746.705
1992	2618.591
1992	2433.27
1992	2428.005
1992	2280.391
1992	2131.892
1992	2101.85
1992	2079.1
1992	1832.509
1992	1726.796
1992	1691.946
1992	1660.754
1992	1653.377
1992	1528.48
1992	1497.304
1992	1470.93
1992	1378.283
1992	1353.02
1992	1237.756
1992	1082.909
1992	1038.452
1992	983.474
1992	968.315
1992	880.917
1992	764.423
1992	762.942
1992	751.304
1992	743.949
1992	680.207
1992	672.236
1992	614.342
1992	601.686
1992	516.27
1992	474.378
1992	473.104
1992	449.03
1992	446.975
1992	446.099
1992	409.722
1992	404.845
1992	403.632
1992	383.236
1992	360.578
1992	353.228
1992	340.144
1992	337.815
1992	325.355
1992	318.406
1992	315.037
1992	291.216
1992	238.803
1992	237.044
1992	233.012
1992	222.844
1992	216.498
1992	202.688
1992	202.588
1992	201.461
1992	197.413
1992	195.745
1992	195.257
1992	189.613
1992	184.6
1992	181.364
1992	173.319
1992	170.037
1992	166.256
1992	166.229
1992	162.493
1992	159.937
1992	155.652
1992	146.923
1992	141.326
1992	125.829
1992	119.738
1992	114.662
1992	104.41
1992	103.575
1992	100.222
1992	95.873
1992	90.355
1992	87.979
1992	87.43
1992	82.4
1992	80.998
1992	75.854
1992	75.685
1992	67.205
1992	63.877
1992	62.776
1992	59.198
1992	51.31
1992	45.028
1992	40.749
1992	39.715
1992	38.908
1992	37.816
1992	37.456
1992	34.933
1992	34.646
1992	31.849
1992	30.833
1992	28.659
1992	24.877
1992	23.185
1992	22.47
1992	20.398
1992	20.246
1992	13.841
1992	13.232
1992	13.161
1992	12.797
1992	11.541
1992	7.714
1992	6.881
1992	6.793
1992	6.576
1992	6.055
1992	5.834
1992	5.243
1992	4.78
1992	4.764
1992	4.56
1992	4.549
1992	4.287
1992	3.515
1992	3.443
1992	3.04
1992	2.967
1992	2.603
1992	2.562
1992	2.463
1992	2.08
1992	1.63
1992	1.587
1992	1.541
1992	1.495
1992	1.451
1992	1.421
1992	1.365
1992	1.346
1992	1.283
1992	1.238
1992	1.049
1992	1.025
1992	0.896
1992	0.858
1992	0.7
1992	0.58
1992	0.49
1992	0.245
1992	0.199
1992	0.18
1992	0.17
1992	0.106
1992	0.096
1992	0.07
1992	0.07
1993	274206.736
1993	235643.21
1993	76669.036
1993	74800.093
1993	47773.029
1993	44330.05
1993	44114.384
1993	43869.17
1993	38676.117
1993	26896.714
1993	25352.944
1993	23968.358
1993	23444.652
1993	22364.129
1993	21910.359
1993	15441.969
1993	14680.305
1993	11184.883
1993	11133.571
1993	11090.963
1993	10739.286
1993	8030.327
1993	7934.368
1993	7697.437
1993	6927.084
1993	6768.228
1993	6249.845
1993	5864.968
1993	5494.148
1993	5348.124
1993	4997.045
1993	4758.809
1993	4603.398
1993	4464.133
1993	3966.112
1993	3950.271
1993	3881.908
1993	3839.854
1993	3616.175
1993	3508.032
1993	2983.608
1993	2956.434
1993	2776.184
1993	2615.227
1993	2457.762
1993	2454.341
1993	2439.228
1993	2367.273
1993	2242.449
1993	2101.57
1993	2078.96
1993	1965.231
1993	1716.762
1993	1702.624
1993	1701.697
1993	1618.946
1993	1595.063
1993	1504.45
1993	1499.288
1993	1386.858
1993	1359.09
1993	1234.781
1993	1167.12
1993	1044.827
1993	1027.045
1993	904.907
1993	874.817
1993	824.486
1993	767.888
1993	754.858
1993	727.725
1993	704.851
1993	650.452
1993	607.32
1993	599.467
1993	541.216
1993	534.318
1993	486.943
1993	479.489
1993	454.468
1993	453.197
1993	418.799
1993	415.835
1993	408.079
1993	386.806
1993	380.858
1993	372.356
1993	346.915
1993	346.689
1993	325.32
1993	321.839
1993	319.141
1993	296.547
1993	255.272
1993	244.719
1993	237.184
1993	224.699
1993	219.169
1993	208.158
1993	204.789
1993	203.036
1993	202.101
1993	197.693
1993	193.219
1993	190.141
1993	189.823
1993	184.955
1993	180.432
1993	171.71
1993	171.02
1993	167.384
1993	167.368
1993	160.004
1993	154.925
1993	143.636
1993	138.733
1993	127.369
1993	124.969
1993	114.592
1993	108.013
1993	106.475
1993	101.237
1993	96.468
1993	90.495
1993	87.395
1993	82.898
1993	82.505
1993	80.998
1993	78.409
1993	74.664
1993	65.99
1993	64.393
1993	64.215
1993	59.568
1993	51.38
1993	46.116
1993	40.734
1993	40.025
1993	39.777
1993	39.608
1993	37.72
1993	36.698
1993	35.468
1993	34.681
1993	32.387
1993	32.332
1993	28.659
1993	24.088
1993	23.605
1993	22.47
1993	20.363
1993	19.344
1993	14.331
1993	13.687
1993	13.196
1993	13.077
1993	11.821
1993	7.612
1993	6.913
1993	6.863
1993	6.372
1993	6.23
1993	5.652
1993	5.126
1993	5
1993	4.92
1993	4.701
1993	4.56
1993	4.287
1993	3.62
1993	3.611
1993	3.067
1993	3.04
1993	2.622
1993	2.603
1993	2.463
1993	2.115
1993	1.665
1993	1.629
1993	1.541
1993	1.495
1993	1.421
1993	1.384
1993	1.359
1993	1.329
1993	1.283
1993	1.238
1993	1.113
1993	1.049
1993	0.946
1993	0.896
1993	0.7
1993	0.564
1993	0.49
1993	0.245
1993	0.199
1993	0.188
1993	0.135
1993	0.106
1993	0.096
1993	0.07
1993	0.07
1994	274936.074
1994	235600.275
1994	73150.775
1994	70513.671
1994	49990.425
1994	46824.593
1994	44870.662
1994	43486.479
1994	38020.581
1994	27829.909
1994	26405.017
1994	24563.289
1994	22699.204
1994	22368.696
1994	21883.727
1994	14680.27
1994	14059.063
1994	11231.745
1994	11099.547
1994	10954.125
1994	10356.202
1994	8758.672
1994	8037.942
1994	7724.12
1994	7578.854
1994	6871.739
1994	6827.03
1994	5552.924
1994	5526.753
1994	5334.368
1994	5036.152
1994	4758.634
1994	4538.601
1994	4057.908
1994	3966.476
1994	3965.511
1994	3910.498
1994	3844.74
1994	3654.984
1994	3546.82
1994	3007.545
1994	2956.405
1994	2764.934
1994	2505.972
1994	2504.628
1994	2350.434
1994	2340.569
1994	2336.911
1994	2118.969
1994	2101.255
1994	2078.89
1994	2066.006
1994	1749.877
1994	1734.86
1994	1708.708
1994	1706.554
1994	1655.673
1994	1603.926
1994	1571.768
1994	1358.74
1994	1299.355
1994	1231.211
1994	1178.525
1994	1071.089
1994	1007.293
1994	895.433
1994	868.822
1994	815.868
1994	773.313
1994	765.767
1994	751.63
1994	732.634
1994	646.022
1994	629.725
1994	602.346
1994	600.78
1994	550.107
1994	542.819
1994	499.158
1994	456.533
1994	435.965
1994	434.732
1994	427.035
1994	416.887
1994	416.572
1994	390.446
1994	384.005
1994	356.015
1994	353.062
1994	328.349
1994	325.145
1994	319.701
1994	300.176
1994	267.647
1994	247.528
1994	237.219
1994	226.75
1994	221.864
1994	213.868
1994	207.066
1994	206.99
1994	205.113
1994	204.436
1994	197.973
1994	190.337
1994	190.033
1994	185.535
1994	185.293
1994	179.653
1994	173.28
1994	168.934
1994	168.504
1994	158.52
1994	151.802
1994	146.086
1994	135.444
1994	128.991
1994	128.874
1994	114.557
1994	112.128
1994	108.645
1994	101.937
1994	97.623
1994	93.221
1994	87.36
1994	82.575
1994	80.998
1994	80.264
1994	77.961
1994	73.684
1994	65.94
1994	64.705
1994	63.992
1994	60.151
1994	51.38
1994	47.216
1994	40.699
1994	40.318
1994	39.84
1994	39.324
1994	38.406
1994	36.838
1994	35.572
1994	34.716
1994	33.408
1994	32.96
1994	28.624
1994	23.885
1994	23.63
1994	22.47
1994	20.328
1994	16.159
1994	14.852
1994	14.142
1994	13.357
1994	13.196
1994	11.961
1994	8.255
1994	6.968
1994	6.913
1994	6.405
1994	6.305
1994	5.541
1994	5.236
1994	5.025
1994	4.975
1994	4.873
1994	4.56
1994	4.287
1994	3.725
1994	3.611
1994	3.158
1994	3.04
1994	2.681
1994	2.603
1994	2.463
1994	2.115
1994	1.7
1994	1.629
1994	1.541
1994	1.495
1994	1.421
1994	1.393
1994	1.329
1994	1.318
1994	1.317
1994	1.238
1994	1.049
1994	0.912
1994	0.896
1994	0.759
1994	0.7
1994	0.564
1994	0.49
1994	0.245
1994	0.199
1994	0.195
1994	0.135
1994	0.106
1994	0.096
1994	0.07
1994	0.07
1995	275497.428
1995	244694.952
1995	71340.394
1995	65067.858
1995	47887.452
1995	46181.558
1995	45631.758
1995	43009.241
1995	37407.433
1995	28222.26
1995	27943.363
1995	25106.304
1995	23056.216
1995	21883.342
1995	21112.746
1995	14680.305
1995	12228.426
1995	11366.998
1995	11288.024
1995	9660.082
1995	9596.722
1995	9580.736
1995	8128.227
1995	8043.61
1995	7728.25
1995	6883.575
1995	6769.837
1995	5570.173
1995	5557.63
1995	5334.718
1995	5072.198
1995	4758.714
1995	4758.459
1995	4559.852
1995	4165.49
1995	4153.929
1995	4039.378
1995	3999.971
1995	3964.875
1995	3664.168
1995	3078.318
1995	2909.5
1995	2747.176
1995	2567.764
1995	2440.134
1995	2436.145
1995	2293.693
1995	2236.138
1995	2124.356
1995	2100.94
1995	2078.75
1995	1863.147
1995	1822.182
1995	1813.025
1995	1792.156
1995	1753.462
1995	1750.52
1995	1700.421
1995	1696.276
1995	1532.313
1995	1294.807
1995	1227.536
1995	1212.633
1995	1014.91
1995	1002.506
1995	943.357
1995	866.21
1995	784.793
1995	776.76
1995	776.676
1995	756.126
1995	676.561
1995	650.603
1995	628.556
1995	597.866
1995	595.986
1995	592.745
1995	565.51
1995	521.912
1995	463.714
1995	444.593
1995	437.045
1995	432.169
1995	424.295
1995	416.793
1995	395.505
1995	394.086
1995	364.03
1995	359.292
1995	335.314
1995	324.83
1995	320.261
1995	301.973
1995	271.581
1995	250.258
1995	237.359
1995	228.465
1995	224.314
1995	221.264
1995	216.314
1995	212.066
1995	209.448
1995	208.832
1995	198.527
1995	197.973
1995	193.444
1995	190.138
1995	189.655
1995	180.35
1995	170.882
1995	170.219
1995	169.386
1995	163.669
1995	148.991
1995	132.959
1995	131.499
1995	130.379
1995	115.824
1995	114.417
1995	110.955
1995	110.75
1995	102.462
1995	99.093
1995	96.052
1995	87.29
1995	82.54
1995	81.699
1995	80.998
1995	76.349
1995	72.663
1995	67.557
1995	64.33
1995	63.455
1995	60.864
1995	51.415
1995	48.199
1995	42.244
1995	41.23
1995	40.699
1995	39.138
1995	38.868
1995	37.228
1995	36.662
1995	35.957
1995	34.716
1995	33.498
1995	28.624
1995	24.406
1995	23.84
1995	22.47
1995	20.188
1995	15.859
1995	15.25
1995	14.597
1995	13.637
1995	13.298
1995	11.961
1995	10.662
1995	7.115
1995	7.073
1995	6.636
1995	6.27
1995	5.52
1995	5.499
1995	5.13
1995	4.893
1995	4.65
1995	4.56
1995	4.287
1995	3.83
1995	3.693
1995	3.276
1995	3.04
1995	2.74
1995	2.603
1995	2.463
1995	2.15
1995	1.735
1995	1.678
1995	1.541
1995	1.495
1995	1.421
1995	1.413
1995	1.318
1995	1.316
1995	1.25
1995	1.238
1995	1.049
1995	0.896
1995	0.885
1995	0.759
1995	0.7
1995	0.586
1995	0.564
1995	0.245
1995	0.203
1995	0.199
1995	0.135
1995	0.118
1995	0.106
1995	0.096
1995	0.07
1996	275900.058
1996	240796.242
1996	70321.654
1996	59388.568
1996	46103.406
1996	45845.277
1996	45450.139
1996	43625.69
1996	37085.645
1996	29775.264
1996	28710.742
1996	25980.74
1996	23484.223
1996	21883.062
1996	19829.424
1996	14680.2
1996	11404.472
1996	11292.375
1996	10384.516
1996	10274.115
1996	9634.778
1996	8586.853
1996	8582.82
1996	8050.328
1996	7692.328
1996	6905.256
1996	6633.533
1996	5601.28
1996	5334.998
1996	5290.615
1996	5059.595
1996	4676.144
1996	4642.943
1996	4502.088
1996	4480.348
1996	4177.848
1996	4016.279
1996	3964.238
1996	3863.481
1996	3706.396
1996	3223.633
1996	2832.273
1996	2741.255
1996	2694.763
1996	2676.45
1996	2509.27
1996	2490.711
1996	2219.494
1996	2146.665
1996	2100.555
1996	2078.575
1996	2041.327
1996	1845.992
1996	1791.876
1996	1780.403
1996	1760.121
1996	1709.353
1996	1701.27
1996	1685.787
1996	1559.711
1996	1304.221
1996	1224.241
1996	1125.736
1996	1054.231
1996	966.537
1996	943.754
1996	863.773
1996	801.365
1996	790.148
1996	787.585
1996	735.586
1996	628.436
1996	619.27
1996	595.671
1996	585.422
1996	582.735
1996	580.16
1996	545.034
1996	533.195
1996	465.709
1996	452.641
1996	443.87
1996	432.194
1996	431.598
1996	406.597
1996	398.538
1996	397.691
1996	370.645
1996	365.347
1996	342.699
1996	324.375
1996	320.611
1996	305.471
1996	270.987
1996	253.267
1996	237.324
1996	230.425
1996	227.589
1996	226.324
1996	225.889
1996	214.439
1996	211.934
1996	210.302
1996	204.442
1996	197.574
1996	197.483
1996	193.258
1996	190.243
1996	182.269
1996	175.443
1996	172.704
1996	163.237
1996	159.359
1996	152.316
1996	131.849
1996	118.839
1996	114.312
1996	114.029
1996	113.48
1996	112.972
1996	102.707
1996	100.384
1996	99.058
1996	87.395
1996	83.309
1996	82.54
1996	81.609
1996	80.998
1996	79.497
1996	71.683
1996	69.16
1996	65.618
1996	62.17
1996	61.595
1996	51.415
1996	49.042
1996	42.454
1996	41.79
1996	41.353
1996	40.034
1996	39.417
1996	38.524
1996	38.018
1996	36.027
1996	34.716
1996	34.054
1996	28.659
1996	24.826
1996	24.715
1996	22.627
1996	20.153
1996	15.755
1996	15.491
1996	15.087
1996	13.917
1996	13.333
1996	11.716
1996	11.121
1996	9.839
1996	7.283
1996	6.811
1996	6.168
1996	5.619
1996	5.583
1996	5.537
1996	5.346
1996	4.777
1996	4.56
1996	4.287
1996	3.95
1996	3.693
1996	3.276
1996	3.04
1996	2.603
1996	2.463
1996	2.156
1996	2.15
1996	2.147
1996	1.77
1996	1.678
1996	1.576
1996	1.495
1996	1.427
1996	1.386
1996	1.318
1996	1.238
1996	1.176
1996	1.049
1996	0.896
1996	0.871
1996	0.7
1996	0.671
1996	0.586
1996	0.547
1996	0.253
1996	0.245
1996	0.199
1996	0.135
1996	0.118
1996	0.106
1996	0.096
1996	0.07
1997	276182.807
1997	237278.245
1997	67392.588
1997	54431.065
1997	46274.11
1997	46032.584
1997	45006.067
1997	44881.385
1997	37199.37
1997	31608.716
1997	28869.85
1997	28198.708
1997	23932.837
1997	21882.747
1997	18238.582
1997	14680.025
1997	11451.376
1997	11167.136
1997	10594.372
1997	10070.62
1997	9918.087
1997	9632.908
1997	8141.972
1997	7965.698
1997	7612.302
1997	6930.681
1997	6497.194
1997	5634.17
1997	5335.138
1997	5145.091
1997	5038.252
1997	4935.087
1997	4603.518
1997	4558.484
1997	4293.125
1997	4291.547
1997	4040.641
1997	3963.497
1997	3726.864
1997	3601.2
1997	3247.164
1997	2944.709
1997	2773.958
1997	2749.589
1997	2741.08
1997	2513.524
1997	2506.75
1997	2258.068
1997	2206.028
1997	2158.023
1997	2100.135
1997	2078.19
1997	1998.817
1997	1893.962
1997	1853.512
1997	1784.78
1997	1752.063
1997	1675.124
1997	1655.863
1997	1622.413
1997	1257.281
1997	1232.567
1997	1125.981
1997	1080.115
1997	944.139
1997	927.349
1997	907.596
1997	825.515
1997	798.494
1997	794.733
1997	629.571
1997	595.526
1997	595.487
1997	594.724
1997	589.106
1997	582.829
1997	582.7
1997	558.637
1997	542.82
1997	467.669
1997	466.186
1997	449.75
1997	436.458
1997	431.949
1997	417.584
1997	401.226
1997	381.439
1997	376.14
1997	371.297
1997	350.504
1997	323.675
1997	320.926
1997	307.399
1997	271.205
1997	256.187
1997	239.963
1997	237.499
1997	232.28
1997	230.664
1997	227.219
1997	217.013
1997	216.378
1997	211.597
1997	208.572
1997	203.345
1997	201.24
1997	200.915
1997	197.343
1997	190.943
1997	175.714
1997	171.115
1997	162.122
1997	157.026
1997	152.742
1997	133.424
1997	121.948
1997	116.111
1997	115.128
1997	114.137
1997	107.023
1997	102.742
1997	102.239
1997	102.2
1997	87.395
1997	86.565
1997	85.094
1997	82.698
1997	82.54
1997	80.963
1997	70.627
1997	70.525
1997	66.922
1997	62.327
1997	60.85
1997	57.931
1997	52.352
1997	49.815
1997	43.25
1997	42.629
1997	42.446
1997	41.116
1997	40.953
1997	38.316
1997	35.852
1997	34.716
1997	34.61
1997	28.659
1997	26.561
1997	26.15
1997	22.627
1997	20.118
1997	16.302
1997	15.628
1997	15.612
1997	14.162
1997	13.333
1997	11.261
1997	10.902
1997	10.473
1997	7.493
1997	6.986
1997	6.066
1997	5.668
1997	5.63
1997	5.526
1997	4.753
1997	4.56
1997	4.287
1997	4.055
1997	3.743
1997	3.693
1997	3.287
1997	3.04
1997	2.603
1997	2.463
1997	2.187
1997	2.156
1997	2.15
1997	1.77
1997	1.678
1997	1.576
1997	1.495
1997	1.44
1997	1.386
1997	1.37
1997	1.353
1997	1.238
1997	1.049
1997	0.861
1997	0.858
1997	0.7
1997	0.626
1997	0.586
1997	0.547
1997	0.253
1997	0.245
1997	0.199
1997	0.135
1997	0.118
1997	0.106
1997	0.096
1997	0.07
1998	277805.942
1998	234914.642
1998	65657.338
1998	50932.028
1998	46728.804
1998	46641.287
1998	46491.074
1998	44528.961
1998	36868.03
1998	33441.908
1998	29068.211
1998	29019.148
1998	24428.031
1998	21882.397
1998	16919.933
1998	14679.92
1998	11527.781
1998	11465.506
1998	10903.271
1998	10669.167
1998	9631.108
1998	8091.741
1998	7530.683
1998	7335.324
1998	6950.892
1998	6360.82
1998	5644.378
1998	5481.777
1998	5335.558
1998	5087.403
1998	4740.719
1998	4734.73
1998	4564.095
1998	4450.629
1998	4400.355
1998	4169.89
1998	4124.095
1998	3962.756
1998	3710.776
1998	3371.082
1998	3261.444
1998	2958.732
1998	2757.713
1998	2740.879
1998	2666.835
1998	2494.165
1998	2342.633
1998	2232.027
1998	2171.015
1998	2099.68
1998	2078.05
1998	2042.347
1998	2036.062
1998	1935.699
1998	1893.437
1998	1855.352
1998	1789.955
1998	1694.783
1998	1664.39
1998	1564.402
1998	1257.7
1998	1240.022
1998	1126.191
1998	1114.741
1998	944.349
1998	908.611
1998	888.126
1998	849.385
1998	809.403
1998	803.658
1998	768.281
1998	682.966
1998	632.195
1998	608.304
1998	595.207
1998	582.829
1998	582.63
1998	551.885
1998	551.844
1998	471.77
1998	469.594
1998	455.42
1998	441.319
1998	430.435
1998	428.229
1998	404.796
1998	381.355
1998	377.352
1998	364.864
1998	358.694
1998	322.8
1998	321.311
1998	309.261
1998	272.646
1998	258.811
1998	251.788
1998	237.674
1998	235.039
1998	234.065
1998	227.989
1998	221.453
1998	221.329
1998	212.752
1998	212.037
1998	207.755
1998	204.48
1998	201.895
1998	197.483
1998	191.608
1998	179.074
1998	174.489
1998	169.073
1998	167.715
1998	156.203
1998	134.894
1998	123.978
1998	118.812
1998	114.032
1998	112.522
1998	105.7
1998	103.705
1998	102.847
1998	102.659
1998	96.013
1998	88.759
1998	86.949
1998	83.03
1998	82.715
1998	80.928
1998	72.303
1998	69.612
1998	68.299
1998	63.288
1998	59.53
1998	57.403
1998	52.352
1998	50.531
1998	44.754
1998	43.145
1998	43.062
1998	42.839
1998	42.201
1998	38.351
1998	35.817
1998	35.207
1998	34.681
1998	28.659
1998	27.865
1998	27.117
1998	22.627
1998	20.083
1998	16.137
1998	15.694
1998	15.628
1998	14.232
1998	13.368
1998	11.086
1998	10.818
1998	10.806
1998	7.773
1998	7.183
1998	6.167
1998	6.063
1998	5.89
1998	5.742
1998	5.709
1998	5.161
1998	4.56
1998	4.252
1998	4.16
1998	3.814
1998	3.287
1998	3.005
1998	2.603
1998	2.463
1998	2.384
1998	2.156
1998	2.15
1998	1.84
1998	1.678
1998	1.576
1998	1.495
1998	1.432
1998	1.419
1998	1.396
1998	1.353
1998	1.238
1998	1.049
1998	0.861
1998	0.838
1998	0.7
1998	0.586
1998	0.582
1998	0.547
1998	0.253
1998	0.245
1998	0.199
1998	0.135
1998	0.118
1998	0.106
1998	0.096
1998	0.07
1999	279399.55
1999	234908.027
1999	64015.76
1999	49269.463
1999	46807.281
1999	46564.754
1999	46381.479
1999	44026.178
1999	36580.227
1999	35271.382
1999	29746.337
1999	29016.383
1999	24923.432
1999	21882.257
1999	15767.428
1999	14679.85
1999	12026.41
1999	11532.689
1999	10836.89
1999	10654.275
1999	9630.968
1999	8035.618
1999	7366.391
1999	6956.05
1999	6794.558
1999	6238.448
1999	6209.72
1999	5336.013
1999	5329.883
1999	5156.945
1999	4686.245
1999	4541.958
1999	4524.671
1999	4365.846
1999	4301.737
1999	4130.236
1999	3967.347
1999	3962.014
1999	3796.159
1999	3281.149
1999	3129.855
1999	2958.837
1999	2762.638
1999	2741.365
1999	2591.378
1999	2433.509
1999	2336.642
1999	2210.85
1999	2117.564
1999	2113.373
1999	2099.225
1999	2077.945
1999	2024.547
1999	2013.4
1999	1902.292
1999	1892.667
1999	1794.612
1999	1777.994
1999	1653.762
1999	1492.521
1999	1263.878
1999	1246.807
1999	1236.592
1999	1130.076
1999	944.559
1999	909.521
1999	873.36
1999	851.019
1999	833.614
1999	811.433
1999	806.003
1999	685.948
1999	634.169
1999	622.114
1999	594.717
1999	582.794
1999	582.63
1999	560.635
1999	558.768
1999	480.517
1999	471.519
1999	461.37
1999	445.424
1999	439.393
1999	429.299
1999	386.605
1999	383.652
1999	367.234
1999	348.219
1999	321.906
1999	321.68
1999	310.764
1999	272.107
1999	263.816
1999	263.612
1999	261.089
1999	240.71
1999	239.484
1999	237.674
1999	235.745
1999	229.358
1999	226.633
1999	222.274
1999	213.557
1999	212.602
1999	202.84
1999	197.063
1999	191.748
1999	182.749
1999	178.62
1999	175.367
1999	167.561
1999	136.224
1999	129.857
1999	125.922
1999	121.799
1999	113.892
1999	109.593
1999	108.981
1999	105.391
1999	104.685
1999	103.547
1999	98.296
1999	93.202
1999	90.124
1999	88.559
1999	82.855
1999	80.928
1999	73.843
1999	69.685
1999	68.556
1999	62.477
1999	58.21
1999	57.454
1999	56.679
1999	52.352
1999	51.269
1999	46.469
1999	43.517
1999	43.321
1999	43.014
1999	38.623
1999	35.817
1999	35.681
1999	34.646
1999	29.545
1999	28.659
1999	27.607
1999	22.592
1999	20.048
1999	18.819
1999	16.662
1999	15.742
1999	14.512
1999	13.403
1999	11.156
1999	10.783
1999	10.456
1999	8.018
1999	7.323
1999	7.181
1999	6.972
1999	6.285
1999	6.189
1999	5.957
1999	5.74
1999	5.487
1999	4.56
1999	4.252
1999	4.23
1999	3.936
1999	3.322
1999	3.005
1999	2.603
1999	2.483
1999	2.463
1999	2.222
1999	2.15
1999	1.875
1999	1.678
1999	1.611
1999	1.533
1999	1.495
1999	1.398
1999	1.39
1999	1.353
1999	1.238
1999	1.049
1999	0.861
1999	0.824
1999	0.7
1999	0.636
1999	0.586
1999	0.547
1999	0.253
1999	0.21
1999	0.199
1999	0.135
1999	0.118
1999	0.106
1999	0.096
1999	0.07
2000	280999.1
2000	221549.797
2000	62380.219
2000	56629.082
2000	47012.835
2000	46816.855
2000	43950.39
2000	42884.774
2000	37096.704
2000	36313.487
2000	30273.462
2000	29010.783
2000	25349.029
2000	21882.047
2000	14679.885
2000	14519.901
2000	12408.208
2000	11535.063
2000	10941.227
2000	10483.22
2000	9630.828
2000	8045.286
2000	7562.096
2000	6967.482
2000	6641.727
2000	6337.531
2000	6171.949
2000	5336.433
2000	5284.87
2000	5170.34
2000	4982.256
2000	4559.353
2000	4536.124
2000	4485.344
2000	4362.207
2000	3960.288
2000	3851.216
2000	3769.125
2000	3713.999
2000	3360.355
2000	3302.849
2000	3004.064
2000	2958.207
2000	2715.777
2000	2590.755
2000	2452.259
2000	2311.431
2000	2239.093
2000	2140.463
2000	2116.97
2000	2098.7
2000	2077.595
2000	2027.802
2000	1952.651
2000	1923.475
2000	1892.037
2000	1775.28
2000	1643.343
2000	1609.174
2000	1456.836
2000	1456.825
2000	1266.38
2000	1252.161
2000	1130.146
2000	950.989
2000	944.734
2000	899.995
2000	864.976
2000	838.645
2000	802.958
2000	770.538
2000	675.033
2000	635.573
2000	633.739
2000	595.067
2000	582.759
2000	577.819
2000	569.35
2000	556.155
2000	480.727
2000	473.444
2000	467.565
2000	460.194
2000	450.143
2000	428.581
2000	392.135
2000	390.477
2000	376.054
2000	331.75
2000	325.215
2000	322.326
2000	311.645
2000	275.547
2000	272.506
2000	263.816
2000	260.634
2000	253.64
2000	243.999
2000	241.146
2000	237.709
2000	237.355
2000	229.433
2000	223.429
2000	217.887
2000	213.907
2000	211.352
2000	196.713
2000	191.818
2000	189.321
2000	186.545
2000	179.325
2000	173.556
2000	140.222
2000	137.414
2000	130.678
2000	127.903
2000	126.232
2000	113.752
2000	113.089
2000	112.271
2000	106.12
2000	105.052
2000	101.261
2000	97.896
2000	91.488
2000	90.453
2000	82.995
2000	80.928
2000	80.618
2000	75.432
2000	70.875
2000	67.536
2000	61.719
2000	57.672
2000	57.216
2000	56.288
2000	52.352
2000	52.074
2000	48.208
2000	44.336
2000	43.902
2000	43.154
2000	39.202
2000	36.155
2000	35.887
2000	34.576
2000	30.91
2000	28.694
2000	28.132
2000	22.592
2000	20.013
2000	19.204
2000	17.152
2000	15.739
2000	14.757
2000	13.988
2000	13.403
2000	10.386
2000	8.228
2000	8.214
2000	7.751
2000	7.562
2000	6.972
2000	6.574
2000	6.552
2000	6.173
2000	5.787
2000	5.639
2000	4.56
2000	4.335
2000	4.252
2000	4.078
2000	3.322
2000	2.974
2000	2.603
2000	2.582
2000	2.463
2000	2.222
2000	2.185
2000	1.98
2000	1.711
2000	1.611
2000	1.564
2000	1.495
2000	1.419
2000	1.388
2000	1.378
2000	1.238
2000	1.049
2000	0.861
2000	0.804
2000	0.768
2000	0.735
2000	0.551
2000	0.547
2000	0.253
2000	0.21
2000	0.199
2000	0.135
2000	0.118
2000	0.106
2000	0.096
2000	0.07
2001	282738.381
2001	221584.289
2001	60744.882
2001	51968.542
2001	47085.187
2001	47039.331
2001	42883.514
2001	41087.163
2001	38935.921
2001	36048.699
2001	30450.663
2001	29004.343
2001	25933.02
2001	21881.697
2001	16563.743
2001	14679.85
2001	12441.965
2001	11542.31
2001	10780.771
2001	10482.975
2001	9630.653
2001	8591.829
2001	7560.714
2001	6964.052
2001	6880.453
2001	6164.921
2001	5869.521
2001	5336.783
2001	5249.502
2001	5239.748
2001	4891.793
2001	4554.407
2001	4528.838
2001	4445.954
2001	4351.311
2001	3962.791
2001	3851.187
2001	3767.405
2001	3614.294
2001	3374.064
2001	3316.884
2001	2958.382
2001	2940.598
2001	2800.324
2001	2590.545
2001	2468.659
2001	2282.815
2001	2195.523
2001	2167.52
2001	2098.175
2001	2077.35
2001	2030.567
2001	1962.604
2001	1947.969
2001	1934.843
2001	1891.162
2001	1639.843
2001	1633.205
2001	1559.966
2001	1506.418
2001	1443.588
2001	1302.625
2001	1263.606
2001	1130.216
2001	982.465
2001	944.909
2001	927.225
2001	852.4
2001	838.883
2001	815.453
2001	768.747
2001	652.262
2001	635.785
2001	630.315
2001	594.472
2001	582.724
2001	581.116
2001	578.03
2001	555.727
2001	480.482
2001	475.545
2001	475.369
2001	462.119
2001	451.249
2001	428.777
2001	397.897
2001	397.42
2001	385.189
2001	328.575
2001	322.711
2001	315.688
2001	311.645
2001	287.31
2001	274.957
2001	263.816
2001	260.179
2001	248.549
2001	248.002
2001	246.805
2001	238.825
2001	237.779
2001	233.737
2001	224.479
2001	223.662
2001	214.047
2001	212.682
2001	204.163
2001	196.293
2001	191.538
2001	189.87
2001	185.908
2001	185.189
2001	139.886
2001	138.499
2001	129.94
2001	128.927
2001	126.545
2001	118.547
2001	115.736
2001	113.612
2001	107.52
2001	107.397
2001	104.855
2001	98.5
2001	92.763
2001	92.747
2001	84.105
2001	83.03
2001	80.893
2001	77.042
2001	71.96
2001	66.485
2001	60.943
2001	58.137
2001	57.602
2001	57.047
2001	52.949
2001	52.352
2001	49.928
2001	45.211
2001	44.182
2001	43.294
2001	40.007
2001	36.665
2001	35.922
2001	34.541
2001	31.89
2001	28.694
2001	28.692
2001	22.592
2001	19.978
2001	19.336
2001	17.677
2001	15.7
2001	15.037
2001	14.058
2001	13.438
2001	10.631
2001	8.559
2001	8.438
2001	8.4
2001	7.737
2001	7.042
2001	6.972
2001	6.796
2001	6.429
2001	5.814
2001	5.787
2001	4.56
2001	4.44
2001	4.252
2001	4.078
2001	3.322
2001	2.974
2001	2.568
2001	2.547
2001	2.463
2001	2.222
2001	2.185
2001	2.085
2001	1.711
2001	1.646
2001	1.586
2001	1.495
2001	1.421
2001	1.388
2001	1.358
2001	1.238
2001	1.049
2001	0.861
2001	0.857
2001	0.79
2001	0.735
2001	0.551
2001	0.547
2001	0.253
2001	0.21
2001	0.199
2001	0.135
2001	0.118
2001	0.106
2001	0.096
2001	0.07
2002	284441.362
2002	221578.444
2002	60608.729
2002	55653.392
2002	48888.203
2002	47256.485
2002	42882.429
2002	40773.948
2002	38146.382
2002	36078.715
2002	31102.952
2002	29000.633
2002	26462.186
2002	21881.557
2002	16135.943
2002	14679.85
2002	12453.48
2002	11542.508
2002	10857.797
2002	10482.835
2002	9630.478
2002	9009.854
2002	7560.23
2002	6993.289
2002	6961.847
2002	6042.393
2002	5337.53
2002	5337.133
2002	5258.863
2002	5148.499
2002	4874.101
2002	4811.782
2002	4519.592
2002	4406.532
2002	4345.846
2002	3955.64
2002	3850.841
2002	3738.524
2002	3634.921
2002	3373.504
2002	3333.999
2002	2958.207
2002	2880.77
2002	2818.142
2002	2590.335
2002	2474.853
2002	2194.39
2002	2169.23
2002	2097.615
2002	2077.245
2002	2035.603
2002	2030.777
2002	1947.373
2002	1903.32
2002	1890.252
2002	1858.603
2002	1636.849
2002	1631.031
2002	1513.399
2002	1447.813
2002	1372.476
2002	1310.171
2002	1272.986
2002	1130.216
2002	987.593
2002	954.98
2002	945.119
2002	930.942
2002	853.37
2002	838.743
2002	818.568
2002	668.907
2002	667.263
2002	628.935
2002	595.901
2002	593.632
2002	587.9
2002	582.654
2002	581.081
2002	484.68
2002	479.887
2002	477.259
2002	463.904
2002	451.767
2002	428.628
2002	405.807
2002	403.16
2002	396.214
2002	331.76
2002	323.201
2002	311.575
2002	290.39
2002	281.918
2002	274.397
2002	264.276
2002	263.816
2002	256.588
2002	253.379
2002	248.345
2002	240.12
2002	237.814
2002	237.517
2002	230.058
2002	225.914
2002	214.047
2002	213.942
2002	209.146
2002	195.873
2002	192.985
2002	192.141
2002	191.678
2002	188.616
2002	149.283
2002	139.843
2002	139.129
2002	131.76
2002	131.587
2002	125.549
2002	122.268
2002	119.096
2002	113.437
2002	110.442
2002	108.57
2002	98.465
2002	95.143
2002	93.426
2002	84.07
2002	83.065
2002	80.893
2002	78.652
2002	73.115
2002	65.429
2002	59.998
2002	59.514
2002	57.497
2002	56.837
2002	53.929
2002	52.317
2002	51.783
2002	46.086
2002	44.392
2002	43.364
2002	41.022
2002	37.617
2002	35.992
2002	34.506
2002	32.52
2002	29.217
2002	28.694
2002	22.592
2002	20.013
2002	19.266
2002	18.202
2002	15.696
2002	15.247
2002	14.128
2002	13.473
2002	11.156
2002	8.613
2002	8.524
2002	8.365
2002	7.947
2002	7.602
2002	7.235
2002	6.972
2002	6.534
2002	6.256
2002	5.787
2002	4.56
2002	4.51
2002	4.252
2002	4.078
2002	3.322
2002	2.979
2002	2.568
2002	2.547
2002	2.463
2002	2.225
2002	2.222
2002	2.22
2002	1.676
2002	1.646
2002	1.586
2002	1.46
2002	1.458
2002	1.388
2002	1.338
2002	1.238
2002	1.049
2002	0.861
2002	0.77
2002	0.768
2002	0.735
2002	0.551
2002	0.547
2002	0.253
2002	0.21
2002	0.199
2002	0.135
2002	0.118
2002	0.106
2002	0.096
2002	0.07
2003	284444.357
2003	221573.369
2003	60575.427
2003	58955.908
2003	49084.775
2003	47705.684
2003	46073.71
2003	42881.659
2003	36069.911
2003	34750.994
2003	31971.069
2003	28992.653
2003	26349.486
2003	21881.417
2003	15572.048
2003	14679.885
2003	12468.53
2003	11542.368
2003	10872.45
2003	10482.66
2003	9630.233
2003	9017.347
2003	7559.297
2003	7098.049
2003	6957.717
2003	6042.253
2003	5337.448
2003	5275.189
2003	5148.429
2003	5069.517
2003	5062.86
2003	4702.592
2003	4509.886
2003	4367.142
2003	4340.402
2003	3955.64
2003	3850.153
2003	3731.247
2003	3605.967
2003	3373.189
2003	3360.494
2003	2958.242
2003	2819.883
2003	2817.281
2003	2590.125
2003	2450.003
2003	2193.808
2003	2168.445
2003	2097.055
2003	2085.34
2003	2077.07
2003	2031.057
2003	1947.005
2003	1899.836
2003	1889.237
2003	1870.271
2003	1636.429
2003	1629.151
2003	1508.355
2003	1467.86
2003	1379.02
2003	1312.271
2003	1280.441
2003	1130.041
2003	990.84
2003	983.4
2003	945.259
2003	931.969
2003	852.46
2003	838.638
2003	822.873
2003	676.398
2003	661.923
2003	628.559
2003	598.085
2003	595.884
2003	592.722
2003	582.619
2003	581.046
2003	494.935
2003	478.942
2003	478.694
2003	465.619
2003	451.697
2003	428.488
2003	414.207
2003	408.725
2003	407.939
2003	334.84
2003	323.621
2003	311.575
2003	307.1
2003	292.931
2003	290.39
2003	263.891
2003	263.816
2003	258.034
2003	255.826
2003	250.69
2003	241.38
2003	241.227
2003	237.849
2003	236.778
2003	227.489
2003	215.482
2003	213.662
2003	212.879
2003	196.153
2003	196.065
2003	193.646
2003	191.818
2003	184.89
2003	149.029
2003	139.817
2003	139.654
2003	135.425
2003	134.422
2003	133.615
2003	124.998
2003	122.596
2003	114.117
2003	113.262
2003	109.515
2003	98.503
2003	98.5
2003	93.286
2003	84.035
2003	83.1
2003	80.893
2003	80.262
2003	74.2
2003	63.323
2003	60.055
2003	58.593
2003	57.427
2003	56.522
2003	54.909
2003	53.708
2003	52.317
2003	46.856
2003	44.532
2003	43.434
2003	42.247
2003	37.69
2003	36.027
2003	34.436
2003	33.01
2003	29.812
2003	28.729
2003	22.557
2003	19.943
2003	19.196
2003	18.692
2003	15.709
2003	15.527
2003	14.198
2003	13.473
2003	11.821
2003	8.753
2003	8.524
2003	8.365
2003	8.197
2003	8.122
2003	7.235
2003	6.972
2003	6.674
2003	6.606
2003	5.787
2003	4.615
2003	4.56
2003	4.252
2003	4.078
2003	3.322
2003	2.979
2003	2.568
2003	2.547
2003	2.463
2003	2.365
2003	2.222
2003	2.22
2003	1.681
2003	1.676
2003	1.586
2003	1.46
2003	1.423
2003	1.388
2003	1.324
2003	1.238
2003	1.049
2003	0.861
2003	0.77
2003	0.768
2003	0.756
2003	0.551
2003	0.547
2003	0.253
2003	0.21
2003	0.199
2003	0.135
2003	0.118
2003	0.106
2003	0.096
2003	0.07
2004	273490.574
2004	216621.305
2004	63883.777
2004	57671.15
2004	48825.76
2004	48325.701
2004	47659.156
2004	41321.329
2004	36168.064
2004	33244.04
2004	31893.19
2004	28610.566
2004	27687.099
2004	22134.038
2004	15068.59
2004	14685.546
2004	12412.849
2004	11954.357
2004	11782.616
2004	10534.115
2004	8876.674
2004	8747.404
2004	7437.987
2004	7278.703
2004	6152.204
2004	5695.069
2004	5611.243
2004	5553.735
2004	5338.138
2004	5304.683
2004	4846.162
2004	4609.197
2004	4476.335
2004	4356.613
2004	4313.561
2004	3896.926
2004	3759.709
2004	3565.498
2004	3553.884
2004	3499.066
2004	3372.122
2004	2951.727
2004	2774.029
2004	2622.132
2004	2522.352
2004	2492.317
2004	2181.775
2004	2143.785
2004	2079.111
2004	2055.984
2004	2041.149
2004	2032.654
2004	1994.006
2004	1904.529
2004	1647.341
2004	1631.617
2004	1548.931
2004	1546.14
2004	1466.672
2004	1451.318
2004	1389.847
2004	1349.468
2004	1286.368
2004	1127.907
2004	1013.402
2004	960.332
2004	942.557
2004	840.721
2004	830.796
2004	824.689
2004	685.693
2004	659.346
2004	647.532
2004	637.045
2004	631.321
2004	623.708
2004	608.725
2004	591.707
2004	538.939
2004	533.16
2004	506.03
2004	480.024
2004	477.962
2004	452.551
2004	449.614
2004	425.695
2004	422.961
2004	420.828
2004	414.185
2004	342.424
2004	313.898
2004	311.365
2004	291.13
2004	287.87
2004	272.801
2004	269.409
2004	263.816
2004	259.798
2004	252.059
2004	246.669
2004	244.553
2004	242.815
2004	241.4
2004	237.744
2004	217.11
2004	213.467
2004	199.215
2004	195.996
2004	192.844
2004	186.084
2004	173.455
2004	141.031
2004	140.109
2004	139.016
2004	136.766
2004	136.457
2004	135.78
2004	127.496
2004	126.166
2004	120.309
2004	118.038
2004	112.432
2004	110.897
2004	103.862
2004	101.478
2004	93.973
2004	83.1
2004	82.082
2004	80.893
2004	80.854
2004	75.11
2004	65.25
2004	63.323
2004	56.722
2004	56.191
2004	56.133
2004	56.03
2004	55.588
2004	52.317
2004	48.051
2004	44.723
2004	43.524
2004	43.493
2004	37.763
2004	36.097
2004	34.366
2004	33.535
2004	30.372
2004	24.383
2004	22.557
2004	19.768
2004	19.234
2004	16.856
2004	15.807
2004	14.198
2004	13.508
2004	12.486
2004	10.42
2004	8.893
2004	8.865
2004	8.297
2004	7.193
2004	7.019
2004	6.922
2004	6.766
2004	6.606
2004	6.004
2004	4.72
2004	4.56
2004	4.252
2004	3.503
2004	2.98
2004	2.568
2004	2.547
2004	2.505
2004	2.463
2004	2.4
2004	2.255
2004	1.875
2004	1.681
2004	1.676
2004	1.46
2004	1.44
2004	1.388
2004	1.37
2004	1.244
2004	1.238
2004	1.084
2004	0.946
2004	0.861
2004	0.77
2004	0.736
2004	0.68
2004	0.551
2004	0.512
2004	0.253
2004	0.21
2004	0.199
2004	0.135
2004	0.118
2004	0.106
2004	0.096
2004	0.07
2005	271082.196
2005	214897.383
2005	74181.361
2005	56210.291
2005	54705.136
2005	50723.388
2005	47078.693
2005	40589.695
2005	36174.831
2005	32265.016
2005	31807.404
2005	28583.054
2005	27969.072
2005	22056.508
2005	15046.37
2005	14632.412
2005	12360.465
2005	11948.786
2005	10792.802
2005	10495.712
2005	9998.257
2005	8938.114
2005	7456.773
2005	7455.285
2005	6132.933
2005	5922.777
2005	5695.875
2005	5601.041
2005	5478.52
2005	5324.032
2005	4737.844
2005	4515.435
2005	4497.499
2005	4334.871
2005	4296.196
2005	3909.812
2005	3856.15
2005	3588.73
2005	3531.19
2005	3481.661
2005	3415.406
2005	2940.829
2005	2777.148
2005	2553.728
2005	2526.561
2005	2231.605
2005	2118.815
2005	2080.141
2005	2078.726
2005	2034.493
2005	2032.768
2005	1911.804
2005	1894.904
2005	1828.132
2005	1659.957
2005	1658.666
2005	1632.984
2005	1547.741
2005	1491.934
2005	1412.024
2005	1371.887
2005	1337.775
2005	1290.955
2005	1120.046
2005	1043.734
2005	994.37
2005	955.868
2005	840.581
2005	825.213
2005	819.054
2005	741.102
2005	696.067
2005	670.282
2005	635.022
2005	632.279
2005	631.285
2005	619.925
2005	590.762
2005	567.954
2005	526.709
2005	516.635
2005	481.144
2005	477.087
2005	460.573
2005	455.656
2005	433.953
2005	431.997
2005	425.294
2005	419.505
2005	327.317
2005	312.629
2005	301.061
2005	291.305
2005	287.097
2005	279.349
2005	277.269
2005	263.816
2005	259.031
2005	253.683
2005	251.691
2005	251.132
2005	250.245
2005	244.32
2005	235.235
2005	219.063
2005	213.327
2005	202.575
2005	197.133
2005	196.002
2005	186.556
2005	147.797
2005	145.363
2005	144.504
2005	140.569
2005	140.564
2005	138.057
2005	136.075
2005	130.445
2005	130.156
2005	128.19
2005	122.029
2005	112.578
2005	111.854
2005	103.557
2005	99.437
2005	93.833
2005	83.762
2005	83.1
2005	80.335
2005	79.803
2005	76.37
2005	67.86
2005	64.2
2005	57.592
2005	56.883
2005	56.576
2005	55.873
2005	55.411
2005	52.317
2005	49.149
2005	44.969
2005	44.951
2005	43.599
2005	37.835
2005	36.132
2005	34.261
2005	34.2
2005	31.083
2005	22.557
2005	22.432
2005	19.733
2005	19.721
2005	16.955
2005	16.087
2005	14.198
2005	13.508
2005	13.046
2005	10.432
2005	9.444
2005	9.068
2005	8.472
2005	7.26
2005	6.88
2005	6.641
2005	6.629
2005	6.333
2005	5.995
2005	4.825
2005	4.56
2005	4.252
2005	3.423
2005	2.98
2005	2.61
2005	2.568
2005	2.547
2005	2.463
2005	2.255
2005	2.254
2005	1.857
2005	1.716
2005	1.676
2005	1.481
2005	1.46
2005	1.416
2005	1.404
2005	1.388
2005	1.238
2005	1.095
2005	1.084
2005	0.861
2005	0.805
2005	0.709
2005	0.551
2005	0.547
2005	0.512
2005	0.245
2005	0.221
2005	0.199
2005	0.135
2005	0.118
2005	0.106
2005	0.096
2005	0.07
2006	268697.263
2006	214412.625
2006	84461.742
2006	57526.306
2006	54724.471
2006	52565.279
2006	46813.445
2006	41524.759
2006	36105.711
2006	32731.588
2006	30683.149
2006	28532.093
2006	28339.313
2006	22380.177
2006	14860.127
2006	14437.919
2006	12330.48
2006	12110.418
2006	10779.547
2006	10386.262
2006	10354.703
2006	9233.243
2006	7632.537
2006	7497.221
2006	6127.432
2006	5994.906
2006	5678.507
2006	5538.956
2006	5496.921
2006	5358.385
2006	4677.914
2006	4485.38
2006	4449.854
2006	4442.74
2006	4323.882
2006	3906.44
2006	3832.243
2006	3599.691
2006	3563.217
2006	3470.009
2006	3456.669
2006	2918.466
2006	2751.448
2006	2680.821
2006	2546.901
2006	2278.935
2006	2112.431
2006	2093.032
2006	2078.306
2006	2036.77
2006	2027.327
2006	2025.776
2006	1857.065
2006	1802.251
2006	1769.742
2006	1660.787
2006	1620.887
2006	1594.928
2006	1528.257
2006	1438.324
2006	1386.454
2006	1369.646
2006	1294.017
2006	1114.846
2006	1067.3
2006	1037.45
2006	954.974
2006	840.441
2006	829.687
2006	820.171
2006	807.302
2006	705.091
2006	683.729
2006	654.045
2006	634.421
2006	631.79
2006	630.973
2006	592.022
2006	589.782
2006	526.365
2006	521.164
2006	482.194
2006	476.282
2006	471.498
2006	455.822
2006	448.14
2006	441.309
2006	425.006
2006	424.755
2006	313.033
2006	311.254
2006	309.846
2006	291.98
2006	284.494
2006	284.088
2006	282.283
2006	263.816
2006	259.085
2006	257.183
2006	255.849
2006	255.367
2006	253.833
2006	245.965
2006	235.235
2006	220.36
2006	213.292
2006	206.075
2006	198.742
2006	193.357
2006	189.335
2006	169.411
2006	147.827
2006	146.861
2006	143.099
2006	140.984
2006	140.357
2006	134.531
2006	134.05
2006	133.358
2006	126.055
2006	125.327
2006	114.224
2006	113.052
2006	104.995
2006	96.689
2006	94.855
2006	94.529
2006	85.687
2006	83.135
2006	79.768
2006	77.957
2006	77.595
2006	70.61
2006	64.971
2006	59.466
2006	57.785
2006	55.831
2006	55.782
2006	55.554
2006	52.317
2006	50.368
2006	46.048
2006	45.204
2006	43.574
2006	38.12
2006	36.132
2006	35.11
2006	34.156
2006	31.877
2006	22.557
2006	21.773
2006	20.256
2006	19.663
2006	17.048
2006	16.367
2006	14.232
2006	13.555
2006	13.501
2006	10.397
2006	9.918
2006	9.208
2006	8.682
2006	7.314
2006	7.018
2006	6.757
2006	5.995
2006	5.901
2006	5.826
2006	5.713
2006	4.93
2006	4.56
2006	4.252
2006	3.015
2006	2.98
2006	2.715
2006	2.569
2006	2.547
2006	2.463
2006	2.29
2006	1.983
2006	1.716
2006	1.676
2006	1.481
2006	1.46
2006	1.432
2006	1.388
2006	1.303
2006	1.285
2006	1.238
2006	1.084
2006	0.861
2006	0.805
2006	0.682
2006	0.551
2006	0.512
2006	0.459
2006	0.245
2006	0.199
2006	0.197
2006	0.135
2006	0.118
2006	0.106
2006	0.096
2006	0.07
2007	267955.662
2007	213152.484
2007	97975.928
2007	65300.042
2007	54337.988
2007	53488.325
2007	44315.983
2007	41355.485
2007	36052.909
2007	33183.009
2007	29784.534
2007	28797.641
2007	28522.923
2007	22733.966
2007	14257.387
2007	14026.656
2007	12383.241
2007	12316.097
2007	10800.153
2007	10704.121
2007	10324.492
2007	9290.892
2007	7766.269
2007	7375.06
2007	6101.467
2007	6002.225
2007	5596.48
2007	5478.968
2007	5401.535
2007	5355.573
2007	4543.966
2007	4517.068
2007	4384.387
2007	4371.439
2007	4315.331
2007	4268.611
2007	3741.212
2007	3568.74
2007	3530.744
2007	3457.826
2007	3320.062
2007	2906.152
2007	2756.675
2007	2724.639
2007	2522.501
2007	2421.301
2007	2304.491
2007	2125.144
2007	2078.131
2007	2063.983
2007	2020.18
2007	1962.216
2007	1906.246
2007	1842.23
2007	1819.17
2007	1635.997
2007	1632.73
2007	1624.042
2007	1557.83
2007	1466.119
2007	1399.835
2007	1305.511
2007	1289.829
2007	1118.889
2007	1110.355
2007	1101.457
2007	1079.688
2007	951.479
2007	838.737
2007	830.251
2007	787.004
2007	713.001
2007	699.612
2007	650.29
2007	644.95
2007	640.935
2007	634.858
2007	629.629
2007	588.942
2007	533.225
2007	514.246
2007	484.049
2007	482.457
2007	475.582
2007	457.905
2007	451.639
2007	447.012
2007	430.25
2007	424.01
2007	315.772
2007	311.102
2007	293.825
2007	291.822
2007	286.936
2007	286.909
2007	281.228
2007	268.917
2007	265.574
2007	263.816
2007	260.939
2007	256.51
2007	253.386
2007	248.065
2007	235.165
2007	222.127
2007	213.467
2007	210.345
2007	197.603
2007	193.325
2007	191.23
2007	174.171
2007	146.205
2007	142.89
2007	142.21
2007	140.249
2007	139.116
2007	137.347
2007	134.312
2007	132.293
2007	130.223
2007	116.424
2007	115.799
2007	112.877
2007	106.15
2007	97.581
2007	95.745
2007	94.424
2007	88.032
2007	83.275
2007	79.768
2007	79.358
2007	78.995
2007	73.471
2007	65.797
2007	60.6
2007	58.549
2007	57.261
2007	56.248
2007	55.103
2007	52.317
2007	51.271
2007	46.748
2007	45.633
2007	43.539
2007	38.37
2007	36.062
2007	36.055
2007	34.086
2007	32.362
2007	23.234
2007	22.557
2007	20.783
2007	19.663
2007	17.265
2007	16.542
2007	14.162
2007	14.096
2007	13.597
2007	10.462
2007	10.427
2007	9.418
2007	8.892
2007	8.392
2007	7.215
2007	6.977
2007	6.874
2007	5.995
2007	5.363
2007	5.294
2007	5.035
2007	4.56
2007	4.252
2007	2.981
2007	2.906
2007	2.785
2007	2.569
2007	2.547
2007	2.463
2007	2.325
2007	1.751
2007	1.717
2007	1.516
2007	1.46
2007	1.432
2007	1.388
2007	1.341
2007	1.238
2007	1.084
2007	0.972
2007	0.9
2007	0.805
2007	0.662
2007	0.551
2007	0.512
2007	0.484
2007	0.326
2007	0.245
2007	0.199
2007	0.179
2007	0.135
2007	0.118
2007	0.106
2007	0.096
2007	0.07
