1980	17056
1980	8995
1980	4960
1980	2707
1980	2256
1980	1934
1980	1873
1980	1765
1980	1725
1980	1270
1980	1148
1980	990
1980	792
1980	643
1980	610
1980	594
1980	590
1980	537
1980	527
1980	522
1980	499
1980	408
1980	400
1980	387
1980	380
1980	375
1980	374
1980	355
1980	314
1980	312
1980	307
1980	306
1980	301
1980	290
1980	271
1980	262
1980	260
1980	244
1980	232
1980	225
1980	224
1980	217
1980	202.5
1980	202
1980	200
1980	200
1980	170
1980	160.7
1980	160
1980	160
1980	154
1980	133.3
1980	124
1980	121.3
1980	119
1980	117
1980	110
1980	109
1980	107
1980	106
1980	104
1980	100
1980	91
1980	89
1980	84
1980	78
1980	75
1980	53
1980	52
1980	48
1980	46
1980	45
1980	44.9
1980	44.8
1980	42.1
1980	40.9
1980	40
1980	37.8
1980	37
1980	34
1980	31.7
1980	28.9
1980	28
1980	27.6
1980	25
1980	25
1980	24
1980	23
1980	22.4
1980	21
1980	20
1980	19.6
1980	19.1
1980	17.4
1980	17.149
1980	16.6
1980	16.04
1980	16
1980	16
1980	16
1980	15.6
1980	14.2
1980	14
1980	13.4
1980	13
1980	13
1980	13
1980	12.8
1980	12
1980	12
1980	12
1980	12
1980	11
1980	11
1980	10
1980	10
1980	9.9
1980	9.8
1980	9
1980	8.68
1980	8
1980	7.9
1980	7.09912
1980	7
1980	6.7
1980	6
1980	6
1980	5.6
1980	5
1980	5
1980	5
1980	4.8
1980	4.53
1980	4.3
1980	4.2
1980	4.1
1980	4
1980	3.8
1980	3.74367
1980	3.47
1980	3.3
1980	3.22
1980	3
1980	3
1980	3
1980	3
1980	3
1980	3
1980	2.86734
1980	2.8
1980	2.8
1980	2.52
1980	2.1
1980	2
1980	2
1980	2
1980	1.90258
1980	1.6
1980	1.52
1980	1.5
1980	1.1
1980	1.1
1980	1.1
1980	1.06
1980	1
1980	1
1980	1
1980	1
1980	0.86
1980	0.8
1980	0.8
1980	0.7
1980	0.7
1980	0.7
1980	0.67
1980	0.6
1980	0.4
1980	0.36
1980	0.33
1980	0.3
1980	0.27
1980	0.23
1980	0.21
1980	0.2
1980	0.19
1980	0.16
1980	0.16
1980	0.12
1980	0.1
1980	0.08
1980	0.02173
1980	0.02
1980	0.02
1981	16058
1981	8935
1981	4848
1981	2449
1981	2023
1981	1874
1981	1768
1981	1705
1981	1590
1981	1399
1981	1085
1981	941
1981	731
1981	729
1981	670
1981	584
1981	580
1981	536
1981	483
1981	481
1981	471
1981	455
1981	433
1981	355
1981	350
1981	346
1981	345
1981	340
1981	324
1981	300
1981	294
1981	285.4
1981	280
1981	254
1981	251
1981	243
1981	241
1981	236
1981	225
1981	219
1981	214.4
1981	214
1981	214
1981	212
1981	207
1981	200
1981	185
1981	165
1981	163.7
1981	163
1981	140
1981	137.1
1981	137
1981	128
1981	127
1981	120
1981	116
1981	115
1981	113
1981	105
1981	104
1981	104
1981	100
1981	88
1981	85
1981	85
1981	77
1981	57
1981	52
1981	51
1981	46.3
1981	45.7
1981	44
1981	43.8
1981	42
1981	39.2
1981	39
1981	36.6
1981	36.4
1981	35
1981	34
1981	33
1981	30
1981	29.1
1981	26.5
1981	26.4
1981	25.3
1981	23
1981	23
1981	22
1981	20.4
1981	20
1981	18
1981	17
1981	16.8
1981	16.662
1981	16
1981	16
1981	15.83
1981	15.7
1981	14.7
1981	14.2
1981	14
1981	13.4
1981	12.2
1981	12.2
1981	12
1981	12
1981	12
1981	12
1981	12
1981	11.5
1981	11
1981	10.8
1981	10
1981	10
1981	9.5
1981	9.2
1981	9.1
1981	9
1981	8
1981	8
1981	7.33759
1981	7
1981	7
1981	6
1981	5.5
1981	5.4
1981	5
1981	5
1981	4.93
1981	4.53
1981	4.3
1981	4
1981	4
1981	4
1981	4
1981	3.8
1981	3.7
1981	3.51195
1981	3.5
1981	3.3
1981	3.29
1981	3.2
1981	3.1
1981	3.02121
1981	3
1981	3
1981	3
1981	2.5
1981	2.5
1981	2.25
1981	2.19
1981	2.1
1981	2.00477
1981	2
1981	2
1981	1.9
1981	1.5
1981	1.3
1981	1.2
1981	1.2
1981	1.1
1981	1.1
1981	1.06
1981	1
1981	1
1981	1
1981	1
1981	0.87
1981	0.8
1981	0.76
1981	0.72
1981	0.7
1981	0.63
1981	0.6
1981	0.4
1981	0.4
1981	0.38
1981	0.38
1981	0.31
1981	0.3
1981	0.25
1981	0.25
1981	0.25
1981	0.23
1981	0.19
1981	0.17
1981	0.14
1981	0.1
1981	0.08
1981	0.02
1981	0.02
1982	15296
1982	9075
1982	4582
1982	2372
1982	1880
1982	1781
1982	1660
1982	1590
1982	1578
1982	1476
1982	1061
1982	1003
1982	737
1982	720
1982	660
1982	642
1982	616
1982	534
1982	479
1982	468
1982	445
1982	427
1982	402
1982	371
1982	349
1982	340
1982	330
1982	327
1982	327
1982	320
1982	318
1982	295
1982	285.6
1982	239
1982	237
1982	230
1982	223.5
1982	223
1982	222
1982	221
1982	215
1982	209
1982	209
1982	205
1982	199
1982	184
1982	180
1982	167.6
1982	167
1982	162
1982	158.8
1982	148
1982	143
1982	136.3
1982	134
1982	125
1982	124
1982	121.4
1982	118
1982	102
1982	95
1982	95
1982	92
1982	88
1982	82
1982	75.8
1982	73.5
1982	53.5
1982	52
1982	51.5
1982	49.7
1982	48
1982	43
1982	41
1982	39
1982	39
1982	38.8
1982	35
1982	34.4
1982	34.4
1982	29.9
1982	28
1982	27
1982	26
1982	25.1
1982	25
1982	25
1982	24.9
1982	24
1982	22
1982	21.4
1982	21
1982	20.6
1982	19.564
1982	19
1982	18
1982	17.3
1982	16
1982	15.63
1982	15.2
1982	15
1982	14
1982	13.8
1982	13.4
1982	13
1982	13
1982	12
1982	12
1982	12
1982	11.7
1982	11
1982	11
1982	11
1982	10
1982	9.95
1982	9.3
1982	9.1
1982	9
1982	9
1982	8
1982	7.8
1982	7.17562
1982	7.1
1982	7
1982	6.2
1982	6
1982	5.6
1982	5.4
1982	5.2
1982	5
1982	5
1982	4.7
1982	4.56
1982	4.48
1982	4
1982	4
1982	4
1982	3.8
1982	3.7
1982	3.5
1982	3.44022
1982	3.4
1982	3.3
1982	3.27
1982	3.21688
1982	3
1982	3
1982	3
1982	3
1982	2.9
1982	2.72
1982	2.4
1982	2.24863
1982	2
1982	2
1982	2
1982	1.9
1982	1.4
1982	1.4
1982	1.23
1982	1.1
1982	1.1
1982	1.1
1982	1.06
1982	1
1982	1
1982	0.9
1982	0.9
1982	0.9
1982	0.87
1982	0.78
1982	0.76
1982	0.76
1982	0.7
1982	0.7
1982	0.6
1982	0.5
1982	0.44
1982	0.42
1982	0.4
1982	0.3
1982	0.29
1982	0.27
1982	0.25
1982	0.25
1982	0.23
1982	0.21
1982	0.19
1982	0.14
1982	0.1
1982	0.08
1982	0.02
1982	0.02
1983	15231
1983	8950
1983	4395.02
1983	2324
1983	1835
1983	1750
1983	1730
1983	1531
1983	1448
1983	1350
1983	1011
1983	980
1983	790
1983	785
1983	773
1983	613
1983	594
1983	561
1983	477
1983	470
1983	406.74
1983	400
1983	376
1983	365
1983	342
1983	338
1983	337
1983	336.6
1983	325
1983	319.6
1983	318.6
1983	294.6
1983	267
1983	259
1983	250
1983	231
1983	222.6
1983	220
1983	219
1983	214
1983	208
1983	206.75
1983	205.6
1983	202
1983	195
1983	192
1983	185
1983	171.8
1983	165
1983	152
1983	151
1983	149
1983	139.4
1983	137
1983	136
1983	125
1983	124.4
1983	123
1983	119
1983	96
1983	89
1983	89
1983	85
1983	83
1983	82
1983	75.5
1983	58.9
1983	57
1983	54
1983	53.2
1983	49.5
1983	46.8
1983	45
1983	43.6
1983	43
1983	41
1983	37
1983	36
1983	30
1983	30
1983	27.4
1983	26.6
1983	26
1983	26
1983	25.7
1983	24.5
1983	24
1983	23
1983	22
1983	22
1983	21.3
1983	21
1983	20.911
1983	20
1983	19
1983	18.5
1983	16.4
1983	16
1983	15.38
1983	15
1983	15
1983	14
1983	14
1983	14
1983	13.8
1983	13.4
1983	13
1983	13
1983	12.8
1983	12
1983	12
1983	11.7
1983	10.6
1983	10
1983	9.5
1983	9
1983	8.9
1983	8.3
1983	8
1983	8
1983	7.5
1983	6.84
1983	6.5
1983	6
1983	6
1983	5.92263
1983	5.7
1983	5.7
1983	5.4
1983	5
1983	5
1983	4.61
1983	4.44
1983	4
1983	4
1983	4
1983	4
1983	4
1983	3.7
1983	3.7
1983	3.37099
1983	3
1983	3
1983	3
1983	3
1983	3
1983	2.89
1983	2.8
1983	2.7
1983	2.6
1983	2.45671
1983	2.4231
1983	2.4
1983	2
1983	2
1983	2
1983	1.9
1983	1.9
1983	1.5
1983	1.4
1983	1.2
1983	1.19
1983	1.1
1983	1.06
1983	1
1983	1
1983	1
1983	1
1983	0.9
1983	0.87
1983	0.8
1983	0.78
1983	0.74
1983	0.7
1983	0.7
1983	0.6
1983	0.5
1983	0.4
1983	0.4
1983	0.36
1983	0.31
1983	0.3
1983	0.27
1983	0.25
1983	0.25
1983	0.23
1983	0.19
1983	0.19
1983	0.14
1983	0.1
1983	0.08
1983	0.02
1983	0.02
1984	15725.61456
1984	8910
1984	4666
1984	2273.01639
1984	1825
1984	1771
1984	1740
1984	1720
1984	1507
1984	1395
1984	1033
1984	852
1984	850
1984	824
1984	765
1984	635
1984	590
1984	554
1984	470
1984	463
1984	406
1984	385
1984	384
1984	379
1984	360
1984	346
1984	343
1984	325
1984	314
1984	307
1984	301
1984	294
1984	283.98361
1984	249
1984	240
1984	235
1984	233
1984	232
1984	217
1984	214
1984	212.8
1984	210
1984	202
1984	200
1984	194
1984	191
1984	188
1984	174
1984	167
1984	167
1984	154
1984	153
1984	150
1984	143
1984	140
1984	127.2
1984	120
1984	120
1984	114.5
1984	95.7
1984	85
1984	85
1984	85
1984	85
1984	83
1984	74.5
1984	63
1984	61.9
1984	60
1984	57
1984	56
1984	54
1984	43
1984	41
1984	40.9
1984	39
1984	36
1984	35
1984	31
1984	29
1984	27
1984	26
1984	24.7
1984	24.618
1984	24
1984	24
1984	24
1984	23
1984	22
1984	21
1984	20
1984	19.5
1984	19.5
1984	19
1984	19
1984	16.8
1984	16
1984	15.91
1984	15
1984	15
1984	15
1984	14.9
1984	13.83898
1984	13.6
1984	13
1984	12.7
1984	12.1
1984	12
1984	12
1984	11.8
1984	11
1984	11
1984	10.7
1984	10.4
1984	9.36
1984	9.3
1984	9.2
1984	9
1984	9
1984	8
1984	7.2
1984	7.1
1984	7
1984	6.7
1984	6
1984	6
1984	6
1984	5.7
1984	5.7
1984	5.6
1984	5.35573
1984	5
1984	5
1984	5
1984	4.7
1984	4.429
1984	4
1984	4
1984	3.9
1984	3.80184
1984	3.8
1984	3.6
1984	3.46699
1984	3.3
1984	3
1984	3
1984	3
1984	3
1984	3
1984	2.75025
1984	2.4
1984	2.234
1984	2.22
1984	2
1984	2
1984	2
1984	2
1984	1.5
1984	1.4
1984	1.27
1984	1.23
1984	1.2
1984	1.1
1984	1.1
1984	1
1984	1
1984	1
1984	1
1984	1
1984	1
1984	0.9
1984	0.9
1984	0.82
1984	0.76
1984	0.7
1984	0.7
1984	0.5
1984	0.42
1984	0.4
1984	0.389
1984	0.36
1984	0.31
1984	0.3
1984	0.25
1984	0.25
1984	0.23
1984	0.23
1984	0.18
1984	0.14
1984	0.14
1984	0.08
1984	0.02
1984	0.02
1985	15726.41829
1985	8950
1985	4436
1985	2337.50479
1985	1885
1985	1753
1985	1705
1985	1617
1985	1514
1985	1476
1985	1079.38243
1985	939
1985	894.90387
1985	858
1985	790
1985	639
1985	610
1985	552
1985	465
1985	430
1985	415.09989
1985	405
1985	383.24
1985	378
1985	359
1985	357
1985	350
1985	330.65461
1985	320
1985	317
1985	313.49521
1985	298
1985	290
1985	271
1985	258.30849
1985	242
1985	227
1985	226
1985	224.8347
1985	222
1985	217.2759
1985	206
1985	205
1985	198
1985	197
1985	194
1985	185
1985	180
1985	171.47296
1985	164.74175
1985	164
1985	159.6715
1985	152
1985	144.58082
1985	129.88974
1985	128.28001
1985	125
1985	120.58498
1985	110
1985	95.5
1985	90
1985	86
1985	84
1985	82
1985	70.7
1985	70.5233
1985	69.2422
1985	64.82111
1985	64.46161
1985	57.9
1985	55
1985	52.05205
1985	47.8
1985	42.4
1985	41.53
1985	37
1985	32.81863
1985	32.19162
1985	31.4875
1985	30
1985	29.838
1985	27.88273
1985	25.99494
1985	25
1985	24.82181
1985	24.70141
1985	24.30757
1985	24
1985	22
1985	22
1985	21.51937
1985	21.3
1985	19.5
1985	19.2
1985	18.90489
1985	17.99711
1985	16.44643
1985	16.06452
1985	15.3
1985	15.3
1985	14.9
1985	14.72633
1985	14.35289
1985	13.93296
1985	13.72381
1985	13.7143
1985	13.19065
1985	12.9
1985	11.9
1985	11.11156
1985	11.06898
1985	11
1985	10.8398
1985	10.56066
1985	9.47505
1985	9.0759
1985	8.85166
1985	8.57834
1985	8.575
1985	7.95061
1985	6.5
1985	6.4
1985	6.30323
1985	6
1985	5.95
1985	5.90548
1985	5.8
1985	5.74855
1985	5.5
1985	5.5
1985	5.46693
1985	5.33616
1985	5.22745
1985	5
1985	4.79265
1985	4.78169
1985	4.56438
1985	4.5
1985	4.4
1985	4.10099
1985	4.1
1985	3.6316
1985	3.54984
1985	3.52351
1985	3.5
1985	3.4117
1985	3.28756
1985	3.10685
1985	3
1985	2.88756
1985	2.78893
1985	2.69097
1985	2.47622
1985	2.25
1985	2.23438
1985	2.23036
1985	2.07297
1985	1.53288
1985	1.43268
1985	1.43068
1985	1.26464
1985	1.23331
1985	1.19077
1985	1.08939
1985	1.07685
1985	1.0548
1985	1.0443
1985	0.91126
1985	0.90499
1985	0.89453
1985	0.884
1985	0.88157
1985	0.8763
1985	0.80167
1985	0.78717
1985	0.76128
1985	0.5745
1985	0.432
1985	0.4295
1985	0.4
1985	0.36329
1985	0.3232
1985	0.29208
1985	0.28615
1985	0.25619
1985	0.23986
1985	0.23622
1985	0.2331
1985	0.15161
1985	0.14
1985	0.10066
1985	0.02044
1985	0.02044
1986	16280.62718
1986	8975.4
1986	4503
1986	2497.50959
1986	2000
1986	1764
1986	1734
1986	1637
1986	1523
1986	1518
1986	1237.70878
1986	973.992
1986	947.4376
1986	866
1986	830.004
1986	675
1986	644
1986	592
1986	469.94619
1986	454
1986	448.374
1986	427.569
1986	405.26
1986	401.55752
1986	388
1986	371
1986	349.96
1986	331
1986	322.2
1986	304.24857
1986	295
1986	294.49041
1986	285.9
1986	279.217
1986	271
1986	257.33
1986	246
1986	234.37543
1986	223
1986	222.91175
1986	222
1986	208.3
1986	207
1986	206
1986	201
1986	196
1986	195
1986	192.27071
1986	171.82411
1986	165.79542
1986	165.74849
1986	163.45818
1986	158.74811
1986	155.5189
1986	135.15601
1986	133.40729
1986	124.69032
1986	117.867
1986	113.27919
1986	99
1986	96.62772
1986	93.84131
1986	91.77466
1986	83
1986	69.20167
1986	67.90655
1986	66.58327
1986	66.50279
1986	61.82001
1986	61.32291
1986	47.00046
1986	46.78836
1986	46.27389
1986	39.198
1986	38
1986	34.20126
1986	31.36267
1986	31.33284
1986	30.83836
1986	30.83476
1986	29.56602
1986	28.61781
1986	27.93915
1986	27.66154
1986	24.20373
1986	24
1986	23.28041
1986	23.19845
1986	23.16902
1986	22.31889
1986	22.1212
1986	21.11245
1986	20.53716
1986	19.63096
1986	18.05113
1986	17.27615
1986	17.08847
1986	16.54863
1986	16.14
1986	15.95851
1986	15.9003
1986	15.18904
1986	14.94011
1986	14.48795
1986	13.88025
1986	13.60389
1986	13.44103
1986	11.88639
1986	11.69586
1986	11
1986	10.84084
1986	9.82876
1986	9.62929
1986	9.0874
1986	8.85455
1986	8.50685
1986	8.42258
1986	8.26107
1986	8.23181
1986	7.96956
1986	7.82466
1986	7.17112
1986	6.84123
1986	6.6865
1986	6.63241
1986	6.62222
1986	6.619
1986	6.57244
1986	5.86469
1986	5.82637
1986	5.80817
1986	5.69914
1986	5.67263
1986	5.49453
1986	5.07616
1986	5.06952
1986	4.5
1986	4.49559
1986	4.4666
1986	3.74096
1986	3.6
1986	3.5985
1986	3.45563
1986	3.43358
1986	3.43056
1986	3.33323
1986	3.32537
1986	3.19559
1986	2.90578
1986	2.62105
1986	2.53559
1986	2.5
1986	2.49079
1986	2.23282
1986	2.18575
1986	2.05114
1986	1.97908
1986	1.94038
1986	1.90646
1986	1.69028
1986	1.52085
1986	1.28762
1986	1.26458
1986	1.12961
1986	1.10981
1986	1.07685
1986	1.00726
1986	0.91107
1986	0.89405
1986	0.88274
1986	0.87674
1986	0.80244
1986	0.78775
1986	0.76164
1986	0.69879
1986	0.68
1986	0.5746
1986	0.54299
1986	0.47266
1986	0.40926
1986	0.36619
1986	0.36359
1986	0.3229
1986	0.29244
1986	0.28652
1986	0.25773
1986	0.25627
1986	0.24022
1986	0.23296
1986	0.15186
1986	0.12685
1986	0.10074
1986	0.02044
1986	0.02044
1987	16665.04566
1987	8994.971
1987	4567
1987	2424.17126
1987	2120.03882
1987	1815
1987	1785
1987	1611
1987	1592
1987	1576
1987	1263.13502
1987	987.84983
1987	974.99976
1987	895
1987	865
1987	691
1987	661
1987	627
1987	493.35276
1987	479.42447
1987	457
1987	441.85693
1987	441
1987	419.81756
1987	404.41274
1987	364
1987	344.522
1987	340
1987	339.592
1987	313.5
1987	298.82874
1987	296
1987	285.0584
1987	285.03132
1987	275.39438
1987	267
1987	264
1987	258.99316
1987	231
1987	218.61368
1987	218
1987	214
1987	211
1987	209
1987	204
1987	199
1987	197.29704
1987	192
1987	188.45407
1987	184.57288
1987	180.4252
1987	180.15897
1987	167.27
1987	161.7863
1987	141.295
1987	138.40467
1987	134.2292
1987	115.5981
1987	114.936
1987	102.77363
1987	92.03607
1987	90.18777
1987	90
1987	89
1987	69.80683
1987	69.624
1987	68.57573
1987	66.33745
1987	66.25264
1987	54.7863
1987	52.49801
1987	52.25035
1987	47.66376
1987	36.15828
1987	35.19197
1987	34.62849
1987	34.52394
1987	33.77267
1987	33.77055
1987	33.05491
1987	28.88363
1987	27.19116
1987	27
1987	26.61657
1987	26.60338
1987	24.18997
1987	23.95034
1987	23.32964
1987	21.3061
1987	20.83636
1987	20.61784
1987	19.44367
1987	19.22212
1987	18.78158
1987	18.53394
1987	18.12331
1987	17.48463
1987	16.82748
1987	16.756
1987	16.39148
1987	16.0743
1987	15.93191
1987	15.7446
1987	14.61274
1987	13.95342
1987	13.84675
1987	13.75135
1987	12.60168
1987	12
1987	11.80894
1987	10.4
1987	8.85455
1987	8.72759
1987	8.39553
1987	8.27994
1987	8.27
1987	7.99272
1987	7.46306
1987	7.19875
1987	7.18113
1987	7.15834
1987	6.94927
1987	6.84132
1987	6.81112
1987	6.63636
1987	6.5
1987	6.39497
1987	6.31142
1987	6.24884
1987	6.2
1987	6.1933
1987	6.12862
1987	5.74052
1987	5.32329
1987	5.262
1987	4.69462
1987	4.69077
1987	4.6
1987	4.53726
1987	4.25731
1987	4.07232
1987	3.85326
1987	3.54299
1987	3.54138
1987	3.5
1987	3.25764
1987	2.9262
1987	2.9
1987	2.83039
1987	2.72153
1987	2.65608
1987	2.62439
1987	2.4
1987	2.24335
1987	2.18321
1987	1.7
1987	1.59011
1987	1.58139
1987	1.54003
1987	1.51622
1987	1.42597
1987	1.32849
1987	1.30162
1987	1.27847
1987	1.25581
1987	1.07685
1987	1.04783
1987	1.013
1987	0.97995
1987	0.91107
1987	0.89405
1987	0.81323
1987	0.80244
1987	0.71997
1987	0.68
1987	0.55216
1987	0.54299
1987	0.50663
1987	0.47441
1987	0.44888
1987	0.40805
1987	0.38403
1987	0.36619
1987	0.31581
1987	0.30989
1987	0.30153
1987	0.26874
1987	0.24022
1987	0.17304
1987	0.14729
1987	0.10074
1987	0.04216
1987	0.02044
1988	17283.31039
1988	8890.4364
1988	4849
1988	2422.45
1988	2274.999
1988	1829
1988	1801
1988	1692
1988	1666
1988	1598
1988	1300
1988	1083.78274
1988	989.999
1988	983
1988	870
1988	746
1988	723
1988	694
1988	523.853
1988	482.626
1988	474.99988
1988	470
1988	436.89524
1988	436
1988	396.93097
1988	350
1988	342.29713
1988	340
1988	329.58298
1988	319.723
1988	316.40001
1988	304.115
1988	300.55
1988	283.375
1988	281
1988	279
1988	276.88694
1988	265
1988	237.16848
1988	234.10004
1988	230
1988	221.17778
1988	205
1988	204
1988	204
1988	202.4988
1988	198.4414
1988	196
1988	195.60302
1988	194.20137
1988	191.63068
1988	182
1988	172.004
1988	156.84301
1988	147.45902
1988	142.00808
1988	141.40704
1988	120.99113
1988	119.98356
1988	110.80024
1988	99.03083
1988	94
1988	93.21487
1988	80
1988	67.81935
1988	67.6651
1988	64.82
1988	64.69992
1988	61.868
1988	60.49517
1988	58.31428
1988	43.29818
1988	40.12034
1988	39.32787
1988	38.2657
1988	38
1988	36.96768
1988	35.59238
1988	33.97618
1988	33.29443
1988	31.9263
1988	29.59392
1988	27
1988	26.87493
1988	26.278
1988	25.49354
1988	24.6016
1988	24.51337
1988	23.33782
1988	23.11357
1988	21.299
1988	19.95201
1988	18.94546
1988	18.6886
1988	18.38824
1988	18.0471
1988	17.2791
1988	17
1988	16.99728
1988	16.65956
1988	16.32415
1988	16.18885
1988	15.94739
1988	15.0056
1988	14.21045
1988	13.67367
1988	13.18872
1988	13.1656
1988	12.95687
1988	12
1988	11.74972
1988	10.84295
1988	9.837
1988	9.34317
1988	9.14598
1988	9.06591
1988	9.03946
1988	8.76055
1988	8.13631
1988	7.93061
1988	7.929
1988	7.50641
1988	7.26647
1988	7.24076
1988	7.11793
1988	6.97559
1988	6.82916
1988	6.80096
1988	6.72373
1988	6.58627
1988	6.28658
1988	6.27672
1988	6.148
1988	5.87615
1988	5.81761
1988	5.54098
1988	5.4
1988	5.12514
1988	4.72061
1988	4.58016
1988	4.5
1988	4.16574
1988	3.96445
1988	3.7
1988	3.685
1988	3.66833
1988	3.65224
1988	3.33523
1988	3.22352
1988	3.20798
1988	3.05257
1988	3.033
1988	3
1988	2.79765
1988	2.50874
1988	2.41926
1988	1.86178
1988	1.72639
1988	1.62188
1988	1.56899
1988	1.53582
1988	1.48977
1988	1.40025
1988	1.36563
1988	1.31866
1988	1.31626
1988	1.23637
1988	1.19844
1988	1.12929
1988	1.12462
1988	1.12252
1988	0.89161
1988	0.85855
1988	0.80025
1988	0.74913
1988	0.64899
1988	0.58355
1988	0.5626
1988	0.55066
1988	0.54383
1988	0.44779
1988	0.42732
1988	0.40306
1988	0.38077
1988	0.36519
1988	0.32109
1988	0.26801
1988	0.23956
1988	0.20238
1988	0.19587
1988	0.14689
1988	0.04205
1988	0.02038
1989	17325.15308
1989	8740
1989	5058
1989	2379.52
1989	2280.37
1989	1897
1989	1844
1989	1739
1989	1731
1989	1715
1989	1317.13378
1989	1149.78088
1989	981
1989	964.99383
1989	950
1989	860
1989	723
1989	715
1989	582.99999
1989	521.31418
1989	462
1989	448
1989	442.51438
1989	433.78247
1989	387.6502
1989	349.97
1989	348.58705
1989	348.193
1989	345.00117
1989	345
1989	336
1989	329.209
1989	310
1989	309.869
1989	300.63
1989	298
1989	262
1989	249
1989	243.986
1989	242.39984
1989	235.17426
1989	229.39605
1989	228
1989	224.80233
1989	220.0663
1989	208.53212
1989	205.63467
1989	205
1989	198.29651
1989	196
1989	190
1989	183
1989	181.84278
1989	163
1989	146.9968
1989	143.07397
1989	125.79437
1989	124.7204
1989	123.933
1989	121.12271
1989	111.33239
1989	99
1989	90.16595
1989	83
1989	73.60171
1989	68.665
1989	66.06478
1989	63.91789
1989	63.62565
1989	62.28816
1989	59.98356
1989	58.12978
1989	46.4
1989	43.1052
1989	41.78396
1989	38.15483
1989	36.87439
1989	34.82571
1989	32.04318
1989	31.586
1989	31.29192
1989	30
1989	29.95567
1989	28.02525
1989	27.59467
1989	27.0183
1989	25.88022
1989	24.76779
1989	24.33508
1989	24.21027
1989	23.66104
1989	21.94511
1989	21.09536
1989	19.77073
1989	19.55892
1989	19.48989
1989	19.46703
1989	18.09589
1989	17.00587
1989	16.71627
1989	16.64686
1989	16.54674
1989	16.47998
1989	16.00156
1989	15.76477
1989	15.62392
1989	15.38016
1989	13.98612
1989	13.42729
1989	13.37573
1989	13
1989	10.4349
1989	10.34509
1989	9.76548
1989	9.73282
1989	9.33337
1989	9.10058
1989	8.78455
1989	8.7
1989	8.519
1989	8.02945
1989	7.96205
1989	7.85053
1989	7.4124
1989	7.39572
1989	7.17035
1989	6.87094
1989	6.83819
1989	6.82269
1989	6.72784
1989	6.55502
1989	6.5092
1989	6.5
1989	6.3984
1989	6.31268
1989	6.24205
1989	5.71463
1989	5.44384
1989	5.41238
1989	4.70688
1989	4.58742
1989	4.25898
1989	4.23847
1989	4.115
1989	4.04058
1989	3.76306
1989	3.69737
1989	3.45427
1989	3.41649
1989	3.37096
1989	3.2352
1989	3.23171
1989	3.22792
1989	3.17449
1989	3.03356
1989	2.80532
1989	2.47394
1989	1.90685
1989	1.90112
1989	1.88732
1989	1.70406
1989	1.70115
1989	1.57619
1989	1.5374
1989	1.46907
1989	1.34893
1989	1.31986
1989	1.30184
1989	1.20173
1989	1.16564
1989	1.14703
1989	1.07685
1989	0.89405
1989	0.84551
1989	0.79375
1989	0.76967
1989	0.69164
1989	0.6063
1989	0.58515
1989	0.56575
1989	0.5637
1989	0.44901
1989	0.42849
1989	0.42753
1989	0.34241
1989	0.32274
1989	0.26874
1989	0.24022
1989	0.19641
1989	0.18688
1989	0.14729
1989	0.04216
1989	0.02044
1990	16988.49579
1990	8391.99981
1990	5315
1990	2381.98782
1990	2296.4
1990	1868
1990	1826
1990	1776
1990	1722
1990	1599
1990	1466.4921
1990	1168.33391
1990	1106.952
1990	1048
1990	1010
1990	1002.5
1990	738
1990	734
1990	651.05763
1990	541.51044
1990	477
1990	465.04074
1990	463
1990	412.99719
1990	406.5068
1990	400
1990	395.5902
1990	382.25245
1990	375
1990	363.00037
1990	336
1990	317.14628
1990	314
1990	300.01218
1990	291
1990	280
1990	268
1990	265.97725
1990	251
1990	251
1990	243.1
1990	235.78947
1990	225
1990	220.05066
1990	219.54984
1990	217
1990	205.26889
1990	199
1990	196.90576
1990	194
1990	193.05367
1990	192
1990	178
1990	164.69843
1990	155
1990	140.15781
1990	133.89011
1990	127.386
1990	121.1738
1990	116.5654
1990	107
1990	97.31888
1990	92
1990	85
1990	75.96481
1990	73.21054
1990	70.33984
1990	67
1990	66.19208
1990	64.25879
1990	63.19483
1990	54.95616
1990	52.99625
1990	45.69241
1990	41.98009
1990	38.6366
1990	35.99839
1990	34.51508
1990	33.001
1990	33
1990	31.78829
1990	31.1888
1990	30.39724
1990	27.77039
1990	27.20581
1990	25.43208
1990	25.18491
1990	24.48719
1990	24.33797
1990	21.13625
1990	20.41759
1990	20.4012
1990	20.34849
1990	20.00418
1990	20
1990	19.72579
1990	19.14342
1990	18.75137
1990	18.10042
1990	17.77404
1990	16.90138
1990	16.47863
1990	15.84875
1990	15.80488
1990	15.60321
1990	15.31837
1990	15.2382
1990	15
1990	14
1990	13.70923
1990	13.44528
1990	13.34231
1990	12.55342
1990	11.91436
1990	10.54847
1990	10.542
1990	10.49894
1990	10.46548
1990	9.7829
1990	9.68882
1990	9.29811
1990	8.62927
1990	8.56729
1990	8.16299
1990	7.57592
1990	7.39199
1990	7.11005
1990	7.0335
1990	6.913
1990	6.88024
1990	6.78803
1990	6.75212
1990	6.43324
1990	6.2791
1990	6.25622
1990	6.2491
1990	5.78715
1990	4.87301
1990	4.73178
1990	4.50081
1990	4.43468
1990	4.39995
1990	4.39525
1990	4.34967
1990	4.19341
1990	4.07692
1990	3.99905
1990	3.85216
1990	3.78175
1990	3.71532
1990	3.55321
1990	3.52082
1990	3.3943
1990	3.20762
1990	3.03356
1990	2.96932
1990	2.93345
1990	2.54201
1990	2.36959
1990	2.21573
1990	2.0851
1990	1.96537
1990	1.93603
1990	1.84058
1990	1.70115
1990	1.67305
1990	1.66792
1990	1.37899
1990	1.36937
1990	1.32753
1990	1.20173
1990	1.18608
1990	1.07685
1990	0.93055
1990	0.88762
1990	0.88712
1990	0.81493
1990	0.80616
1990	0.73252
1990	0.64849
1990	0.62504
1990	0.6063
1990	0.58808
1990	0.55841
1990	0.46504
1990	0.44901
1990	0.42753
1990	0.34241
1990	0.32274
1990	0.25773
1990	0.16644
1990	0.14729
1990	0.04216
1990	0.02044
1991	16713.83572
1991	8349.99863
1991	5389
1991	2829
1991	2498.799
1991	1942
1991	1856
1991	1803
1991	1743
1991	1662
1991	1484.22144
1991	1263
1991	1190.31862
1991	1158.92932
1991	1074.8639
1991	1068
1991	758
1991	721
1991	694.61738
1991	545.25823
1991	497
1991	466
1991	456.48877
1991	436.54372
1991	423.68304
1991	405.002
1991	402.50884
1991	388.68061
1991	339
1991	316
1991	302.03
1991	281.5304
1991	279
1991	276.51151
1991	271
1991	262.80274
1991	258.65676
1991	252
1991	251.169
1991	242
1991	235.33885
1991	234
1991	226
1991	221.0589
1991	208.43863
1991	204.87846
1991	203.67
1991	194
1991	189
1991	177.83
1991	175.60548
1991	173.14542
1991	165.97071
1991	164
1991	144.36822
1991	133.5
1991	120.76554
1991	117.38641
1991	112.83057
1991	104
1991	103.99739
1991	99
1991	94.79714
1991	78.48
1991	76.47574
1991	70.28168
1991	68.1709
1991	63.51962
1991	62.58155
1991	62.39466
1991	55.74507
1991	55.55342
1991	53.36208
1991	47.18744
1991	39
1991	38.68639
1991	37.80123
1991	36.7409
1991	36.15284
1991	34.26608
1991	31.89466
1991	29.5225
1991	28.01544
1991	25.92535
1991	25.59309
1991	25.17524
1991	24.9994
1991	24.67875
1991	23.38677
1991	21.51684
1991	21.39606
1991	21.156
1991	20.13175
1991	19.93904
1991	19.16341
1991	17.86317
1991	17.47428
1991	17.16515
1991	16.432
1991	15.66
1991	15.65673
1991	15.508
1991	15.46948
1991	14.96808
1991	14.70274
1991	14.68814
1991	14.24932
1991	13
1991	12.76888
1991	12.68457
1991	12.10948
1991	11.42681
1991	11.36548
1991	10.66956
1991	10.49177
1991	10.23283
1991	9.98432
1991	9.91191
1991	9.72756
1991	8.58072
1991	8.56729
1991	8.33832
1991	8.21543
1991	7.21593
1991	7.21101
1991	7.19593
1991	6.93086
1991	6.89756
1991	6.8257
1991	6.7352
1991	6.60108
1991	6.52348
1991	6.44973
1991	6.2222
1991	6.14767
1991	5.646
1991	5.16855
1991	5.08159
1991	4.99967
1991	4.938
1991	4.69432
1991	4.68915
1991	4.51356
1991	4.4419
1991	4.03062
1991	3.98258
1991	3.98188
1991	3.92789
1991	3.85216
1991	3.84977
1991	3.68123
1991	3.31812
1991	3.19529
1991	3.11679
1991	2.89296
1991	2.80537
1991	2.47244
1991	2.32545
1991	2.24838
1991	2.23498
1991	2.05189
1991	1.96537
1991	1.87707
1991	1.86227
1991	1.74967
1991	1.58862
1991	1.43068
1991	1.38652
1991	1.37899
1991	1.20173
1991	1.18608
1991	1.07685
1991	0.93055
1991	0.88762
1991	0.88712
1991	0.85581
1991	0.75296
1991	0.695
1991	0.673
1991	0.64849
1991	0.62504
1991	0.5637
1991	0.53723
1991	0.51107
1991	0.48942
1991	0.42753
1991	0.34241
1991	0.273
1991	0.24022
1991	0.177
1991	0.16644
1991	0.02044
1991	0.02044
1992	17032.85458
1992	5478
1992	4423.15879
1992	2841
1992	2661.60117
1992	1934
1992	1894
1992	1815
1992	1769
1992	1709
1992	1527
1992	1521
1992	1274.90676
1992	1219.11791
1992	1104
1992	1082.64443
1992	812.71087
1992	769
1992	730
1992	706.92326
1992	557.1018
1992	509
1992	492
1992	475.53223
1992	445.18563
1992	443.81619
1992	420.28432
1992	413.81454
1992	411.62242
1992	404.13945
1992	374.84458
1992	371
1992	341.43726
1992	323
1992	305.15604
1992	301.52186
1992	282
1992	279
1992	279
1992	264.71992
1992	259.62568
1992	250.01306
1992	241
1992	229.5302
1992	229
1992	227.21022
1992	225
1992	210.14709
1992	202.51104
1992	201.39635
1992	192
1992	190.41811
1992	189
1992	184.54393
1992	180
1992	164
1992	155.58016
1992	152.07593
1992	150.57492
1992	149.71659
1992	130.13372
1992	129.71997
1992	119.82932
1992	119.23847
1992	119.14655
1992	109
1992	101
1992	83.93342
1992	83.24472
1992	75.96377
1992	73.96772
1992	73.06177
1992	72.28416
1992	71.22201
1992	65.44
1992	64.33064
1992	62.73069
1992	60.98333
1992	56.94858
1992	56.45
1992	55.36612
1992	55.07621
1992	52.22219
1992	51.00438
1992	44.43787
1992	40.57513
1992	40
1992	39.51132
1992	37.87891
1992	37.31391
1992	36.52674
1992	35.42
1992	35.4
1992	33.30315
1992	32.53743
1992	31.93601
1992	30.94802
1992	30.08789
1992	27.02605
1992	26.28025
1992	25.87976
1992	24.98506
1992	24.94956
1992	24.85027
1992	24.76878
1992	24.27043
1992	23.48618
1992	22.44108
1992	22.04559
1992	21.9494
1992	21.85703
1992	21.35954
1992	20.906
1992	20.54189
1992	19.59549
1992	19.43
1992	19.09119
1992	18.13867
1992	17.64399
1992	17.06284
1992	16.51158
1992	16.47604
1992	16.44262
1992	16.09183
1992	15.35929
1992	15.11796
1992	14.62553
1992	14.44216
1992	14
1992	13.28306
1992	13.00364
1992	12.34046
1992	10.69628
1992	10.38393
1992	9.56005
1992	9.5278
1992	9.20224
1992	8.6726
1992	8.63478
1992	8.44052
1992	8.40058
1992	7.41068
1992	7.21022
1992	7.14478
1992	7.03112
1992	7.02822
1992	6.99265
1992	6.85183
1992	6.5876
1992	5.97197
1992	5.87568
1992	5.79179
1992	5.79
1992	5.78176
1992	5.40984
1992	5.27564
1992	5.23904
1992	5.0718
1992	5
1992	4.79913
1992	4.56328
1992	4.29778
1992	4.04117
1992	3.97713
1992	3.94355
1992	3.86137
1992	3.73614
1992	3.37057
1992	3.29664
1992	3.25012
1992	3.2
1992	3.19421
1992	2.88505
1992	2.753
1992	2.28077
1992	2.24795
1992	2.21372
1992	2.11801
1992	2.09836
1992	2.01787
1992	1.98331
1992	1.89014
1992	1.78768
1992	1.49669
1992	1.42678
1992	1.39342
1992	1.38273
1992	1.24213
1992	1.16246
1992	1.0958
1992	0.9462
1992	0.90951
1992	0.90508
1992	0.8127
1992	0.79167
1992	0.69519
1992	0.66839
1992	0.64372
1992	0.60292
1992	0.53577
1992	0.50967
1992	0.50847
1992	0.43921
1992	0.42637
1992	0.36478
1992	0.32186
1992	0.28033
1992	0.16598
1992	0.14689
1992	0.02038
1992	0.02038
1993	17236.73075
1993	5395
1993	3750.45983
1993	2959.49084
1993	2908
1993	1891
1993	1878
1993	1829
1993	1821
1993	1734
1993	1684
1993	1579.65687
1993	1311.07003
1993	1260.20634
1993	1107.87416
1993	1053
1993	764.89704
1993	764
1993	761
1993	616.43253
1993	569.58711
1993	565
1993	544.50936
1993	500
1993	469.1896
1993	467.69142
1993	450.02152
1993	426.9544
1993	409.1271
1993	402.11003
1993	365
1993	341.39174
1993	335.94522
1993	333
1993	309.66562
1993	293
1993	288.69531
1993	284.53914
1993	270.79591
1993	267
1993	266
1993	256.4202
1993	248.47788
1993	240.21923
1993	235
1993	212
1993	208.8669
1993	206.60119
1993	199
1993	198.17833
1993	195
1993	194.03133
1993	179.45177
1993	178.55455
1993	167.55937
1993	162.15982
1993	161
1993	160.07473
1993	157.51005
1993	154
1993	134.75857
1993	130.58941
1993	125.97279
1993	117.48661
1993	111.85804
1993	110
1993	104
1993	77.37092
1993	76.0219
1993	73.67632
1993	71.85049
1993	71.65728
1993	70.89756
1993	69.42853
1993	67.44817
1993	66.41096
1993	64
1993	63.0635
1993	62.82441
1993	58.72572
1993	53.44654
1993	52.10493
1993	41.87395
1993	41.44101
1993	41.06175
1993	40.75063
1993	40.41954
1993	40
1993	39.92929
1993	38.90038
1993	38.00172
1993	34.88224
1993	33.73368
1993	33.30042
1993	31.73749
1993	31.63333
1993	28.42722
1993	27.42532
1993	27.02653
1993	26.82092
1993	25.37001
1993	25.31203
1993	24.71877
1993	23.42662
1993	22.85932
1993	22.68992
1993	22.58218
1993	22.35307
1993	22.32252
1993	21.89368
1993	21.40884
1993	21.40276
1993	20.51877
1993	20.47459
1993	19.44757
1993	19.44241
1993	18.34919
1993	18.18464
1993	17.67763
1993	17.12248
1993	16.7275
1993	16.53393
1993	15.5437
1993	15.5428
1993	15.40887
1993	15.34148
1993	15.08132
1993	15.07699
1993	15
1993	14.51286
1993	13.23204
1993	13.13531
1993	12.90592
1993	12.82274
1993	10.9918
1993	10.8726
1993	10.84885
1993	9.61602
1993	9.22329
1993	8.69634
1993	8.66674
1993	8.6584
1993	8.39604
1993	8.23
1993	7.77684
1993	7.62455
1993	7.27996
1993	7.13063
1993	6.97192
1993	6.84421
1993	6.80488
1993	6.06856
1993	5.99315
1993	5.86747
1993	5.79059
1993	5.42736
1993	5.39531
1993	5.33352
1993	4.65313
1993	4.61186
1993	4.49466
1993	4.26855
1993	4.26465
1993	4.20004
1993	3.98964
1993	3.9326
1993	3.86118
1993	3.63114
1993	3.62132
1993	3.48639
1993	3.38867
1993	3.358
1993	3.3201
1993	3.2
1993	3.04005
1993	2.52246
1993	2.46441
1993	2.10791
1993	2.02475
1993	2.02335
1993	1.99711
1993	1.94784
1993	1.836
1993	1.47192
1993	1.43068
1993	1.3541
1993	1.22214
1993	1.14557
1993	1.14518
1993	1.1
1993	0.99867
1993	0.94878
1993	0.90754
1993	0.87622
1993	0.82338
1993	0.81272
1993	0.79381
1993	0.72044
1993	0.64546
1993	0.57604
1993	0.56368
1993	0.53721
1993	0.50984
1993	0.44794
1993	0.44038
1993	0.36576
1993	0.32272
1993	0.28107
1993	0.16642
1993	0.14727
1993	0.04379
1993	0.02043
1994	17718.15911
1994	5655
1994	3178.98244
1994	3160.60545
1994	2883
1994	1923
1994	1869
1994	1865
1994	1840
1994	1833
1994	1755
1994	1673.93995
1994	1413.27447
1994	1286.26888
1994	1129.52953
1994	1116
1994	788
1994	777.51631
1994	764
1994	658.66356
1994	603.16817
1994	553
1994	542
1994	502.53171
1994	495.30738
1994	458.23225
1994	456.59532
1994	447.97506
1994	440.28187
1994	409.55975
1994	390
1994	377.50571
1994	340
1994	317.77267
1994	304
1994	302.579
1994	297.61701
1994	282.17024
1994	271
1994	263
1994	251.97162
1994	244.40726
1994	241.16946
1994	233
1994	224.2526
1994	220.76771
1994	220
1994	211
1994	204.41241
1994	200.46194
1994	200
1994	186.60263
1994	182.95252
1994	179.80086
1994	178.868
1994	172.83378
1994	166.43686
1994	165.64322
1994	165.37452
1994	162
1994	159
1994	147.53814
1994	132.34
1994	126.24214
1994	120
1994	119.7648
1994	114
1994	84.97534
1994	81.69406
1994	81.32498
1994	78.62509
1994	78.26826
1994	76.46666
1994	74.77365
1994	69.64877
1994	67.89208
1994	66.19531
1994	65.90653
1994	65
1994	62.6526
1994	55.85479
1994	54.54629
1994	45.93831
1994	44.65763
1994	43.79195
1994	43.04325
1994	42.26431
1994	40.18107
1994	40
1994	39.69332
1994	38.46295
1994	33.2786
1994	32.44316
1994	32.43072
1994	32.06849
1994	30.44952
1994	29.47651
1994	28.06408
1994	27.66561
1994	25.80755
1994	25.27345
1994	25.22944
1994	24.99137
1994	23.9254
1994	23.47665
1994	22.9297
1994	22.74919
1994	22.51224
1994	22.36258
1994	20.75928
1994	20.49301
1994	20.37973
1994	19.96885
1994	19.65932
1994	18.92396
1994	18.4514
1994	17.94417
1994	17.89899
1994	16.94247
1994	16.11862
1994	15.44537
1994	15.25442
1994	15
1994	14.9971
1994	14.65258
1994	14.24959
1994	13.98345
1994	13.37304
1994	13.2926
1994	13.10041
1994	12.80249
1994	12.00951
1994	11.37436
1994	11.00951
1994	10.71007
1994	10.57995
1994	9.42397
1994	8.75627
1994	8.75622
1994	8.41827
1994	8.37385
1994	8.28715
1994	8.23
1994	8.13669
1994	8.08821
1994	7.84386
1994	7.48
1994	7.14145
1994	7.01548
1994	6.83482
1994	6.66753
1994	6.5237
1994	6.47384
1994	6.36
1994	6.10184
1994	5.39534
1994	5.35635
1994	5.27002
1994	4.97178
1994	4.77636
1994	4.71364
1994	4.69679
1994	4.68151
1994	4.55789
1994	4.14699
1994	4.04336
1994	3.8612
1994	3.83044
1994	3.70852
1994	3.61992
1994	3.55488
1994	3.47714
1994	3.42959
1994	3.3988
1994	3.28326
1994	3.18775
1994	2.5957
1994	2.52249
1994	2.18452
1994	2.17258
1994	2.06477
1994	1.99915
1994	1.94786
1994	1.94392
1994	1.69592
1994	1.62529
1994	1.43068
1994	1.3883
1994	1.35414
1994	1.19
1994	1.18775
1994	1.17751
1994	1.12477
1994	0.94879
1994	0.89447
1994	0.87625
1994	0.86668
1994	0.86337
1994	0.85882
1994	0.81523
1994	0.74225
1994	0.67973
1994	0.55767
1994	0.5303
1994	0.51589
1994	0.44041
1994	0.36578
1994	0.32274
1994	0.2811
1994	0.16644
1994	0.14729
1994	0.04381
1994	0.02044
1995	17724.58996
1995	5693
1995	3363.15528
1995	2976.13305
1995	2882
1995	2008
1995	1942
1995	1920
1995	1816
1995	1801
1995	1799
1995	1788.43395
1995	1574.67255
1995	1254.54066
1995	1187
1995	1140.18429
1995	811
1995	807.30698
1995	767
1995	736.90094
1995	678.67576
1995	608
1995	550
1995	512.20856
1995	484.37841
1995	474.12677
1995	458.49259
1995	453.39814
1995	448.46696
1995	421.07319
1995	399.15577
1995	388
1995	355
1995	328.4236
1995	318
1995	315.85543
1995	298.09375
1995	290
1995	284.03597
1995	269.18675
1995	267
1995	250.63311
1995	244.20854
1995	233
1995	228.08192
1995	225.99756
1995	223
1995	209.50278
1995	208
1995	204.62066
1995	203
1995	196.9947
1995	187.41167
1995	186.12329
1995	184.74101
1995	178.54077
1995	178.51164
1995	173.41748
1995	169.0729
1995	168
1995	155
1995	143.00449
1995	141.62821
1995	130.56943
1995	125
1995	123.3772
1995	117
1995	94.30671
1995	88.45753
1995	85.92208
1995	85.44391
1995	82.41668
1995	73.14781
1995	72.39828
1995	71.90728
1995	70.01707
1995	69.47081
1995	65
1995	63.60405
1995	63.15402
1995	59.72756
1995	56.56575
1995	50.96037
1995	47.8789
1995	47.27267
1995	46.22779
1995	43.0625
1995	42.27419
1995	41.57532
1995	41.13279
1995	37
1995	34.69801
1995	32.71189
1995	31.26808
1995	31.11336
1995	30.95978
1995	28.88491
1995	27.02232
1995	26.65955
1995	26.61454
1995	26.49732
1995	25.53266
1995	25.25679
1995	24.71984
1995	24.62227
1995	24.3126
1995	23.35195
1995	22.97041
1995	22.81394
1995	22.77519
1995	22.11219
1995	21.70389
1995	21.07243
1995	20.5547
1995	19.60767
1995	19.10099
1995	18.49227
1995	18.44851
1995	18.36279
1995	17.48075
1995	15.61797
1995	15.4468
1995	15.18451
1995	15.10058
1995	15.0074
1995	15
1995	14.82916
1995	14.10477
1995	13.2609
1995	13.09718
1995	13.07397
1995	11.67529
1995	11.66863
1995	11.47726
1995	10.96852
1995	10.90648
1995	10.86497
1995	10.2798
1995	9.73022
1995	8.84578
1995	8.41827
1995	8.39465
1995	8.37385
1995	8.23
1995	8.21426
1995	8.11173
1995	8.00178
1995	7.76926
1995	7.25827
1995	7.18958
1995	7.12112
1995	7.01447
1995	6.885
1995	6.68162
1995	6.36422
1995	6.31781
1995	6.23836
1995	6.16334
1995	5.69241
1995	5.6628
1995	5.19067
1995	4.90134
1995	4.86608
1995	4.77419
1995	4.76085
1995	4.55789
1995	4.23992
1995	4.12852
1995	3.8612
1995	3.77003
1995	3.60644
1995	3.55268
1995	3.47714
1995	3.45334
1995	3.3988
1995	3.27447
1995	2.53282
1995	2.52249
1995	2.36521
1995	2.35456
1995	2.29953
1995	2.29397
1995	2.04523
1995	2.00918
1995	1.93861
1995	1.51575
1995	1.47156
1995	1.45636
1995	1.40874
1995	1.19
1995	1.18451
1995	1.16564
1995	1.09863
1995	0.96704
1995	0.94121
1995	0.93093
1995	0.87385
1995	0.85945
1995	0.83536
1995	0.81597
1995	0.62197
1995	0.57929
1995	0.57723
1995	0.55615
1995	0.5303
1995	0.44041
1995	0.36578
1995	0.3249
1995	0.32186
1995	0.18688
1995	0.14729
1995	0.08894
1995	0.04381
1995	0.02044
1996	18308.90527
1996	5739
1996	3610.08515
1996	2922
1996	2619.45479
1996	2101
1996	1949
1996	1920
1996	1904.35022
1996	1853
1996	1852
1996	1820
1996	1680.91881
1996	1331.67935
1996	1199
1996	1118.66805
1996	858.50007
1996	831
1996	780.35438
1996	761
1996	749.40733
1996	634
1996	593
1996	586.33355
1996	501.10215
1996	478.55319
1996	469.45978
1996	443.80883
1996	435.2559
1996	427.72512
1996	412
1996	392.98889
1996	368
1996	361
1996	346.13934
1996	326.9029
1996	305.57339
1996	286.05254
1996	281
1996	278.1295
1996	272
1996	256.99297
1996	254
1996	245.2424
1996	235
1996	229.34461
1996	220
1996	217.35864
1996	213.63509
1996	206.02884
1996	203
1996	197.8524
1996	192.41821
1996	189.17302
1996	186.831
1996	182.68287
1996	174.86601
1996	173
1996	153.38766
1996	145
1996	144.05969
1996	137.44928
1996	133.54403
1996	129.17257
1996	125
1996	122
1996	118.57268
1996	115.76418
1996	91.81833
1996	85.31918
1996	77.98142
1996	77.88128
1996	73.80589
1996	73.28674
1996	72.28111
1996	69.29403
1996	68
1996	65.51968
1996	62.06017
1996	61.97097
1996	56.89617
1996	54.39102
1996	53.22464
1996	52.13417
1996	49.22836
1996	48.22062
1996	47.84363
1996	46.66462
1996	46.64921
1996	43.97288
1996	42.25984
1996	39.90275
1996	38
1996	34.78508
1996	34.15273
1996	30.3676
1996	30.36634
1996	30.07744
1996	28.2023
1996	28.01063
1996	27.17768
1996	26.33707
1996	25.455
1996	25.19415
1996	25.14114
1996	25.00003
1996	23.34134
1996	22.95494
1996	22.52581
1996	22.05464
1996	21.61475
1996	21.31897
1996	20.43944
1996	20.05585
1996	19.74961
1996	19.62482
1996	19.18858
1996	18.53036
1996	18.51964
1996	18.37128
1996	17
1996	16.05776
1996	15.95363
1996	15.21675
1996	15.14302
1996	15.05599
1996	15.03578
1996	14.49
1996	13.26544
1996	13.11409
1996	12.63014
1996	12.33287
1996	11.86402
1996	11.67539
1996	11.55697
1996	11.55281
1996	11.356
1996	11.09351
1996	10.96852
1996	9.54
1996	9.4174
1996	9.05126
1996	8.86366
1996	8.82717
1996	8.60096
1996	8.41488
1996	8.23
1996	7.9158
1996	7.84063
1996	7.4715
1996	7.32355
1996	7.18471
1996	7.11
1996	7.04473
1996	6.96779
1996	6.717
1996	6.1465
1996	5.99609
1996	5.64733
1996	5.02115
1996	4.97735
1996	4.85279
1996	4.76822
1996	4.76115
1996	4.69519
1996	4.34749
1996	4.16385
1996	3.8612
1996	3.82216
1996	3.76653
1996	3.65773
1996	3.62525
1996	3.46764
1996	3.44391
1996	3.44377
1996	3.26552
1996	2.61899
1996	2.56448
1996	2.45393
1996	2.36495
1996	2.32186
1996	2.06161
1996	2.04738
1996	1.95899
1996	1.93577
1996	1.51161
1996	1.46754
1996	1.45238
1996	1.40489
1996	1.234
1996	1.22145
1996	1.19
1996	1.16246
1996	0.9644
1996	0.93863
1996	0.93249
1996	0.92839
1996	0.90112
1996	0.89423
1996	0.88817
1996	0.70117
1996	0.57929
1996	0.57566
1996	0.55615
1996	0.52885
1996	0.43921
1996	0.41139
1996	0.32186
1996	0.30071
1996	0.21041
1996	0.14689
1996	0.08894
1996	0.04369
1996	0.02038
1997	18620.30308
1997	5702
1997	3916.26994
1997	2917
1997	2562.48238
1997	2255
1997	2030.68442
1997	1969
1997	1940
1997	1934
1997	1888
1997	1810
1997	1765.49128
1997	1383.59553
1997	1266
1997	1221.68774
1997	942.2718
1997	848
1997	793
1997	781.23043
1997	774.99557
1997	631
1997	629.88319
1997	611
1997	531.42819
1997	476.25969
1997	469.34253
1997	454.5653
1997	443.35239
1997	438.69584
1997	391
1997	391
1997	374
1997	372.45021
1997	364.84606
1997	333.03628
1997	317.2559
1997	297
1997	286.51395
1997	277.25129
1997	269.91229
1997	268
1997	254
1997	239.94211
1997	231.46954
1997	228.17707
1997	227
1997	220
1997	217.52016
1997	211.91686
1997	204
1997	200.00222
1997	199.44607
1997	198.90599
1997	186.04342
1997	185.12725
1997	179.24658
1997	169
1997	156.54981
1997	149
1997	146.1234
1997	139.86756
1997	134.87897
1997	134
1997	129
1997	128.77309
1997	128.5937
1997	106.7719
1997	97.25647
1997	88.47006
1997	84.12302
1997	80.86085
1997	78.96082
1997	78.17996
1997	76.56215
1997	74
1997	73.72532
1997	67.41757
1997	66.5076
1997	66.39357
1997	66.05704
1997	60.10422
1997	58.26438
1997	56.25735
1997	55.91315
1997	48.56948
1997	48.45948
1997	44.01921
1997	42.74868
1997	40.40721
1997	40.32057
1997	40
1997	37.11147
1997	36.44767
1997	34.95288
1997	32.15894
1997	31.00835
1997	30.72348
1997	30.42038
1997	29.45577
1997	27.78342
1997	27.15735
1997	26.98901
1997	26.02162
1997	25.35276
1997	25.29386
1997	24.69803
1997	23.50352
1997	23.49622
1997	23.14885
1997	22.46769
1997	21.99452
1997	21.06907
1997	20.92279
1997	20.88196
1997	19.6663
1997	19.54923
1997	18.49512
1997	18.446
1997	18.42441
1997	17.13797
1997	17
1997	16.61309
1997	16.2031
1997	16.08946
1997	15.61798
1997	15.45061
1997	15.25102
1997	13.36742
1997	13.29512
1997	13.12681
1997	12.51443
1997	12.47337
1997	11.75825
1997	11.58863
1997	11.16718
1997	11.1323
1997	11.09447
1997	10.27205
1997	9.81902
1997	9.68134
1997	9.43115
1997	9.37385
1997	9.27222
1997	9.18597
1997	8.93671
1997	8.62452
1997	8.50382
1997	7.98658
1997	7.86211
1997	7.83667
1997	7.59962
1997	7.36252
1997	7.35129
1997	7.29729
1997	7.1866
1997	7.109
1997	6.16334
1997	6.0086
1997	5.78338
1997	5.61995
1997	5.00281
1997	4.99099
1997	4.86608
1997	4.84203
1997	4.78129
1997	4.36787
1997	4.34466
1997	3.8612
1997	3.83263
1997	3.70063
1997	3.69649
1997	3.66775
1997	3.52822
1997	3.47714
1997	3.40205
1997	3.1909
1997	3.12956
1997	2.6466
1997	2.59479
1997	2.57567
1997	2.37142
1997	2.06726
1997	2.04321
1997	2.01211
1997	2.00945
1997	1.55003
1997	1.51575
1997	1.47299
1997	1.47156
1997	1.45636
1997	1.22992
1997	1.19
1997	1.16564
1997	1.00597
1997	0.96704
1997	0.96167
1997	0.93093
1997	0.92551
1997	0.91362
1997	0.8906
1997	0.7031
1997	0.58088
1997	0.55767
1997	0.5303
1997	0.44041
1997	0.41252
1997	0.39419
1997	0.32274
1997	0.32197
1997	0.23142
1997	0.14729
1997	0.08894
1997	0.04381
1997	0.02044
1998	18917.13981
1998	5507
1998	4105.83456
1998	2923
1998	2488.6083
1998	2095.91724
1998	2043
1998	2002
1998	1943
1998	1931
1998	1917
1998	1844.37257
1998	1792
1998	1439.35911
1998	1356
1998	1217.4795
1998	905.60359
1998	852
1998	807.79512
1998	802
1998	736.54742
1998	650.22845
1998	629
1998	622
1998	554.87693
1998	491.56901
1998	456.75653
1998	450.77405
1998	449.2277
1998	447.36397
1998	404
1998	401
1998	392
1998	381.36059
1998	365.88371
1998	346.83517
1998	325
1998	322.47808
1998	289.01999
1998	281
1998	266
1998	260.10138
1998	249.52564
1998	248.18249
1998	239.23521
1998	237.83012
1998	229.48012
1998	223
1998	221
1998	210
1998	205.98802
1998	196.64181
1998	194.0049
1998	191.54202
1998	187.20728
1998	183.54
1998	175
1998	170.98792
1998	158.64263
1998	156
1998	150
1998	147.0172
1998	145.84023
1998	144.20462
1998	137.23483
1998	135.45441
1998	129
1998	103.03797
1998	99.70389
1998	96.21347
1998	89.6079
1998	86.24738
1998	85.33135
1998	84.65897
1998	80.66064
1998	74
1998	73.65624
1998	70.55065
1998	66.73451
1998	63.44068
1998	61.19647
1998	60.29589
1998	58.44867
1998	58.43692
1998	58.08549
1998	53.53545
1998	51.33342
1998	50.50559
1998	46.19695
1998	44.17886
1998	42
1998	41.86378
1998	40.40893
1998	37.79298
1998	35.14238
1998	35.00317
1998	34.96511
1998	31.94414
1998	30.97874
1998	29.95408
1998	29.00879
1998	27.70728
1998	27.36258
1998	26.7867
1998	26.76984
1998	25.5083
1998	25.17136
1998	24.56164
1998	23.89138
1998	23.4059
1998	23.25315
1998	22.36694
1998	22.35764
1998	22.20582
1998	21.84187
1998	21.45145
1998	20.73836
1998	20.16438
1998	19.78598
1998	19.30048
1998	18.01485
1998	18
1998	17.144
1998	17.01044
1998	16.34784
1998	15.983
1998	15.81746
1998	15.37506
1998	15.34786
1998	15.28811
1998	15.02839
1998	14.82905
1998	14.32797
1998	13.91129
1998	13.1527
1998	12.26334
1998	11.75825
1998	11.75166
1998	11.1323
1998	10.45468
1998	10.07385
1998	9.91781
1998	9.48847
1998	9.48767
1998	9.29123
1998	8.93671
1998	8.92838
1998	8.68493
1998	8.55347
1998	8.48701
1998	8.45907
1998	8.28973
1998	7.90693
1998	7.89775
1998	7.63104
1998	7.15849
1998	6.92
1998	6.26803
1998	6.08384
1998	5.80768
1998	5.33452
1998	5.21682
1998	5.05145
1998	5.03315
1998	4.92288
1998	4.86608
1998	4.78129
1998	4.38986
1998	4.34466
1998	3.8612
1998	3.83263
1998	3.74159
1998	3.70063
1998	3.66775
1998	3.57877
1998	3.47714
1998	3.40205
1998	3.21037
1998	2.74008
1998	2.73679
1998	2.63696
1998	2.41359
1998	2.20671
1998	2.06726
1998	2.05107
1998	2.01211
1998	1.60411
1998	1.47299
1998	1.47156
1998	1.45636
1998	1.38655
1998	1.22992
1998	1.2
1998	1.19085
1998	1.16564
1998	0.96704
1998	0.962
1998	0.96167
1998	0.93093
1998	0.89701
1998	0.8906
1998	0.7031
1998	0.60425
1998	0.58104
1998	0.5303
1998	0.45844
1998	0.44041
1998	0.41252
1998	0.34534
1998	0.32274
1998	0.18762
1998	0.14729
1998	0.09783
1998	0.04381
1998	0.02044
1999	19519.33718
1999	5642
1999	4363.6011
1999	2836
1999	2537.6239
1999	2130.31388
1999	2084
1999	2043
1999	2031.25029
1999	2031
1999	2016
1999	1891
1999	1811
1999	1479.22418
1999	1396
1999	1205.00154
1999	963.73058
1999	875
1999	852.63565
1999	828
1999	734.26449
1999	643.47888
1999	627
1999	593
1999	563.87036
1999	523.20299
1999	465.66581
1999	461.21041
1999	454.31852
1999	451.29477
1999	420
1999	394
1999	383
1999	369.66546
1999	368.56901
1999	337
1999	323.86157
1999	288.50674
1999	282
1999	277.39934
1999	264.0338
1999	258.87915
1999	255.77928
1999	253
1999	251.96727
1999	244.25926
1999	237.588
1999	222
1999	220
1999	215.56865
1999	211
1999	197.7933
1999	194.99763
1999	191.56094
1999	174
1999	171.22771
1999	168
1999	160.52123
1999	158.84222
1999	157.9638
1999	153.61644
1999	150.13631
1999	149.70068
1999	149.46002
1999	149
1999	145.61644
1999	131
1999	128.39666
1999	103.99382
1999	99.24097
1999	97.2558
1999	95.61113
1999	90.90304
1999	89.23558
1999	79.28754
1999	78.40026
1999	71.18464
1999	68.5862
1999	68
1999	67.33239
1999	66.01177
1999	61.96457
1999	59.15939
1999	57.56796
1999	53.8289
1999	53.50696
1999	53.40447
1999	52.24482
1999	48.58415
1999	48.37612
1999	45
1999	43.47235
1999	43.25378
1999	38.30772
1999	36.47548
1999	35.74551
1999	32.70134
1999	31.36488
1999	31.13963
1999	30.99918
1999	30.746
1999	30.62668
1999	30.16552
1999	29.99314
1999	29.52962
1999	27.77527
1999	26.94353
1999	24.31124
1999	23.96354
1999	23.35226
1999	23.25315
1999	22.36243
1999	22.32877
1999	22.29041
1999	21.58354
1999	21.36151
1999	21.25258
1999	21.0567
1999	20.5726
1999	19.9966
1999	18.59101
1999	18.03823
1999	18
1999	17.42163
1999	17.01044
1999	16.92921
1999	16.412
1999	16.34784
1999	16.10095
1999	15.39784
1999	14.82905
1999	13.18873
1999	13.1527
1999	11.99918
1999	11.86151
1999	11.75825
1999	11.60506
1999	11.16421
1999	11.1323
1999	11.05468
1999	10.03381
1999	9.91781
1999	9.85699
1999	9.78759
1999	9.73847
1999	9.48767
1999	9.21907
1999	8.93671
1999	8.68493
1999	8.66175
1999	8.55347
1999	8.28973
1999	7.90693
1999	7.89537
1999	7.68175
1999	7.15849
1999	6.81329
1999	6.52973
1999	6.26803
1999	6.08384
1999	5.80768
1999	5.69753
1999	5.33452
1999	5.03315
1999	4.92288
1999	4.86608
1999	4.78129
1999	4.38986
1999	4.17564
1999	3.8612
1999	3.83263
1999	3.74159
1999	3.70063
1999	3.66775
1999	3.57877
1999	3.47714
1999	3.40205
1999	3.25718
1999	2.74008
1999	2.73679
1999	2.63696
1999	2.41359
1999	2.20671
1999	2.06726
1999	2.05107
1999	2.01211
1999	1.60411
1999	1.47299
1999	1.47156
1999	1.45636
1999	1.38655
1999	1.22992
1999	1.2
1999	1.19085
1999	1.16564
1999	0.96704
1999	0.962
1999	0.96167
1999	0.93093
1999	0.89701
1999	0.8906
1999	0.7031
1999	0.60425
1999	0.58104
1999	0.5303
1999	0.45844
1999	0.44041
1999	0.41252
1999	0.34534
1999	0.32274
1999	0.18762
1999	0.14729
1999	0.09783
1999	0.04381
1999	0.02044
2000	19701.0762
2000	5515.4262
2000	4795.71476
2000	2766.7514
2000	2578.49807
2000	2166.2849
2000	2135.3306
2000	2127.43846
2000	2095.9262
2000	2013.9098
2000	1999.5956
2000	1853.7678
2000	1765.4399
2000	1537.10135
2000	1433.1995
2000	1248.31697
2000	1036.70413
2000	872.429
2000	865.3021
2000	854.5164
2000	724.94033
2000	666.8825
2000	660.3006
2000	606.3169
2000	552.80492
2000	510.92666
2000	499.70728
2000	465.02397
2000	462.31507
2000	457.92609
2000	411.2623
2000	399.2131
2000	365.01437
2000	361.9863
2000	352.76879
2000	332.7049
2000	330.48427
2000	277.48742
2000	273.9508
2000	264.42198
2000	260.14025
2000	255.52385
2000	255.35666
2000	250.5984
2000	245.56514
2000	244.9176
2000	235.89713
2000	224.23827
2000	212.8224
2000	211.3954
2000	210.28254
2000	210
2000	206.17712
2000	201.35484
2000	195.00103
2000	194.74788
2000	175.70699
2000	169.9809
2000	169.8142
2000	158.4797
2000	156.795
2000	146.09207
2000	143.2459
2000	139.767
2000	136.88773
2000	133.8224
2000	130.53807
2000	110.06245
2000	105.53167
2000	101.07572
2000	99.8835
2000	96.61733
2000	85.53877
2000	84.54766
2000	77.38338
2000	74.60048
2000	70.96349
2000	68.79917
2000	66.765
2000	66.08131
2000	65.64429
2000	62.47702
2000	62.36065
2000	59.28765
2000	56.80086
2000	56.5316
2000	52.54117
2000	52.28057
2000	48.17414
2000	48.10438
2000	47.5519
2000	47.49666
2000	43.17581
2000	43.10575
2000	41.08896
2000	38.06215
2000	36.96133
2000	36.74748
2000	36.28123
2000	35.20768
2000	32.90027
2000	29.55074
2000	29.25882
2000	28.85522
2000	28.10656
2000	25.3785
2000	25.34623
2000	25.09844
2000	24.67671
2000	24.01982
2000	23.76278
2000	23.33237
2000	23.28591
2000	22.93053
2000	22.73397
2000	22.72645
2000	22.22257
2000	22.07082
2000	21.03669
2000	19.87986
2000	19.23178
2000	18.58219
2000	18.2295
2000	18.15885
2000	17.72478
2000	17.45619
2000	16.16798
2000	15.84167
2000	14.94098
2000	14.90361
2000	14.15525
2000	13.96549
2000	13.34537
2000	12.63063
2000	12.4268
2000	12.14297
2000	12.13131
2000	12.04709
2000	11.36612
2000	11.20582
2000	10.82079
2000	10.80984
2000	10.74075
2000	10.5695
2000	10.32929
2000	10.3277
2000	10.11658
2000	9.58288
2000	9.46634
2000	9.32773
2000	8.97866
2000	8.58825
2000	8.5609
2000	8.49533
2000	8.21238
2000	7.81249
2000	7.47932
2000	7.08227
2000	6.51367
2000	6.3362
2000	6.14855
2000	5.25691
2000	5.18773
2000	4.97757
2000	4.8
2000	4.72478
2000	4.70555
2000	4.57628
2000	4.46232
2000	4.40018
2000	4.16475
2000	3.8406
2000	3.8365
2000	3.7441
2000	3.65773
2000	3.65473
2000	3.53
2000	3.49888
2000	3.13604
2000	2.93596
2000	2.72932
2000	2.6365
2000	2.38661
2000	2.32811
2000	2.2973
2000	2.19522
2000	2.00825
2000	1.78975
2000	1.67716
2000	1.53156
2000	1.50432
2000	1.46754
2000	1.4
2000	1.3418
2000	1.21191
2000	1.20615
2000	0.97975
2000	0.96989
2000	0.96495
2000	0.95656
2000	0.91787
2000	0.70117
2000	0.64164
2000	0.61404
2000	0.58913
2000	0.56443
2000	0.50087
2000	0.41139
2000	0.38721
2000	0.37063
2000	0.1871
2000	0.16727
2000	0.15511
2000	0.09783
2000	0.02038
2001	19648.70493
2001	5411.9534
2001	4917.88185
2001	2807.4603
2001	2590.23179
2001	2206.07876
2001	2183.73028
2001	2132.0411
2001	2068.7041
2001	2054.074
2001	2043.1698
2001	1832.4438
2001	1746.9863
2001	1606.29944
2001	1492.3315
2001	1285.31813
2001	1077.00463
2001	893.6548
2001	881.72385
2001	871.0681
2001	707.5564
2001	701.61045
2001	618.6219
2001	609.0685
2001	544.66808
2001	544.46617
2001	489.07897
2001	475.10421
2001	474.39381
2001	458.2411
2001	405.7288
2001	404.6877
2001	369.0027
2001	360.12451
2001	346.85363
2001	333.8575
2001	324.64581
2001	305.68901
2001	304.45932
2001	276.8356
2001	275.18396
2001	273.36482
2001	271.18171
2001	267.0438
2001	253.72949
2001	245.38485
2001	232.48549
2001	228.90572
2001	225.1721
2001	219.6011
2001	217.91445
2001	213.86416
2001	213.4109
2001	211.537
2001	210.45053
2001	203.59865
2001	182.4274
2001	178.7534
2001	178.5697
2001	161.22382
2001	153.87177
2001	148.25523
2001	139.96972
2001	138.1562
2001	134.8822
2001	130.3312
2001	119.88992
2001	113.95028
2001	102.45388
2001	101.31773
2001	101.30681
2001	98.83847
2001	91.69868
2001	87.22116
2001	85.53626
2001	81.93629
2001	81.2547
2001	80.28356
2001	74.14633
2001	73.3791
2001	71.86007
2001	71.1581
2001	66.20467
2001	65.9002
2001	55.98863
2001	54.71956
2001	54.63841
2001	54.48447
2001	52.02362
2001	51.92744
2001	51.62806
2001	50.6173
2001	46.74128
2001	43.03732
2001	39.40596
2001	37.5861
2001	37.09082
2001	36.26958
2001	34.10713
2001	33.65115
2001	33.00392
2001	29.74678
2001	29.444
2001	28.99946
2001	25.57661
2001	24.95694
2001	24.06136
2001	23.97912
2001	23.73696
2001	23.53744
2001	23.45882
2001	23.30833
2001	22.68161
2001	22.67871
2001	22.53761
2001	22.51002
2001	21.84008
2001	21.74671
2001	21.72496
2001	20.47167
2001	20.21118
2001	19.28447
2001	18.94756
2001	18.53471
2001	18.47682
2001	17.4909
2001	15.25786
2001	15.06027
2001	15.05071
2001	14.98192
2001	13.45738
2001	13.32438
2001	12.66935
2001	12.65964
2001	12.52712
2001	11.76068
2001	11.59219
2001	11.53437
2001	11.39726
2001	11.38219
2001	11.23088
2001	11.09808
2001	10.88293
2001	10.72567
2001	10.55534
2001	10.37063
2001	10.19074
2001	10.10764
2001	9.86241
2001	9.53329
2001	9.52222
2001	9.36707
2001	9.24867
2001	9.00326
2001	8.61178
2001	8.30436
2001	7.58405
2001	6.8174
2001	6.53151
2001	6.35356
2001	6.29258
2001	6.2617
2001	5.5859
2001	5.34923
2001	5.24192
2001	5.06858
2001	4.92858
2001	4.8
2001	4.69249
2001	4.58882
2001	4.45795
2001	3.95178
2001	3.85112
2001	3.77279
2001	3.75436
2001	3.63197
2001	3.53
2001	3.50973
2001	3.37441
2001	3.0951
2001	2.79792
2001	2.73679
2001	2.43668
2001	2.41359
2001	2.32403
2001	2.23992
2001	2.01375
2001	1.91729
2001	1.70219
2001	1.60636
2001	1.492
2001	1.4
2001	1.36885
2001	1.23438
2001	1.20945
2001	1.14877
2001	1.04816
2001	1.04742
2001	0.97255
2001	0.96759
2001	0.87811
2001	0.74847
2001	0.7031
2001	0.66677
2001	0.61573
2001	0.56597
2001	0.45844
2001	0.41252
2001	0.38827
2001	0.37164
2001	0.18762
2001	0.16773
2001	0.10816
2001	0.08542
2001	0.02044
2002	19761.30367
2002	5318.7589
2002	5160.71446
2002	2710.4
2002	2636.40875
2002	2263.43936
2002	2149.1534
2002	2131.59593
2002	2065.0657
2002	2019.1397
2002	1984.611
2002	1870.1315
2002	1738.6383
2002	1676.24767
2002	1504.5288
2002	1350.34668
2002	1125.64997
2002	898.3233
2002	893.73787
2002	882.4226
2002	763.2703
2002	698.03931
2002	657.726
2002	617.2685
2002	570.67316
2002	564.70081
2002	497.37299
2002	475.44208
2002	462.74771
2002	438.29599
2002	408.3945
2002	406.4329
2002	372.589
2002	355.89488
2002	343.2247
2002	337.75398
2002	334.62612
2002	308.03499
2002	303.94651
2002	285.15727
2002	273.6192
2002	272.63485
2002	267.6822
2002	261.19847
2002	256.08473
2002	246.46022
2002	233.96109
2002	233.34913
2002	232.28448
2002	224.55862
2002	218.596
2002	217.2055
2002	217.15918
2002	212.07521
2002	201.51358
2002	197.1644
2002	192.90208
2002	179.4055
2002	175.9973
2002	164.28099
2002	152.33588
2002	151.36345
2002	141.72825
2002	140.7178
2002	140.3945
2002	123.43725
2002	116.15299
2002	112.31097
2002	110.35008
2002	105.73424
2002	103.3301
2002	101.91553
2002	93.24432
2002	89.48719
2002	87.86296
2002	83.81769
2002	82.8765
2002	82.77266
2002	78.45829
2002	76.59439
2002	76.40786
2002	70.50978
2002	67.77564
2002	64.5576
2002	62.25185
2002	58.29697
2002	57.23217
2002	53.03532
2002	51.7302
2002	51.17241
2002	51.03932
2002	50.88289
2002	46.72355
2002	44.89467
2002	39.66431
2002	39.01227
2002	38.64913
2002	38.63671
2002	37.04171
2002	36.33874
2002	34.52114
2002	30.05438
2002	28.3146
2002	28.23055
2002	25.63893
2002	25.44528
2002	25.4155
2002	25.05413
2002	24.52539
2002	24.27649
2002	23.91773
2002	23.52372
2002	23.14564
2002	23.06962
2002	22.74501
2002	22.45295
2002	22.3206
2002	22.25622
2002	22.03548
2002	21.9406
2002	21.72647
2002	20.16704
2002	20.12625
2002	19.78818
2002	18.49175
2002	18.0484
2002	18.04836
2002	15.50816
2002	15.41704
2002	15.31081
2002	13.66651
2002	13.65803
2002	12.87597
2002	12.29387
2002	12.19523
2002	12.18905
2002	12.12732
2002	11.98485
2002	11.93556
2002	11.72559
2002	11.59627
2002	11.46987
2002	11.45564
2002	11.40044
2002	11.27318
2002	11.08044
2002	10.67178
2002	10.64647
2002	10.37063
2002	10.09052
2002	10.01521
2002	9.92975
2002	9.15671
2002	8.92003
2002	8.80192
2002	8.36203
2002	8.08926
2002	7.78482
2002	6.53151
2002	6.52838
2002	6.40399
2002	6.18699
2002	6.0083
2002	5.72485
2002	5.41184
2002	5.29926
2002	5.26529
2002	4.82963
2002	4.82458
2002	4.8
2002	4.78504
2002	4.58934
2002	4.49115
2002	4.20151
2002	3.81732
2002	3.81367
2002	3.66775
2002	3.53
2002	3.5289
2002	3.35734
2002	2.85181
2002	2.83005
2002	2.49222
2002	2.41359
2002	2.40518
2002	2.32882
2002	2.01375
2002	1.96696
2002	1.7449
2002	1.70219
2002	1.492
2002	1.4123
2002	1.4
2002	1.30704
2002	1.25326
2002	1.14877
2002	1.12375
2002	1.0883
2002	1.01636
2002	1.00756
2002	0.81564
2002	0.77959
2002	0.7031
2002	0.68849
2002	0.63616
2002	0.60978
2002	0.45844
2002	0.41252
2002	0.38827
2002	0.37164
2002	0.21696
2002	0.20805
2002	0.08542
2002	0.08378
2002	0.02044
2003	20033.50685
2003	5578.11051
2003	5428.4137
2003	2681.86287
2003	2662.3671
2003	2346.32825
2003	2190.7123
2003	2175.3836
2003	2055.68281
2003	2015.6603
2003	2001.2931
2003	1859.6548
2003	1774.58907
2003	1758.7616
2003	1542.3644
2003	1425.65445
2003	1142.67293
2003	929.9011
2003	918.6411
2003	888.0264
2003	832.31745
2003	668.30419
2003	654.5534
2003	644.9726
2003	561.10781
2003	540.64298
2003	490.2106
2003	479.85719
2003	457.37876
2003	449.99246
2003	430.6685
2003	428.7288
2003	369.011
2003	336.59883
2003	333.00985
2003	332.60964
2003	325.9808
2003	322.45701
2003	297.82679
2003	288.811
2003	288.47458
2003	276.58474
2003	270.0959
2003	265.35573
2003	257.10333
2003	251.98969
2003	244.08873
2003	235.76741
2003	229.2695
2003	228.77103
2003	220.3671
2003	219.60536
2003	217.80925
2003	214.6203
2003	206.9837
2003	204.84513
2003	188.2712
2003	187.5726
2003	176.2438
2003	167.06915
2003	154.22394
2003	150.46685
2003	146.05752
2003	145.5315
2003	142.82887
2003	136.4222
2003	121.49196
2003	115.27981
2003	110.77723
2003	108.77621
2003	106.42877
2003	104.49362
2003	102.21437
2003	91.34114
2003	87.65918
2003	86.78452
2003	84.66936
2003	83.86589
2003	78.26835
2003	77.57036
2003	74.9768
2003	71.88333
2003	70.43461
2003	65.75789
2003	65.42314
2003	64.98263
2003	58.43255
2003	55.507
2003	54.20291
2003	51.99504
2003	51.59596
2003	51.55871
2003	47.46024
2003	46.25618
2003	42.3555
2003	41.92412
2003	41.5376
2003	39.91049
2003	36.69401
2003	36.53923
2003	35.96662
2003	31.34004
2003	30.32227
2003	29.81885
2003	27.55088
2003	27.4935
2003	27.39992
2003	26.59715
2003	26.02275
2003	25.94879
2003	25.64036
2003	25.17555
2003	24.52102
2003	24.35949
2003	23.73658
2003	23.66844
2003	23.49668
2003	23.29956
2003	23.21052
2003	22.91255
2003	21.76819
2003	20.54994
2003	20.40756
2003	19.80205
2003	18.49962
2003	18.3057
2003	17.98227
2003	16.63564
2003	15.84255
2003	15.71815
2003	15.67241
2003	15.39726
2003	14.23659
2003	14.19951
2003	14.15814
2003	13.39367
2003	12.93968
2003	12.90901
2003	12.7373
2003	12.58462
2003	12.44115
2003	12.26068
2003	11.72637
2003	11.6506
2003	11.54638
2003	11.18921
2003	11.08044
2003	11.07882
2003	10.6866
2003	10.57063
2003	10.34825
2003	10.01521
2003	9.71222
2003	9.57267
2003	9.15671
2003	8.4029
2003	8.13277
2003	8.05118
2003	6.98335
2003	6.96359
2003	6.81129
2003	6.55337
2003	6.28537
2003	6.04204
2003	5.73433
2003	5.54297
2003	5.43301
2003	5.40477
2003	5.32734
2003	5.18296
2003	4.8
2003	4.53496
2003	4.24093
2003	3.9823
2003	3.83411
2003	3.81732
2003	3.81301
2003	3.74027
2003	3.53
2003	3.45674
2003	2.94397
2003	2.93852
2003	2.73718
2003	2.50085
2003	2.46942
2003	2.32882
2003	2.01375
2003	1.99033
2003	1.75915
2003	1.70219
2003	1.53288
2003	1.4123
2003	1.4
2003	1.37677
2003	1.25326
2003	1.19332
2003	1.12992
2003	1.12375
2003	1.10379
2003	1.01636
2003	1.00756
2003	0.88282
2003	0.78852
2003	0.77959
2003	0.68849
2003	0.63616
2003	0.60978
2003	0.49932
2003	0.47677
2003	0.41545
2003	0.38827
2003	0.21696
2003	0.20805
2003	0.08542
2003	0.08378
2003	0.02044
2004	20731.15027
2004	6437.48377
2004	5318.765
2004	2750.81387
2004	2649.3989
2004	2429.61612
2004	2281.9645
2004	2155.1202
2004	2122.80671
2004	2069.2049
2004	2009.3388
2004	1884.4138
2004	1828.9235
2004	1785.4016
2004	1571.4372
2004	1488.52473
2004	1232.57245
2004	948.02225
2004	947.8661
2004	915.46632
2004	912.8835
2004	745.65578
2004	661.3716
2004	656.541
2004	603.91593
2004	552.84573
2004	508.03827
2004	503.91002
2004	502.66032
2004	471.78796
2004	454.1366
2004	419.7595
2004	368.3934
2004	351.13663
2004	337.22418
2004	327.959
2004	326.84615
2004	325.34412
2004	318.15318
2004	305.31851
2004	295.3716
2004	277.07379
2004	269.7158
2004	267.51582
2004	257.6186
2004	254.51024
2004	244.62684
2004	241.34587
2004	238.37421
2004	238.35263
2004	228.50067
2004	225.08886
2004	222.76292
2004	221.25186
2004	219.2322
2004	215.5217
2004	205.8989
2004	185.3333
2004	181.7541
2004	170.29291
2004	161.95668
2004	158.45931
2004	152.1107
2004	151.89558
2004	150.2732
2004	136.1967
2004	123.28182
2004	114.07414
2004	112.60131
2004	110.89677
2004	106.97502
2004	104.45404
2004	102.28997
2004	95.49809
2004	94.5529
2004	89.39993
2004	88.02798
2004	85.07921
2004	84.63662
2004	82.84643
2004	80.99088
2004	74.8416
2004	71.3326
2004	71.21046
2004	67.565
2004	66.39284
2004	63.91108
2004	62.4186
2004	59.17774
2004	55.07215
2004	54.54117
2004	52.6215
2004	49.6202
2004	48.28545
2004	45.29787
2004	41.9346
2004	41.85377
2004	41.56274
2004	41.2359
2004	40.29008
2004	38.47339
2004	33.84846
2004	32.63475
2004	32.44875
2004	29.48893
2004	29.09156
2004	28.82831
2004	28.59179
2004	27.7368
2004	27.17102
2004	26.95549
2004	26.87154
2004	26.46307
2004	26.09367
2004	25.01649
2004	24.94068
2004	24.80221
2004	24.35363
2004	24.02019
2004	23.5227
2004	21.37783
2004	19.95896
2004	19.64932
2004	19.0311
2004	18.81831
2004	18.20814
2004	17.57861
2004	17.39493
2004	17.1846
2004	16.77249
2004	16.15372
2004	15.9389
2004	15.12858
2004	15.03035
2004	14.67062
2004	14.29555
2004	13.71986
2004	13.4876
2004	13.37478
2004	13.32437
2004	13.27364
2004	12.96573
2004	12.95353
2004	12.72441
2004	12.27549
2004	12.23265
2004	12.2155
2004	12.12568
2004	11.84262
2004	11.83667
2004	11.37213
2004	11.31749
2004	10.87421
2004	10.06902
2004	9.13169
2004	8.48115
2004	8.15847
2004	7.79347
2004	7.10299
2004	7.0626
2004	6.75418
2004	6.71131
2004	6.61814
2004	6.26331
2004	5.79992
2004	5.67751
2004	5.41167
2004	5.16481
2004	4.87287
2004	4.86967
2004	4.8
2004	4.57989
2004	4.36929
2004	4.25041
2004	4.11989
2004	4.03779
2004	3.8644
2004	3.80689
2004	3.53
2004	3.50918
2004	2.89773
2004	2.6982
2004	2.68691
2004	2.67809
2004	2.46268
2004	2.20123
2004	2.07975
2004	2.00825
2004	2.0082
2004	1.77601
2004	1.69754
2004	1.52869
2004	1.46776
2004	1.4
2004	1.31648
2004	1.29645
2004	1.20016
2004	1.13814
2004	1.06019
2004	1.02626
2004	1.02301
2004	0.87156
2004	0.84227
2004	0.77183
2004	0.70907
2004	0.63443
2004	0.6285
2004	0.60434
2004	0.54164
2004	0.45801
2004	0.42926
2004	0.22787
2004	0.21637
2004	0.08355
2004	0.06407
2004	0.02038
2005	20802.16152
2005	6695.44375
2005	5327.9452
2005	2785.13646
2005	2620.6658
2005	2512.43088
2005	2314.9753
2005	2206.22366
2005	2191.337
2005	2116.6712
2005	1990.8877
2005	1963.64362
2005	1820.2849
2005	1780.5699
2005	1607.2575
2005	1556.44021
2005	1279.14978
2005	1021.3835
2005	954.848
2005	939.4891
2005	930.89366
2005	808.57578
2005	659.811
2005	659.3343
2005	625.23999
2005	583.15155
2005	541.02839
2005	536.62699
2005	521.84874
2005	483.01017
2005	470.4137
2005	423.8767
2005	374.22969
2005	359.5699
2005	352.42011
2005	340.7884
2005	336.9205
2005	336.18628
2005	331.30041
2005	329.93803
2005	311.62722
2005	299.2521
2005	271.3068
2005	270.70806
2005	264.92641
2005	259.85657
2005	258.65365
2005	257.5292
2005	254.75687
2005	244.58767
2005	228.97926
2005	221.88468
2005	218.4493
2005	216.7056
2005	215.2137
2005	212.948
2005	198.03543
2005	191.9096
2005	183.463
2005	174.13843
2005	171.30064
2005	159.40565
2005	157.73374
2005	154.7589
2005	152.7617
2005	145.26308
2005	128.17524
2005	115.41066
2005	115.35119
2005	113.89735
2005	112.43023
2005	108.74795
2005	97.45164
2005	95.75973
2005	95.59068
2005	89.93405
2005	87.11212
2005	86.76301
2005	86.087
2005	86.084
2005	84.3049
2005	78.5052
2005	76.59927
2005	72.0646
2005	70.28645
2005	69.94149
2005	68.97398
2005	68.35198
2005	65.8089
2005	64.71
2005	55.50742
2005	55.03419
2005	50.79877
2005	49.56101
2005	45.95419
2005	44.40115
2005	44.09142
2005	43.36019
2005	42.99365
2005	40.61221
2005	40.14169
2005	36.18445
2005	35.43307
2005	34.93783
2005	31.74588
2005	31.20335
2005	30.7343
2005	30.51584
2005	29.81233
2005	28.60345
2005	28.47564
2005	28.01786
2005	27.68965
2005	26.75644
2005	26.04668
2005	25.81028
2005	25.07973
2005	25.04556
2005	23.7977
2005	23.51874
2005	21.8909
2005	19.97633
2005	19.88729
2005	19.3614
2005	19.20378
2005	18.91285
2005	18.61871
2005	17.74545
2005	17.56263
2005	17.00136
2005	16.73267
2005	16.71896
2005	15.8046
2005	15.51688
2005	15.03973
2005	14.93321
2005	14.61923
2005	14.51945
2005	14.41088
2005	14.0741
2005	14.02728
2005	13.69773
2005	13.52603
2005	13.37901
2005	12.86071
2005	12.66823
2005	12.63121
2005	12.57825
2005	11.97918
2005	11.70542
2005	11.60485
2005	11.42321
2005	11.38992
2005	10.98573
2005	9.83068
2005	9.09145
2005	8.74384
2005	8.3254
2005	7.76391
2005	7.55155
2005	7.24591
2005	7.12225
2005	6.8934
2005	6.78595
2005	6.27107
2005	5.7191
2005	5.49677
2005	5.42521
2005	4.87249
2005	4.8597
2005	4.85773
2005	4.63625
2005	4.50488
2005	4.44085
2005	4.39866
2005	4.0657
2005	3.93923
2005	3.89359
2005	3.54904
2005	3.53
2005	3.03595
2005	2.81844
2005	2.63499
2005	2.63126
2005	2.56022
2005	2.09564
2005	2.08162
2005	2.01375
2005	1.92466
2005	1.8203
2005	1.80208
2005	1.63507
2005	1.5
2005	1.46044
2005	1.4511
2005	1.42556
2005	1.20016
2005	1.15184
2005	1.12808
2005	1.06995
2005	1.04918
2005	1.03482
2005	0.91775
2005	0.75537
2005	0.6711
2005	0.66956
2005	0.65953
2005	0.64981
2005	0.55679
2005	0.48263
2005	0.47553
2005	0.25912
2005	0.24893
2005	0.08542
2005	0.08378
2005	0.02657
2006	20687.41802
2006	7263.32828
2006	5197.4
2006	2803.46812
2006	2690.89808
2006	2638.9233
2006	2287.02865
2006	2228.8493
2006	2179.9041
2006	2122.9315
2006	2020.02079
2006	1991.1425
2006	1805.7343
2006	1776.5863
2006	1642.91506
2006	1588.1698
2006	1256.49156
2006	999.4767
2006	962.0318
2006	959.90644
2006	952.08511
2006	828.9589
2006	677.5863
2006	658.44207
2006	638.2274
2006	630.97502
2006	550.62859
2006	535.41874
2006	534.41372
2006	532.99287
2006	500.2931
2006	448.48776
2006	444.0959
2006	367.14376
2006	357.0768
2006	354.4685
2006	332.46999
2006	318.48151
2006	317.06052
2006	298.8164
2006	295.8247
2006	284.46655
2006	274.18991
2006	274.16409
2006	270.4438
2006	267.90918
2006	261.11815
2006	252.67145
2006	250.72986
2006	249.63634
2006	236.698
2006	234.46372
2006	223.3562
2006	217.62663
2006	211.5069
2006	210.73122
2006	202.2055
2006	190.4493
2006	180.78644
2006	174.28234
2006	173.53798
2006	170.08984
2006	163.1507
2006	157.0871
2006	154.3151
2006	140.06712
2006	137.20511
2006	116.72584
2006	116.04728
2006	115.57056
2006	114.37499
2006	107.73273
2006	103.32823
2006	94.99609
2006	94.98395
2006	90.77417
2006	89.08786
2006	88.32429
2006	87.42005
2006	86.74616
2006	86.35461
2006	84.38531
2006	78.3388
2006	78.03322
2006	77.92538
2006	73.154
2006	73.1393
2006	73.04882
2006	70.53295
2006	61.4387
2006	58.10441
2006	58.051
2006	56.2949
2006	55.77216
2006	46.97457
2006	46.7988
2006	46.20162
2006	45.72419
2006	45.20129
2006	44.26823
2006	40.01023
2006	39.14797
2006	37.85282
2006	37.16455
2006	37.15448
2006	33.9241
2006	33.71227
2006	31.88928
2006	30.9749
2006	30.85775
2006	29.90986
2006	28.25023
2006	28.06586
2006	27.45031
2006	26.52887
2006	26.12573
2006	25.98254
2006	25.78386
2006	25.61384
2006	22.20038
2006	21.62019
2006	20.79449
2006	20.61433
2006	20.0778
2006	19.62611
2006	19.43551
2006	19.11729
2006	17.91038
2006	17.88718
2006	16.9189
2006	16.57493
2006	16.14322
2006	15.56882
2006	15.4885
2006	15.19597
2006	15.07622
2006	15.07559
2006	14.54259
2006	14.53205
2006	14.24945
2006	14.2274
2006	14.09169
2006	13.89145
2006	13.88156
2006	13.83373
2006	13.78266
2006	13.58921
2006	13.55126
2006	12.94095
2006	12.87863
2006	12.28175
2006	11.45673
2006	11.26252
2006	10.54776
2006	9.3
2006	9.29823
2006	8.67433
2006	8.4473
2006	8.22608
2006	7.84269
2006	7.74661
2006	7.20362
2006	6.96022
2006	6.95419
2006	6.70126
2006	5.9174
2006	5.62323
2006	5.40625
2006	5.36732
2006	5.11005
2006	4.92167
2006	4.86392
2006	4.49951
2006	4.47137
2006	4.40441
2006	4.40244
2006	4.14072
2006	4.14
2006	4.02227
2006	3.93067
2006	3.19153
2006	3.08033
2006	2.891
2006	2.7471
2006	2.55655
2006	2.54501
2006	2.22466
2006	2.20323
2006	2.06
2006	1.98396
2006	1.92331
2006	1.70219
2006	1.63507
2006	1.57085
2006	1.5529
2006	1.45096
2006	1.32337
2006	1.2206
2006	1.2017
2006	1.1732
2006	1.16811
2006	1.11449
2006	1.10471
2006	1.02581
2006	0.83819
2006	0.7662
2006	0.72553
2006	0.69142
2006	0.65359
2006	0.56356
2006	0.52058
2006	0.49496
2006	0.27085
2006	0.26077
2006	0.08
2006	0.07973
2006	0.03066
2007	20680.37798
2007	7534.08151
2007	5037.0438
2007	2800.75422
2007	2697.38699
2007	2416.4055
2007	2355.08244
2007	2283.3178
2007	2240.5096
2007	2172.8055
2007	2144.44867
2007	1979.2219
2007	1752.8575
2007	1728.7041
2007	1655.69699
2007	1611.1397
2007	1226.94285
2007	1111.274
2007	976.4434
2007	952.49781
2007	941.344
2007	889.58779
2007	693.53286
2007	691.10455
2007	689.8055
2007	640.3753
2007	586.96589
2007	570.80792
2007	560.83544
2007	544.9369
2007	520.6383
2007	477.58296
2007	449.9041
2007	382.25948
2007	361.73093
2007	350.3699
2007	327.52619
2007	321.60551
2007	314.27814
2007	308.4192
2007	292.9671
2007	282
2007	279.89112
2007	277.2157
2007	271.29016
2007	271.09126
2007	268.94167
2007	264.30652
2007	258.6493
2007	241.84452
2007	235.97005
2007	231.7108
2007	227.274
2007	224.04533
2007	211.2411
2007	194.0301
2007	190.6137
2007	183.18371
2007	181.1829
2007	175.66381
2007	169.64931
2007	165.72279
2007	161.31249
2007	160.9205
2007	156.0027
2007	141.6346
2007	121.5751
2007	121.01271
2007	118.71721
2007	114.0509
2007	113.13775
2007	109.40288
2007	103.5094
2007	99.82164
2007	98.01701
2007	91.49548
2007	90.95882
2007	90.75742
2007	89.49351
2007	88.43608
2007	87.23668
2007	85.11115
2007	83.3027
2007	82.44764
2007	79.11151
2007	75.62523
2007	74.14962
2007	73.62677
2007	73.05641
2007	64.57984
2007	60.7935
2007	59.6934
2007	58.0969
2007	54.85844
2007	50.93071
2007	48.63008
2007	47.66395
2007	46.68348
2007	45.30175
2007	44.77912
2007	43.21912
2007	39.77258
2007	39.62156
2007	38.56233
2007	37.68342
2007	37.32893
2007	35.1409
2007	33.20205
2007	31.54438
2007	30.25822
2007	29.38258
2007	29.34945
2007	29.24792
2007	28.45299
2007	26.43784
2007	26.40225
2007	26.33079
2007	26.05485
2007	24.8448
2007	23.02085
2007	22.56373
2007	22.11096
2007	20.7317
2007	20.18912
2007	20.11353
2007	19.73893
2007	19.05603
2007	18.70425
2007	18.05896
2007	16.9969
2007	16.73826
2007	16.70052
2007	16.68271
2007	16.6431
2007	16.49548
2007	16.09932
2007	15.59025
2007	15.55951
2007	15.46326
2007	15.37562
2007	15.16611
2007	14.80088
2007	14.67463
2007	14.35236
2007	14.30658
2007	13.93797
2007	13.90022
2007	13.48173
2007	13.27142
2007	12.96953
2007	12.77893
2007	12.71233
2007	11.21052
2007	10.47773
2007	9.6
2007	9.47236
2007	9.06468
2007	8.55882
2007	8.39836
2007	8.30251
2007	7.3257
2007	7.18778
2007	7.03353
2007	6.70907
2007	6.61132
2007	6.29871
2007	6.088
2007	5.76107
2007	5.4431
2007	5.12532
2007	4.80416
2007	4.77551
2007	4.68644
2007	4.52901
2007	4.52233
2007	4.51211
2007	4.5074
2007	4.44
2007	4.30899
2007	3.92581
2007	3.70011
2007	3.149
2007	3.13364
2007	2.85104
2007	2.76578
2007	2.62819
2007	2.41773
2007	2.35477
2007	2.33581
2007	2.20458
2007	2.1
2007	1.91332
2007	1.83655
2007	1.80197
2007	1.7286
2007	1.69882
2007	1.69
2007	1.57375
2007	1.54893
2007	1.48542
2007	1.47433
2007	1.20222
2007	1.12515
2007	1.04405
2007	0.96677
2007	0.88904
2007	0.85863
2007	0.76112
2007	0.75189
2007	0.584
2007	0.56438
2007	0.47008
2007	0.4643
2007	0.31247
2007	0.28414
2007	0.08468
2007	0.0327
2008	19497.96415
2008	7948.27381
2008	4795.3579
2008	2907.64732
2008	2856
2008	2542.1393
2008	2386.58344
2008	2270
2008	2224.9098
2008	2161.1421
2008	2142.3088
2008	1945.4399
2008	1726.8798
2008	1725
2008	1666.7896
2008	1547.0027
2008	1290
2008	1068.6858
2008	1006.51772
2008	986.0216
2008	933
2008	921.32184
2008	727.098
2008	720
2008	716.6148
2008	677.6858
2008	618
2008	584.99205
2008	536
2008	533.459
2008	526.93515
2008	525
2008	428.8552
2008	389.75161
2008	337.68107
2008	336.8115
2008	325.31866
2008	306
2008	300.23491
2008	298
2008	296.03742
2008	292.78452
2008	288.3033
2008	282.7623
2008	273
2008	273
2008	269.13
2008	267.4945
2008	257.66729
2008	247.50436
2008	229.3883
2008	221.50658
2008	221.40112
2008	220
2008	218.7705
2008	215.68674
2008	215.0273
2008	191.5136
2008	186.48542
2008	181.0546
2008	175.24
2008	158.8754
2008	157.45852
2008	157.3142
2008	157.28414
2008	143
2008	141.39659
2008	123
2008	122.29318
2008	121
2008	108.33
2008	104.93288
2008	96.51505
2008	96
2008	95.25647
2008	94.19003
2008	94.07282
2008	92
2008	91.69036
2008	88.44581
2008	87.08532
2008	86.8071
2008	85.9784
2008	83
2008	80.34852
2008	76.74649
2008	69.44778
2008	67.8197
2008	67.67499
2008	66.62255
2008	63.3574
2008	61.60638
2008	60.9506
2008	60.28334
2008	59.5088
2008	49.63222
2008	48.69175
2008	47
2008	46.99458
2008	44.3743
2008	42.7977
2008	42
2008	41.89345
2008	41.41216
2008	38
2008	36
2008	35.73477
2008	34.33825
2008	33.5
2008	32.67786
2008	31
2008	30.69734
2008	29.99137
2008	28.32849
2008	28.10751
2008	28.01715
2008	28
2008	27.25386
2008	27.00222
2008	23.73332
2008	23.0636
2008	23
2008	22.76545
2008	21
2008	20.38584
2008	19.89942
2008	19.63693
2008	19.5
2008	19
2008	18.86315
2008	18.71932
2008	18.5
2008	18.4
2008	18.16395
2008	17.24668
2008	16.96504
2008	16.58803
2008	16.4
2008	16.34115
2008	15.8
2008	15.7
2008	15.6
2008	15.56312
2008	15
2008	14.33585
2008	13.81614
2008	13.4
2008	13.22038
2008	12.77893
2008	12.65074
2008	11.50274
2008	11
2008	10.67795
2008	9.9771
2008	9.97427
2008	9.076
2008	8.96998
2008	8.8
2008	7.96741
2008	7.71863
2008	7.4
2008	7.2463
2008	7.20941
2008	6.92322
2008	6.64606
2008	6.23693
2008	6.20832
2008	5.46197
2008	5.2
2008	5.09842
2008	4.97575
2008	4.89757
2008	4.85893
2008	4.8
2008	4.7
2008	4.56762
2008	4.49118
2008	4.3411
2008	4.1
2008	4.04057
2008	3.66632
2008	3.32973
2008	3.18357
2008	2.97953
2008	2.8709
2008	2.57767
2008	2.48107
2008	2.40741
2008	2.39
2008	2.3
2008	1.97641
2008	1.813
2008	1.805
2008	1.75351
2008	1.70219
2008	1.69882
2008	1.59003
2008	1.47433
2008	1.43288
2008	1.32228
2008	1.20222
2008	1.2
2008	1.12515
2008	1.04405
2008	1.04236
2008	1.00923
2008	0.91177
2008	0.88904
2008	0.783
2008	0.67639
2008	0.584
2008	0.57256
2008	0.48474
2008	0.31247
2008	0.26077
2008	0.06605
2008	0.02257
2009	18771.39998
2009	8537.85588
2009	4405.7781
2009	3007.98877
2009	2927
2009	2460
2009	2452.7644
2009	2421.07387
2009	2188.2603
2009	2152.7205
2009	2070.7151
2009	1868.4137
2009	1770
2009	1641.3534
2009	1544.2356
2009	1467.4904
2009	1330
2009	1005.2192
2009	974.9901
2009	953
2009	920.72809
2009	913.46594
2009	761
2009	752.1
2009	703.1644
2009	636
2009	630.2
2009	602
2009	537.674
2009	532
2009	525.25333
2009	524.57158
2009	403.3425
2009	397
2009	372
2009	347
2009	318.2822
2009	313
2009	313
2009	299.7881
2009	298
2009	297.649
2009	274.7233
2009	272
2009	269.0986
2009	268.08056
2009	264
2009	262
2009	259.789
2009	241
2009	229
2009	228
2009	224.8503
2009	206.6055
2009	205.4795
2009	204
2009	202
2009	181
2009	166.5123
2009	164.12264
2009	164
2009	162.6849
2009	161
2009	158.2221
2009	154
2009	150.6575
2009	139.92267
2009	135.39181
2009	130.15136
2009	125
2009	110
2009	100.15377
2009	98
2009	97
2009	96
2009	93
2009	92
2009	92
2009	91.65326
2009	88.81931
2009	85
2009	83
2009	82.08368
2009	82
2009	82
2009	80.6242
2009	74
2009	73
2009	72
2009	69
2009	63
2009	62
2009	62
2009	57.1498
2009	52
2009	50
2009	49
2009	49
2009	48
2009	47
2009	45
2009	43
2009	42.40753
2009	40
2009	38.75449
2009	38
2009	37.50546
2009	35.01214
2009	35
2009	34
2009	33.69175
2009	31
2009	30
2009	30
2009	29.67542
2009	28
2009	28
2009	28
2009	27
2009	25.32096
2009	24
2009	23
2009	22
2009	21.9783
2009	20.52725
2009	20.38712
2009	20.32204
2009	20
2009	20
2009	19.32463
2009	19.24603
2009	19
2009	18
2009	17.8
2009	17
2009	17
2009	17
2009	16.5
2009	16.23721
2009	16.12712
2009	16.06667
2009	16
2009	16
2009	15.49839
2009	15.47592
2009	14.2
2009	14
2009	13.89674
2009	13
2009	12.3
2009	12
2009	10.6197
2009	10
2009	10
2009	9
2009	9
2009	9
2009	8.80642
2009	8.6
2009	8.5
2009	7.5
2009	7.24836
2009	7.2
2009	7
2009	7
2009	7
2009	6
2009	5.25586
2009	5.1
2009	5
2009	5
2009	5
2009	5
2009	4.90166
2009	4.8193
2009	4.7
2009	4.4
2009	4.4
2009	4.3
2009	4.08272
2009	4
2009	4
2009	3.4
2009	3
2009	3
2009	3
2009	2.6
2009	2.5
2009	2.33329
2009	2.1
2009	2.1
2009	2
2009	2
2009	2
2009	2
2009	2
2009	1.8
2009	1.7
2009	1.6
2009	1.6
2009	1.2
2009	1.09404
2009	1
2009	1
2009	1
2009	1
2009	1
2009	1
2009	1
2009	1
2009	1
2009	0.7
2009	0.5
2009	0.3
2009	0.3
2009	0.1
2009	0.036
2010	19180.12601
2010	9391.64147
2010	4437.0548
2010	3116.22225
2010	3038
2010	2650
2010	2560
2010	2469.6329
2010	2268.3534
2010	2236.5195
2010	2080.4329
2010	1831.4849
2010	1800
2010	1630.2712
2010	1544.2438
2010	1441.0356
2010	1357
2010	1080
2010	1019.7534
2010	988.8298
2010	960.65809
2010	960.21398
2010	798
2010	765
2010	694
2010	674.8493
2010	644.926
2010	623
2010	560
2010	553
2010	546.16968
2010	523.91264
2010	410
2010	373.0302
2010	354
2010	335.6027
2010	320
2010	312
2010	310
2010	299.07467
2010	296
2010	289
2010	286
2010	285
2010	279
2010	277.1397
2010	274.4109
2010	268.08677
2010	265.611
2010	249
2010	238
2010	220.7679
2010	214.1507
2010	209
2010	201.4
2010	201
2010	198
2010	189
2010	176
2010	167.4685
2010	163
2010	161.4411
2010	157
2010	152.5288
2010	151.67102
2010	150
2010	149.2767
2010	142.85649
2010	139.41905
2010	119
2010	119
2010	106.42992
2010	98
2010	98
2010	98
2010	98
2010	93.01402
2010	92
2010	91
2010	88
2010	85
2010	84
2010	83.6943
2010	79.82065
2010	78
2010	74
2010	72
2010	71
2010	67
2010	63
2010	63
2010	62
2010	61
2010	60
2010	59.7077
2010	52
2010	52
2010	51
2010	47
2010	47
2010	47
2010	47
2010	43.66515
2010	41
2010	41
2010	40.26107
2010	39.78951
2010	38
2010	37.27673
2010	37.26856
2010	33
2010	32
2010	31
2010	30.95774
2010	30
2010	30
2010	28.5
2010	27.26324
2010	25
2010	25
2010	25
2010	24
2010	23
2010	22.85952
2010	22.27964
2010	21
2010	20.9558
2010	20.55895
2010	20.43583
2010	20
2010	20
2010	19.36014
2010	19
2010	18
2010	17
2010	17
2010	17
2010	17
2010	17
2010	16.99479
2010	16.98263
2010	16.25936
2010	16.02737
2010	16
2010	15.58201
2010	15
2010	14.67815
2010	14
2010	13
2010	12
2010	12
2010	11
2010	11
2010	10
2010	9
2010	9
2010	9
2010	9
2010	9
2010	8.97565
2010	8
2010	8
2010	8
2010	8
2010	7.23099
2010	7
2010	6
2010	6
2010	6
2010	6
2010	5.41046
2010	5.09795
2010	5.03292
2010	5
2010	5
2010	4.8
2010	4.5
2010	4.14062
2010	4
2010	4
2010	4
2010	3
2010	3
2010	3
2010	3
2010	3
2010	3
2010	2.41074
2010	2
2010	2
2010	2
2010	2
2010	2
2010	2
2010	2
2010	2
2010	2
2010	2
2010	2
2010	1.3
2010	1.01587
2010	1
2010	1
2010	1
2010	1
2010	1
2010	1
2010	1
2010	1
2010	1
2010	1
2010	1
2010	0.5
2010	0.3
2010	0.3
2010	0.1
2010	0.04
2011	18835.46921
2011	9790.03996
2011	4464.0603
2011	3292.21503
2011	3145.13418
2011	2817.46608
2011	2594.15305
2011	2400.137
2011	2259.1426
2011	2230.1671
2011	2132.7206
2011	1791.5041
2011	1694.38972
2011	1607.8822
2011	1453.6137
2011	1383.6685
2011	1321.93249
2011	1183.35529
2011	1036.13572
2011	1023.122
2011	1009.8164
2011	985.11691
2011	816.26131
2011	755.35365
2011	719.92611
2011	706.0685
2011	678.09632
2011	644.4411
2011	590.85832
2011	576.6027
2011	572.13372
2011	542.8613
2011	426.71684
2011	364.95454
2011	343.4164
2011	339
2011	321.66695
2011	320.64393
2011	316.39311
2011	316.0466
2011	315.61443
2011	314
2011	291.43281
2011	286.96758
2011	271.57445
2011	262.8973
2011	259.674
2011	258.7552
2011	258.1808
2011	255.1725
2011	244.22356
2011	238.38198
2011	218.22966
2011	204.7918
2011	203.57323
2011	201.64738
2011	198.9753
2011	188.83769
2011	177
2011	172.62484
2011	171.47983
2011	169.91187
2011	160.1973
2011	152.88267
2011	151.57924
2011	148.9151
2011	145
2011	144.0027
2011	141.1479
2011	137.05906
2011	122.28543
2011	112.65089
2011	108.88636
2011	106.98776
2011	106.69868
2011	106.1
2011	98.89109
2011	98
2011	95.4528
2011	92.96968
2011	89.62465
2011	88.38333
2011	83.9094
2011	81.43912
2011	80.81378
2011	79.42551
2011	79.41394
2011	78.51619
2011	72.66972
2011	70.39351
2011	62.05226
2011	61.59194
2011	61.3849
2011	58.42925
2011	58.15361
2011	52.92546
2011	51.09796
2011	50.19775
2011	49.07701
2011	48.5767
2011	45.80593
2011	45.30443
2011	44.04496
2011	43.31091
2011	40.99599
2011	40.61756
2011	40.59954
2011	39.3532
2011	38.39473
2011	36.32379
2011	36.30481
2011	31.93122
2011	31.34496
2011	29.40629
2011	29.30807
2011	29.1699
2011	28.67294
2011	27.53983
2011	26.82034
2011	26.33582
2011	24.91872
2011	24.70979
2011	24.62835
2011	22.99162
2011	21.6139
2011	20.7676
2011	19.57932
2011	19.51503
2011	19.36496
2011	19.26266
2011	19.0281
2011	18.42606
2011	18.18055
2011	18.12255
2011	18.05981
2011	17.80658
2011	17.4944
2011	17.47945
2011	17.27537
2011	16.92892
2011	16.63526
2011	15.95727
2011	15.80153
2011	15.58624
2011	15.41708
2011	15.06953
2011	14.64233
2011	14.4875
2011	14.09619
2011	13.63796
2011	12.46018
2011	12.0629
2011	10.9129
2011	10.71294
2011	10.24169
2011	9.96045
2011	9.41561
2011	8.76813
2011	8.76726
2011	8.67114
2011	8.3385
2011	8
2011	7.79312
2011	7.044
2011	6.87516
2011	6.56572
2011	5.66129
2011	5.65883
2011	5.62895
2011	5.24515
2011	5.11483
2011	5
2011	4.99377
2011	4.8707
2011	4.56722
2011	4.48027
2011	4.44599
2011	4.36093
2011	4.22946
2011	3.89656
2011	3.53327
2011	3.39079
2011	3.1807
2011	3.17528
2011	3.14126
2011	2.92242
2011	2.92242
2011	2.8029
2011	2.75462
2011	2.60752
2011	2.29008
2011	2
2011	1.94828
2011	1.94828
2011	1.94828
2011	1.81701
2011	1.77693
2011	1.72788
2011	1.71938
2011	1.58783
2011	1.49577
2011	1.22135
2011	1.17033
2011	1.07022
2011	1.02544
2011	1
2011	1
2011	1
2011	0.9986
2011	0.97414
2011	0.97414
2011	0.91771
2011	0.90347
2011	0.3
2011	0.3
2011	0.1
