1975	146871.303
1975	114803.144
1975	82000.129
1975	61387.876
1975	60751.036
1975	58310.745
1975	53222.597
1975	50389.598
1975	44624.937
1975	41284.995
1975	34701.654
1975	32551.584
1975	25387.097
1975	21336.567
1975	20721.501
1975	20345.464
1975	18361.351
1975	18248.602
1975	14748.678
1975	14165.786
1975	12220.788
1975	11136.505
1975	9416.917
1975	9358.565
1975	8927.746
1975	8549.19
1975	8206.819
1975	8058.791
1975	7945.204
1975	7742.476
1975	7635.258
1975	7177.807
1975	6770
1975	6636.22
1975	6559.965
1975	6425.125
1975	6308.433
1975	5760.5
1975	5698.535
1975	5638.181
1975	5429.541
1975	5312.524
1975	5084.8
1975	4832.19
1975	4531.152
1975	4458.651
1975	4455.575
1975	4441.295
1975	4036.363
1975	3977.195
1975	3858.152
1975	3833.071
1975	3586.193
1975	3431.174
1975	3319.557
1975	3246.704
1975	3192.123
1975	3047.287
1975	3010.737
1975	2916.572
1975	2732.037
1975	2520.985
1975	2500.487
1975	2456.717
1975	2454.189
1975	2441.66
1975	2391.228
1975	2339.282
1975	2203.523
1975	2010.125
1975	1972.247
1975	1934.834
1975	1865.982
1975	1770.708
1975	1746.355
1975	1701.571
1975	1684.005
1975	1596.916
1975	1529.3
1975	1517.229
1975	1467.904
1975	1452.2
1975	1439.026
1975	1394.654
1975	1324.22
1975	1154.562
1975	1100.254
1975	1091.144
1975	1075.308
1975	1047.746
1975	1044.188
1975	1003.112
1975	980.125
1975	973.627
1975	895.88
1975	893.986
1975	876.579
1975	809.405
1975	776.832
1975	770.568
1975	734.201
1975	711.637
1975	684.631
1975	645.357
1975	621.854
1975	615.343
1975	597.459
1975	557.104
1975	512.296
1975	463.271
1975	445.379
1975	371.676
1975	366.423
1975	362.454
1975	316.238
1975	313.533
1975	289.876
1975	283.78
1975	233.995
1975	215.882
1975	213.431
1975	203.507
1975	201.958
1975	176.09
1975	152.07
1975	139.18
1975	119.235
1975	111.029
1975	109.417
1975	109.247
1975	98.152
1975	85.56
1975	85.173
1975	82.762
1975	78.973
1975	73.166
1975	53.074
1975	48.323
1975	46.934
1975	44.905
1975	44.241
1975	44.178
1975	44.085
1975	42.756
1975	38.304
1975	35.821
1975	34.202
1975	33.642
1975	29.543
1975	28.822
1975	28.523
1975	20.069
1975	15.068
1975	12.592
1975	11.85
1975	11.188
1975	11.091
1975	10.267
1975	10.193
1975	9.97
1975	8.286
1975	8.018
1975	7.532
1975	7.138
1975	6.922
1975	6.124
1975	5.914
1975	5.497
1975	4.805
1975	4.022
1975	3.87
1975	3.762
1975	3.145
1975	2.922
1975	2.718
1975	2.561
1975	1.578
1975	0.983
1975	0.807
1976	144962.48
1976	119202.617
1976	79693.264
1976	62361.939
1976	61896.956
1976	58381.101
1976	55743.813
1976	51348.525
1976	44049.718
1976	40818.634
1976	35511.107
1976	33684.53
1976	25824.246
1976	21373.064
1976	21226.081
1976	20110.788
1976	18785.308
1976	16834.282
1976	14376.06
1976	14158.396
1976	12272.771
1976	10597.929
1976	9714.401
1976	9614.953
1976	8985.344
1976	8825.35
1976	8337.194
1976	8205.301
1976	7816.673
1976	7422.701
1976	7418.578
1976	7358.601
1976	6798.546
1976	6547.171
1976	6523.777
1976	6480.359
1976	6141.43
1976	5852.004
1976	5799.805
1976	5753.428
1976	5617.12
1976	5487.862
1976	5441.042
1976	4799.519
1976	4582.217
1976	4576.265
1976	4441.069
1976	4072.819
1976	4067.959
1976	3988.596
1976	3888.862
1976	3733.832
1976	3568.091
1976	3524.592
1976	3381.314
1976	3379.088
1976	3365.992
1976	3103.898
1976	2997.526
1976	2867.769
1976	2672.73
1976	2549.779
1976	2461.699
1976	2445.869
1976	2373.781
1976	2346.356
1976	2266.984
1976	2265.116
1976	2250.377
1976	2055.101
1976	2045.217
1976	1978.773
1976	1845.684
1976	1775.447
1976	1752.462
1976	1734.686
1976	1719.04
1976	1655.685
1976	1570.611
1976	1538.203
1976	1493.525
1976	1445.553
1976	1409.672
1976	1362.292
1976	1269.037
1976	1168.608
1976	1147.55
1976	1110.113
1976	1100.692
1976	1096.375
1976	1052.907
1976	1013.493
1976	1012.683
1976	967.906
1976	905.143
1976	891.845
1976	842.446
1976	816.827
1976	779.827
1976	775.085
1976	695.376
1976	668.409
1976	653.171
1976	636.071
1976	629.424
1976	627.904
1976	626.379
1976	603.647
1976	539.394
1976	473.486
1976	444.652
1976	373.758
1976	372.291
1976	368.893
1976	336.091
1976	317.605
1976	299.344
1976	292.584
1976	237.318
1976	221.07
1976	205.506
1976	200.449
1976	173.744
1976	160.192
1976	158.757
1976	155.557
1976	123.806
1976	119.163
1976	114.251
1976	111.574
1976	104.758
1976	88.005
1976	84.398
1976	75.447
1976	67.369
1976	53.973
1976	52.788
1976	51.733
1976	51.097
1976	48.559
1976	48.101
1976	46.12
1976	46.09
1976	46.034
1976	42.417
1976	38.398
1976	34.916
1976	34.41
1976	34.331
1976	30.835
1976	30.072
1976	20.363
1976	15.614
1976	14.201
1976	11.451
1976	11.332
1976	11.195
1976	10.43
1976	10.414
1976	9.927
1976	9.871
1976	9.676
1976	8.144
1976	7.997
1976	7.62
1976	6.396
1976	5.72
1976	4.7
1976	4.342
1976	3.918
1976	3.877
1976	3.79
1976	3.281
1976	3.17
1976	2.926
1976	2.665
1976	1.578
1976	1.047
1976	0.784
1977	144686.461
1977	119120.648
1977	78633.357
1977	64018.094
1977	62286.782
1977	56960.564
1977	55171.376
1977	52220.234
1977	47035.676
1977	40768.439
1977	36306.07
1977	34204.659
1977	26079.109
1977	22065.894
1977	21117.476
1977	20234.552
1977	18279.677
1977	16514.666
1977	14226.963
1977	13441.535
1977	12546.053
1977	10697.18
1977	10203.501
1977	9992.689
1977	8947.532
1977	8812.641
1977	8468.885
1977	8339.522
1977	7583.616
1977	7525.807
1977	7413.295
1977	7207.25
1977	7115.242
1977	6755.099
1977	6373.169
1977	6311.386
1977	6196.076
1977	5913.563
1977	5852.718
1977	5831.643
1977	5741.076
1977	5693.831
1977	5321.7
1977	4888.88
1977	4692.564
1977	4613.723
1977	4484.543
1977	4180.553
1977	4136.079
1977	4114.897
1977	4039.794
1977	3984.275
1977	3959.581
1977	3628.119
1977	3505.581
1977	3463.584
1977	3370.447
1977	3108.115
1977	2946.418
1977	2846.618
1977	2687.74
1977	2648.892
1977	2602.326
1977	2488.091
1977	2443.134
1977	2413.461
1977	2354.822
1977	2301.95
1977	2278.943
1977	2241.891
1977	2085.179
1977	2058.451
1977	2043.081
1977	1816.402
1977	1770.87
1977	1749.28
1977	1737.62
1977	1728.425
1977	1647.791
1977	1600.791
1977	1599.328
1977	1549.832
1977	1506.552
1977	1422.165
1977	1320.084
1977	1224.073
1977	1172.98
1977	1167.146
1977	1141.132
1977	1129.715
1977	1112.933
1977	1030.73
1977	1023.597
1977	976.349
1977	913.663
1977	907.993
1977	856.561
1977	763.513
1977	729.789
1977	718.949
1977	711.626
1977	694.459
1977	657.981
1977	652.679
1977	649.62
1977	632.724
1977	600.046
1977	566.121
1977	537.628
1977	478.325
1977	445.398
1977	377.604
1977	376.698
1977	362.842
1977	353.939
1977	321.711
1977	309.091
1977	300.287
1977	228.026
1977	227.671
1977	209.756
1977	201.993
1977	192.195
1977	175.904
1977	167.436
1977	137.897
1977	134.91
1977	126.947
1977	117.745
1977	113.559
1977	107.136
1977	90.263
1977	86.009
1977	76.701
1977	64.811
1977	62.961
1977	56.26
1977	54.639
1977	54.608
1977	51.04
1977	50.527
1977	49.827
1977	48.112
1977	45.994
1977	44.282
1977	38.058
1977	35.859
1977	35.475
1977	34.423
1977	31.629
1977	31.496
1977	20.779
1977	16.269
1977	15.423
1977	12.046
1977	11.779
1977	11.104
1977	10.825
1977	10.809
1977	10.603
1977	9.909
1977	9.894
1977	8.462
1977	8.144
1977	7.553
1977	6.431
1977	6.135
1977	5.016
1977	4.897
1977	4.074
1977	4.039
1977	3.841
1977	3.055
1977	2.93
1977	2.758
1977	1.971
1977	1.578
1977	1.078
1977	0.803
1978	148440.663
1978	120242.553
1978	77296.51
1978	64252.799
1978	63381.091
1978	56474.983
1978	52409.401
1978	49848.212
1978	49330.057
1978	41252.02
1978	40663.683
1978	34624.119
1978	26490.823
1978	22802.587
1978	21035.747
1978	20358.94
1978	17989.243
1978	16395.589
1978	14566.7
1978	13332.944
1978	12632.183
1978	10728.648
1978	10332.494
1978	10022.956
1978	9267.23
1978	8640.163
1978	8632.189
1978	8623.002
1978	7555.706
1978	7511.737
1978	7435.218
1978	7300.832
1978	7174.595
1978	6582.144
1978	6556.943
1978	6528.004
1978	6427.313
1978	6356.727
1978	6305.958
1978	6228.871
1978	5867.103
1978	5632.688
1978	5145.285
1978	5070.061
1978	4844.035
1978	4692.296
1978	4517.099
1978	4372.476
1978	4298.746
1978	4263.739
1978	4210.657
1978	4164.918
1978	4042.964
1978	3809.132
1978	3757.81
1978	3721.907
1978	3285.178
1978	3141.817
1978	2852.616
1978	2744.297
1978	2741.75
1978	2685.859
1978	2669.177
1978	2630.583
1978	2503.284
1978	2488.046
1978	2459.018
1978	2345.195
1978	2325.189
1978	2298.447
1978	2239.072
1978	2140.466
1978	2093.679
1978	1895.843
1978	1883.655
1978	1826.699
1978	1761.066
1978	1694.523
1978	1662.426
1978	1645.296
1978	1567.983
1978	1531.156
1978	1470.38
1978	1414.455
1978	1317.261
1978	1198.231
1978	1185.661
1978	1171.176
1978	1146.086
1978	1139.647
1978	1114.901
1978	1101.879
1978	1039.866
1978	1037.424
1978	941.941
1978	897.425
1978	879.47
1978	787.293
1978	762.667
1978	743.419
1978	739.096
1978	682.391
1978	672.783
1978	672.066
1978	671.645
1978	643.074
1978	583.196
1978	573.83
1978	491.454
1978	487.839
1978	480.469
1978	410.577
1978	383.235
1978	381.44
1978	368.86
1978	326.229
1978	319.474
1978	304.492
1978	224.254
1978	211.648
1978	208.771
1978	208.05
1978	200.127
1978	188.812
1978	172.158
1978	148.479
1978	138.451
1978	137.837
1978	119.144
1978	115.647
1978	112.157
1978	93.685
1978	92.701
1978	87.738
1978	77.822
1978	76.719
1978	67.044
1978	61.823
1978	59.403
1978	58.717
1978	51.505
1978	45.235
1978	45.132
1978	44.555
1978	42.525
1978	40.908
1978	36.825
1978	35.082
1978	33.569
1978	33.352
1978	32.26
1978	21.327
1978	16.948
1978	14.63
1978	13.08
1978	12.005
1978	11.97
1978	11.703
1978	11.095
1978	10.844
1978	9.948
1978	9.915
1978	8.924
1978	8.49
1978	8.023
1978	6.654
1978	6.342
1978	6.169
1978	5.2
1978	5.146
1978	3.919
1978	3.852
1978	3.41
1978	2.934
1978	2.626
1978	2.374
1978	1.641
1978	1.166
1978	0.74
1979	150466.925
1979	123462.451
1979	75988.063
1979	64592.168
1979	63682.147
1979	58201.32
1979	52935.375
1979	50449.508
1979	48747.187
1979	43055.278
1979	39946.585
1979	34999.217
1979	26977.086
1979	23590.022
1979	21093.994
1979	20399.436
1979	17629.447
1979	16949.88
1979	14835.913
1979	13484.192
1979	13095.329
1979	10587.037
1979	10481.774
1979	10282.373
1979	9546.628
1979	9192.222
1979	8764.171
1979	8728.003
1979	8340.322
1979	7561.381
1979	7312.537
1979	7070.922
1979	7065.143
1979	6613.606
1979	6526.759
1979	6463.684
1979	6339.688
1979	6288.491
1979	5995.216
1979	5978.021
1979	5940.36
1979	5504.618
1979	5292.246
1979	5181.216
1979	4857.628
1979	4705.925
1979	4555.425
1979	4460.454
1979	4431.615
1979	4355.194
1979	4317.665
1979	4308.647
1979	4133.444
1979	3969.762
1979	3925.241
1979	3861.296
1979	3396.177
1979	3142.598
1979	3036.356
1979	2808.093
1979	2803.235
1979	2730.685
1979	2720.153
1979	2658.869
1979	2580.596
1979	2500.892
1979	2421.085
1979	2378.712
1979	2360.298
1979	2282.891
1979	2274.25
1979	2183.722
1979	2174.531
1979	1961.628
1979	1950.471
1979	1908.426
1979	1803.987
1979	1732.582
1979	1707.436
1979	1665.643
1979	1522.978
1979	1494.492
1979	1481.58
1979	1319.441
1979	1295.404
1979	1268.167
1979	1243.839
1979	1188.192
1979	1178.044
1979	1160.212
1979	1143.403
1979	1116.974
1979	1043.551
1979	1037.507
1979	955.3
1979	919.365
1979	907.211
1979	893.548
1979	870.6
1979	789.076
1979	771.713
1979	697.831
1979	690.237
1979	681.997
1979	627.036
1979	624.483
1979	607.388
1979	592.16
1979	519.03
1979	505.047
1979	461.739
1979	425.555
1979	394.948
1979	393.484
1979	339.451
1979	331.046
1979	329.173
1979	306.475
1979	240.899
1979	221.506
1979	216.036
1979	209.537
1979	202.284
1979	173.535
1979	153.668
1979	141.773
1979	133.995
1979	119.893
1979	117.806
1979	117.541
1979	113.512
1979	107.07
1979	99.609
1979	95.33
1979	89.582
1979	79.267
1979	78.811
1979	61.268
1979	60.348
1979	58.785
1979	52.509
1979	51.16
1979	45.899
1979	45.879
1979	41.228
1979	37.426
1979	36.962
1979	34.993
1979	33.724
1979	31.845
1979	30.975
1979	21.172
1979	17.827
1979	17.661
1979	16.472
1979	12.518
1979	12.19
1979	12.069
1979	11.046
1979	10.994
1979	10.281
1979	10.086
1979	9.399
1979	8.376
1979	8.152
1979	6.965
1979	6.404
1979	6.079
1979	6.046
1979	5.432
1979	4.038
1979	3.86
1979	3.695
1979	3.157
1979	2.938
1979	2.478
1979	2.478
1979	1.232
1979	0.742
1980	151683.973
1980	129376.44
1980	77435.193
1980	65826.02
1980	63496.147
1980	61264.389
1980	55162.642
1980	49780.495
1980	48048.406
1980	41713.624
1980	35978.248
1980	29442.884
1980	27892.444
1980	23009.467
1980	21140.318
1980	19868.364
1980	18564.444
1980	17611.375
1980	14883.817
1980	13314.779
1980	12838.986
1980	10610.578
1980	10347.109
1980	10189.44
1980	9806.875
1980	9652.846
1980	8897.028
1980	8634.502
1980	7616.139
1980	7608.934
1980	7333.92
1980	7292.636
1980	6977.48
1980	6884.405
1980	6754.174
1980	6564.556
1980	6512.761
1980	6426.666
1980	6089.487
1980	5618.471
1980	5537.474
1980	5506.668
1980	5318.526
1980	5198.288
1980	4779.482
1980	4683.978
1980	4679.995
1980	4631.309
1980	4609.128
1980	4602.942
1980	4531.512
1980	4432.809
1980	4383.205
1980	4228.214
1980	4151.106
1980	3824.94
1980	3366.699
1980	3180.125
1980	3152.593
1980	2839.622
1980	2776.481
1980	2718.39
1980	2612.94
1980	2542.385
1980	2527.685
1980	2451.724
1980	2443.268
1980	2417.98
1980	2415.039
1980	2404.843
1980	2308.177
1980	2163.547
1980	2141.859
1980	2046.506
1980	2024.213
1980	1863.589
1980	1804.357
1980	1799.03
1980	1789.661
1980	1772.29
1980	1717.081
1980	1503.755
1980	1412.953
1980	1372.47
1980	1357.251
1980	1355.448
1980	1324.736
1980	1231.004
1980	1185.975
1980	1178.033
1980	1165.37
1980	1119.898
1980	1062.685
1980	1058.036
1980	1052.868
1980	948.474
1980	944.231
1980	943.501
1980	931.735
1980	738.1
1980	727.295
1980	697.175
1980	666.423
1980	659.123
1980	646.23
1980	632.723
1980	607.308
1980	574.728
1980	559.938
1980	547.659
1980	444.425
1980	430.916
1980	396.594
1980	395.899
1980	337.873
1980	336.098
1980	309.057
1980	280.863
1980	251.586
1980	219.296
1980	216.422
1980	201.676
1980	193.454
1980	188.207
1980	170.757
1980	134.992
1980	133.392
1980	132.448
1980	120.656
1980	119.507
1980	116.061
1980	102.627
1980	99.428
1980	98.373
1980	91.118
1980	88.203
1980	80.286
1980	64.994
1980	61.506
1980	57.526
1980	54.41
1980	53.495
1980	53.465
1980	45.863
1980	42.28
1980	40.605
1980	38.248
1980	37.644
1980	33.223
1980	31.609
1980	30.298
1980	22.226
1980	19.862
1980	18.8
1980	18.401
1980	12.782
1980	12.391
1980	12.005
1980	11.592
1980	11.023
1980	10.613
1980	10.18
1980	9.877
1980	8.396
1980	8.109
1980	7.778
1980	6.944
1980	6.664
1980	6.212
1980	5.879
1980	4.189
1980	4.008
1980	3.86
1980	3.157
1980	2.942
1980	2.733
1980	2.404
1980	1.245
1980	0.688
1981	151409.494
1981	127302.736
1981	78338.539
1981	67143.888
1981	64294.478
1981	62140.185
1981	56009.064
1981	48327.095
1981	47432.056
1981	41850.843
1981	36896.261
1981	29876.938
1981	28550.723
1981	23806.865
1981	20916.59
1981	20060.226
1981	18963.737
1981	17168.371
1981	15069.702
1981	13138.262
1981	12665.093
1981	10874.747
1981	10573.638
1981	10138.551
1981	10008.702
1981	9596.829
1981	9054.838
1981	8788.836
1981	7652.873
1981	7489.163
1981	7328.622
1981	7303.452
1981	6993.672
1981	6941.11
1981	6867.589
1981	6758.612
1981	6418.644
1981	6247.993
1981	6130.884
1981	6125.077
1981	5673.327
1981	5592.133
1981	5307.88
1981	5160.036
1981	4902.506
1981	4784.15
1981	4644.881
1981	4619.401
1981	4616.51
1981	4587.856
1981	4584.075
1981	4440.954
1981	4393.881
1981	4222.581
1981	4127.164
1981	3762.57
1981	3235.555
1981	3041.759
1981	3033.95
1981	2879.676
1981	2792.395
1981	2772.514
1981	2708.603
1981	2527.355
1981	2479.749
1981	2478.058
1981	2470.328
1981	2469.017
1981	2459.176
1981	2323.811
1981	2303.675
1981	2261.8
1981	2188.876
1981	2177.434
1981	2061.915
1981	1829.471
1981	1819.801
1981	1811.374
1981	1806.272
1981	1802.535
1981	1583.927
1981	1544.287
1981	1457.129
1981	1391.282
1981	1352.734
1981	1350.076
1981	1323.184
1981	1203.225
1981	1203.165
1981	1201.16
1981	1198
1981	1122.272
1981	1087.782
1981	1067.745
1981	1040.738
1981	965.367
1981	963.69
1981	904.744
1981	802.766
1981	759.773
1981	754.217
1981	696.219
1981	692.619
1981	669.143
1981	620.111
1981	613.956
1981	588.526
1981	588.332
1981	561.129
1981	527.982
1981	524.827
1981	430.943
1981	402.768
1981	396.53
1981	346.533
1981	343.225
1981	287.405
1981	286.319
1981	267.583
1981	234.578
1981	230.757
1981	216.064
1981	201.779
1981	175.512
1981	164.231
1981	141.026
1981	138.021
1981	125.866
1981	121.638
1981	118.868
1981	118.311
1981	103.848
1981	97.903
1981	93.621
1981	93.264
1981	83.265
1981	76.97
1981	71.397
1981	66.93
1981	57.981
1981	56.948
1981	53.708
1981	49.879
1981	47.859
1981	46.492
1981	46.047
1981	40.843
1981	40.054
1981	32.634
1981	32.193
1981	27.554
1981	27.48
1981	19.317
1981	19.13
1981	18.513
1981	13.967
1981	12.757
1981	12.081
1981	11.875
1981	11.017
1981	10.923
1981	10.878
1981	10.348
1981	10.183
1981	8.494
1981	8.326
1981	6.881
1981	6.754
1981	6.665
1981	6.237
1981	4.33
1981	4.092
1981	3.929
1981	3.504
1981	3.145
1981	2.95
1981	2.623
1981	1.176
1981	0.688
1982	152408.717
1982	125878.516
1982	77910.206
1982	68949.05
1982	65049.517
1982	63037.764
1982	56406.623
1982	47628.505
1982	46106.503
1982	41725.904
1982	37621.045
1982	30318.856
1982	28622.224
1982	24330.406
1982	20864.034
1982	20265.426
1982	18677.937
1982	17295.195
1982	14976.401
1982	13401.625
1982	13133.603
1982	10993.447
1982	10649.659
1982	10409.398
1982	10241.451
1982	10051.704
1982	9739.379
1982	8823.752
1982	8216.972
1982	7724.356
1982	7691.277
1982	7305.589
1982	7120.086
1982	6970.31
1982	6874.113
1982	6850.065
1982	6813.601
1982	6406.125
1982	6374.802
1982	6018.888
1982	5586.741
1982	5297.309
1982	5216.197
1982	5110.583
1982	4964.538
1982	4849.427
1982	4791.799
1982	4649.681
1982	4621.405
1982	4583.449
1982	4492.381
1982	4472.976
1982	4422.548
1982	4277.617
1982	4138.033
1982	3656.816
1982	3362.158
1982	3268.426
1982	3024.712
1982	2850.762
1982	2811.618
1982	2730.253
1982	2702.868
1982	2685.903
1982	2575.043
1982	2542.458
1982	2536.357
1982	2530.287
1982	2462.765
1982	2458.06
1982	2402.909
1982	2323.752
1982	2254.482
1982	2166.484
1982	2099.56
1982	1885.299
1982	1829.205
1982	1820.732
1982	1725.556
1982	1664.474
1982	1635.975
1982	1557.945
1982	1455.197
1982	1428.868
1982	1402.242
1982	1380.482
1982	1357.81
1982	1276.339
1982	1215.584
1982	1206.816
1982	1204.553
1982	1124.701
1982	1103.592
1982	1081.556
1982	1072.9
1982	981.205
1982	970.177
1982	963.256
1982	923.982
1982	784.94
1982	755.207
1982	731.071
1982	713.286
1982	712.649
1982	709.886
1982	638.811
1982	630.383
1982	622.557
1982	580.111
1982	574.467
1982	528.007
1982	404.706
1982	395.757
1982	390.918
1982	354.266
1982	351.883
1982	340.69
1982	300.088
1982	276.41
1982	233.878
1982	230.527
1982	210.178
1982	195.768
1982	170.229
1982	161.42
1982	151.918
1982	143.415
1982	131.989
1982	123.82
1982	119.947
1982	114.787
1982	108.486
1982	99.701
1982	97.99
1982	94.294
1982	77.093
1982	65.942
1982	64.273
1982	63.819
1982	59.613
1982	55.552
1982	54.495
1982	53.844
1982	50.332
1982	47.448
1982	46.464
1982	45.451
1982	41.627
1982	32.772
1982	31.796
1982	29.793
1982	26.573
1982	19.953
1982	19.521
1982	14.627
1982	13.133
1982	12.847
1982	12.139
1982	11.957
1982	11.641
1982	11.02
1982	10.953
1982	10.51
1982	10.42
1982	8.744
1982	8.611
1982	7.296
1982	6.613
1982	6.383
1982	6.093
1982	4.276
1982	4.116
1982	3.963
1982	3.206
1982	3.018
1982	2.96
1982	2.712
1982	1.185
1982	0.688
1983	154383.566
1983	128083.409
1983	77119.266
1983	69602.193
1983	64034.183
1983	62720.914
1983	57734.805
1983	46743.934
1983	44651.796
1983	41055.158
1983	38258.902
1983	30767.249
1983	26861.19
1983	24872.906
1983	21109.915
1983	20893.443
1983	17322.157
1983	16650.065
1983	14981.569
1983	13573.959
1983	12880.769
1983	11382.706
1983	10990.712
1983	10947.018
1983	10640.391
1983	10301.897
1983	9185.008
1983	8847.294
1983	8326.666
1983	8102.326
1983	7162.242
1983	7082.322
1983	6980.613
1983	6920.726
1983	6890.827
1983	6816.286
1983	6795.472
1983	6588.532
1983	6522.139
1983	5917.68
1983	5324.488
1983	5298.941
1983	5196.628
1983	5175.601
1983	5122.031
1983	5080.24
1983	4884.237
1983	4882.462
1983	4733.725
1983	4545.423
1983	4533.643
1983	4399.193
1983	4262.628
1983	4257.931
1983	3969.657
1983	3811.679
1983	3661.414
1983	3529.9
1983	3529.543
1983	3033.555
1983	2898.406
1983	2783.825
1983	2714.044
1983	2706.922
1983	2635.978
1983	2613.036
1983	2537.801
1983	2508.074
1983	2471.749
1983	2438.58
1983	2412.39
1983	2282.438
1983	2214.181
1983	2208.042
1983	2135.701
1983	1937.119
1983	1897.266
1983	1834.35
1983	1809.331
1983	1645.951
1983	1630.36
1983	1605.499
1983	1577.956
1983	1501.504
1983	1437.474
1983	1418.172
1983	1275.52
1983	1249.401
1983	1227.552
1983	1206.664
1983	1193.847
1983	1167.316
1983	1128.207
1983	1124.003
1983	1109.746
1983	1083.301
1983	981.395
1983	981.349
1983	882.614
1983	839.386
1983	817.007
1983	781.834
1983	726.032
1983	703.609
1983	698.81
1983	685.007
1983	669.283
1983	643.525
1983	601.167
1983	571.772
1983	541.428
1983	470.916
1983	408.01
1983	395.959
1983	361.732
1983	346.562
1983	314.984
1983	308.715
1983	285.822
1983	238.43
1983	229.661
1983	199.857
1983	197.608
1983	189.011
1983	162.622
1983	148.919
1983	148.875
1983	125.05
1983	124.446
1983	121.034
1983	118.369
1983	113.433
1983	108.785
1983	103.026
1983	91.181
1983	68.889
1983	68.072
1983	64.101
1983	62.025
1983	56.941
1983	55.426
1983	54.464
1983	50.941
1983	49.04
1983	46.979
1983	44.617
1983	42.68
1983	37.953
1983	34.153
1983	32.644
1983	30.578
1983	25.539
1983	20.812
1983	19.61
1983	15.637
1983	14.284
1983	13.792
1983	12.846
1983	12.263
1983	11.654
1983	10.982
1983	10.942
1983	10.784
1983	10.569
1983	9.114
1983	8.416
1983	7.357
1983	6.613
1983	6.262
1983	6.081
1983	4.51
1983	4.303
1983	4.097
1983	3.065
1983	2.974
1983	2.785
1983	2.273
1983	1.16
1983	0.704
1984	157636.446
1984	126581.192
1984	76946.886
1984	70154.503
1984	64534.394
1984	62670.17
1984	58709.543
1984	46597.758
1984	44645.313
1984	41292.512
1984	38462.118
1984	30805.567
1984	25872.43
1984	25426.894
1984	20941.968
1984	20379.555
1984	17281.95
1984	15823.225
1984	15399.739
1984	13477.903
1984	12467.455
1984	12037.14
1984	11876.609
1984	11539.451
1984	10927.818
1984	10679.697
1984	9355.428
1984	8908.774
1984	8520.518
1984	8358.217
1984	7946.459
1984	7104.375
1984	7084.948
1984	7029.482
1984	6967.698
1984	6855.023
1984	6621.009
1984	6562.386
1984	6124.244
1984	5877.022
1984	5431.183
1984	5348.072
1984	5291.463
1984	5166.687
1984	5111.427
1984	4642.724
1984	4551.491
1984	4551.355
1984	4499.911
1984	4390.101
1984	4322.653
1984	4273.995
1984	4221.157
1984	3909.66
1984	3594.371
1984	3565.382
1984	3538.037
1984	3431.827
1984	3376.431
1984	3028.917
1984	2959.364
1984	2751.907
1984	2726.07
1984	2708.804
1984	2698.526
1984	2686.278
1984	2594.23
1984	2564.186
1984	2475.827
1984	2265.471
1984	2202.659
1984	2173.403
1984	2160.553
1984	2101.574
1984	2054.931
1984	2005.682
1984	1828.337
1984	1820.628
1984	1712.708
1984	1702.978
1984	1699.315
1984	1626.425
1984	1551.213
1984	1533.535
1984	1493.602
1984	1470.109
1984	1425.355
1984	1319.6
1984	1272.445
1984	1241.02
1984	1196.892
1984	1167.344
1984	1142.705
1984	1140.184
1984	1132.489
1984	1128.908
1984	995.49
1984	950.781
1984	935.189
1984	906.366
1984	860.097
1984	796.87
1984	743.432
1984	700.625
1984	685.802
1984	680.658
1984	669.63
1984	662.01
1984	613.887
1984	561.892
1984	551.213
1984	470.711
1984	411.348
1984	374.702
1984	368.805
1984	351.467
1984	339.539
1984	318.505
1984	295.169
1984	238.859
1984	235.622
1984	205.718
1984	196.947
1984	188.052
1984	156.969
1984	154.449
1984	133.789
1984	124.834
1984	122.971
1984	122.152
1984	122.132
1984	117.457
1984	115.347
1984	109.922
1984	77.429
1984	75.718
1984	69.34
1984	64.551
1984	61.922
1984	61.236
1984	59.397
1984	55.538
1984	51.881
1984	47.315
1984	43.923
1984	43.839
1984	43.539
1984	39.65
1984	37.05
1984	32.526
1984	29.798
1984	26.665
1984	21.74
1984	19.668
1984	17.798
1984	14.614
1984	14.521
1984	14.431
1984	12.365
1984	11.318
1984	11.131
1984	10.979
1984	10.907
1984	10.695
1984	9.952
1984	8.197
1984	7.525
1984	6.592
1984	6.295
1984	6.118
1984	4.757
1984	4.488
1984	4.285
1984	2.987
1984	2.887
1984	2.843
1984	2.424
1984	0.973
1984	0.703
1985	158739.888
1985	129064.842
1985	75258.152
1985	70653.828
1985	65028.355
1985	62802.627
1985	59826.485
1985	46500.167
1985	46209.68
1985	41295.907
1985	38454.907
1985	31339.612
1985	25995.525
1985	21989.823
1985	21441.76
1985	20669.12
1985	17305.685
1985	16313.841
1985	15654.537
1985	13366.281
1985	12520.182
1985	12475.767
1985	12128.603
1985	11901.219
1985	10926.377
1985	10888.984
1985	9235.833
1985	8935.457
1985	8825.982
1985	8424.638
1985	7916.447
1985	7049.584
1985	7023.598
1985	6972.766
1985	6818.962
1985	6758.311
1985	6557.093
1985	6372.309
1985	6031.964
1985	5938.416
1985	5582.24
1985	5462.34
1985	5267.759
1985	5020.389
1985	4978.507
1985	4963.319
1985	4744.243
1985	4615.319
1985	4442.132
1985	4396.684
1985	4239.434
1985	4165.671
1985	4124.744
1985	4105.635
1985	3725.463
1985	3600.735
1985	3450.817
1985	3351.504
1985	3060.633
1985	2998.012
1985	2882.151
1985	2879.313
1985	2776.845
1985	2709.098
1985	2698.991
1985	2638.615
1985	2617.39
1985	2518.668
1985	2475.7
1985	2407.511
1985	2258.398
1985	2225.229
1985	2209.604
1985	2139.699
1985	2106.38
1985	2103.158
1985	1973.347
1985	1842.561
1985	1827.018
1985	1691.189
1985	1661.629
1985	1640.664
1985	1614.115
1985	1549.174
1985	1547.194
1985	1520.453
1985	1431.859
1985	1316.254
1985	1280.03
1985	1275.879
1985	1193.239
1985	1186.645
1985	1157.253
1985	1088.553
1985	1063.829
1985	1022.632
1985	999.362
1985	982.942
1985	970.659
1985	969.788
1985	898.468
1985	799.641
1985	765.974
1985	733.718
1985	722.583
1985	704.72
1985	686.031
1985	666.94
1985	598.88
1985	587.409
1985	502.094
1985	475.602
1985	417.827
1985	384.568
1985	384.52
1985	376.043
1985	367.028
1985	320.246
1985	303.272
1985	250.564
1985	243.497
1985	207.85
1985	205.881
1985	176.92
1985	160.931
1985	160.911
1985	139.654
1985	133.453
1985	125.279
1985	124.497
1985	122.938
1985	117.695
1985	117.328
1985	114.269
1985	90.907
1985	76.545
1985	69.225
1985	68.787
1985	68.709
1985	64.06
1985	59.789
1985	56.611
1985	56.025
1985	53.913
1985	47.024
1985	46.359
1985	42.898
1985	41.934
1985	41.659
1985	32.897
1985	30.756
1985	28.376
1985	21.758
1985	21.701
1985	20.999
1985	18.55
1985	15.809
1985	13.946
1985	12.527
1985	12.267
1985	11.271
1985	10.937
1985	10.733
1985	10.42
1985	10.327
1985	8.769
1985	6.408
1985	6.282
1985	6.036
1985	5.674
1985	5.138
1985	4.6
1985	4.257
1985	3
1985	2.916
1985	2.87
1985	1.894
1985	0.971
1985	0.683
1986	158450.862
1986	135739.609
1986	73419.965
1986	71399.167
1986	66886.259
1986	63459.894
1986	61248.224
1986	46122.824
1986	45824.966
1986	42266.19
1986	39120.176
1986	31847.067
1986	27887.828
1986	22495.791
1986	22316.694
1986	20563.46
1986	17002.652
1986	16575.561
1986	15660.98
1986	14240.366
1986	13294.716
1986	12916.893
1986	11893.585
1986	11831.533
1986	11334.887
1986	10318.222
1986	9656.478
1986	9244.546
1986	8776.902
1986	8599.409
1986	7847.019
1986	7577.583
1986	6985.562
1986	6781.653
1986	6742.532
1986	6583.59
1986	6541.552
1986	6453.355
1986	6267.103
1986	6090.428
1986	5755.918
1986	5547.69
1986	5484.242
1986	5297.222
1986	5190.378
1986	4980.584
1986	4950.794
1986	4667.685
1986	4543.196
1986	4179.482
1986	4132.082
1986	4046.368
1986	3985.614
1986	3661.21
1986	3374.378
1986	3371.214
1986	3338.973
1986	3286.011
1986	3190.993
1986	3041.386
1986	2973.955
1986	2965.069
1986	2762.347
1986	2749.301
1986	2713.084
1986	2616.203
1986	2516.012
1986	2505.028
1986	2460.608
1986	2386.44
1986	2245.658
1986	2216.614
1986	2198.808
1986	2176.669
1986	2161.97
1986	2156.268
1986	2068.706
1986	1822.874
1986	1803.274
1986	1784.442
1986	1677.948
1986	1669.486
1986	1606.455
1986	1593.676
1986	1579.864
1986	1491.94
1986	1357.219
1986	1344.945
1986	1343.948
1986	1303.004
1986	1239.298
1986	1191.114
1986	1176.137
1986	1167.933
1986	1076.27
1986	1069.614
1986	1033.333
1986	977.822
1986	880.243
1986	811.586
1986	788.036
1986	758.639
1986	737.78
1986	734.964
1986	701.4
1986	697.623
1986	695.493
1986	685.355
1986	618.206
1986	616.034
1986	578.227
1986	486.69
1986	440.842
1986	421.66
1986	394.873
1986	394.155
1986	384.892
1986	310.309
1986	308.234
1986	253.03
1986	216.08
1986	206.182
1986	204.196
1986	179.121
1986	169.022
1986	155.902
1986	146.476
1986	136.294
1986	136.25
1986	125.246
1986	123.511
1986	119.004
1986	113.542
1986	110.395
1986	79.295
1986	79.12
1986	76.8
1986	71.82
1986	69.334
1986	66.249
1986	62.82
1986	60.139
1986	57.941
1986	57.219
1986	49.629
1986	46.688
1986	46.583
1986	45.044
1986	42.882
1986	31.406
1986	28.933
1986	27.86
1986	27.812
1986	21.861
1986	21.799
1986	20.305
1986	13.622
1986	13.22
1986	12.65
1986	12.5
1986	11.454
1986	10.903
1986	10.825
1986	10.336
1986	9.683
1986	9.661
1986	6.267
1986	6.042
1986	5.93
1986	5.339
1986	5.124
1986	4.676
1986	4.269
1986	3.014
1986	2.971
1986	2.87
1986	1.894
1986	0.97
1986	0.681
1987	160242.772
1987	140764.997
1987	71959.907
1987	71738.196
1987	68287.712
1987	64517.298
1987	62080.375
1987	44760.536
1987	44227.88
1987	40660.97
1987	38765.091
1987	32373.785
1987	28447.316
1987	22694.378
1987	21245.581
1987	19726.868
1987	17536.119
1987	16948.821
1987	15521.069
1987	14216.738
1987	13228.505
1987	12523.136
1987	12040.307
1987	11978.345
1987	11612.246
1987	10385.079
1987	10146.927
1987	9019.666
1987	8592.711
1987	8358.525
1987	7826.697
1987	7198.779
1987	6860.884
1987	6820.454
1987	6676.332
1987	6644.727
1987	6536.535
1987	6529.501
1987	6430.429
1987	6297.852
1987	6173.719
1987	5953.249
1987	5573.042
1987	5444.654
1987	5228.811
1987	5082.982
1987	5060.901
1987	4627.209
1987	4582.607
1987	4024.74
1987	3979.415
1987	3874.065
1987	3870.172
1987	3725.543
1987	3631.469
1987	3555.467
1987	3430.98
1987	3382.797
1987	3353.973
1987	3158.628
1987	3050.26
1987	2907.668
1987	2906.474
1987	2824.54
1987	2698.991
1987	2589.514
1987	2541.297
1987	2538.408
1987	2521.386
1987	2423.956
1987	2212.613
1987	2200.977
1987	2148.586
1987	2144.25
1987	2136.523
1987	1987.958
1987	1850.908
1987	1797.809
1987	1787.532
1987	1718.204
1987	1711.573
1987	1697.462
1987	1684.852
1987	1684.321
1987	1639.71
1987	1586.876
1987	1418.345
1987	1329.828
1987	1323.686
1987	1289.395
1987	1262.798
1987	1190.46
1987	1170.932
1987	1168.965
1987	1155.006
1987	1063.444
1987	1057.599
1987	1039.886
1987	905.608
1987	855.656
1987	849.894
1987	795.745
1987	794.933
1987	752.523
1987	745.461
1987	699.833
1987	685.236
1987	650.671
1987	632.388
1987	615.82
1987	542.733
1987	505.663
1987	474.36
1987	424.289
1987	419.729
1987	400.992
1987	390.369
1987	317.252
1987	316.439
1987	257.719
1987	250.67
1987	211.734
1987	202.389
1987	188.421
1987	171.777
1987	160.85
1987	145.515
1987	145.29
1987	140.266
1987	130.955
1987	122.498
1987	121.675
1987	121.141
1987	102.298
1987	95.476
1987	86.432
1987	82.022
1987	80.349
1987	71.677
1987	66.537
1987	64.009
1987	62.096
1987	60.938
1987	57.687
1987	51.92
1987	50.809
1987	49.453
1987	48.177
1987	47.625
1987	32.911
1987	28.009
1987	27.268
1987	26.598
1987	21.985
1987	21.799
1987	20.139
1987	15.831
1987	14.716
1987	13.02
1987	11.527
1987	10.916
1987	10.897
1987	10.54
1987	10.344
1987	9.091
1987	7.14
1987	6.25
1987	6.005
1987	5.574
1987	5.417
1987	5.4
1987	4.788
1987	4.281
1987	3.018
1987	2.946
1987	2.897
1987	1.894
1987	0.981
1987	0.667
1988	156045.575
1988	142643.366
1988	72925.619
1988	71515.443
1988	69733.934
1988	65342.123
1988	63266.271
1988	45272.447
1988	44760.339
1988	41008.356
1988	37597.374
1988	32924.697
1988	28984.488
1988	22561.7
1988	21297.295
1988	19309.715
1988	18177.661
1988	16884.19
1988	15168.701
1988	14258.242
1988	13375.988
1988	12300.493
1988	12241.698
1988	11905.344
1988	11809.91
1988	10620.837
1988	10495.934
1988	9968.83
1988	8618.499
1988	8311.653
1988	8262.119
1988	7840.442
1988	6877.427
1988	6860.176
1988	6811.693
1988	6621.513
1988	6542.757
1988	6501.336
1988	6413.04
1988	6367.973
1988	5988.264
1988	5694.678
1988	5654.935
1988	5365.16
1988	5287.896
1988	5261.792
1988	5108.268
1988	4798.301
1988	4410.099
1988	3998.478
1988	3902.405
1988	3797.156
1988	3756.769
1988	3745.291
1988	3743.548
1988	3593.69
1988	3576.958
1988	3565.223
1988	3356.518
1988	3281.221
1988	3171.446
1988	3138.373
1988	2892.685
1988	2815.228
1988	2778.264
1988	2583.829
1988	2574.4
1988	2572.379
1988	2548.199
1988	2318.345
1988	2270.814
1988	2267.465
1988	2156.201
1988	2154.573
1988	2086.737
1988	1984.913
1988	1916.456
1988	1849.612
1988	1809.035
1988	1806.915
1988	1781.166
1988	1699.382
1988	1698.567
1988	1662.831
1988	1655.214
1988	1553.306
1988	1496.4
1988	1398.495
1988	1340.883
1988	1277.999
1988	1237.922
1988	1227.667
1988	1170.744
1988	1153.95
1988	1150.824
1988	1128.125
1988	1114.158
1988	1011.498
1988	995.224
1988	826.491
1988	823.819
1988	772.088
1988	771.356
1988	748.045
1988	738.946
1988	738.658
1988	690.701
1988	682.402
1988	656.928
1988	636.563
1988	600.539
1988	564.666
1988	528.379
1988	450.962
1988	422.688
1988	418.557
1988	382.279
1988	333.729
1988	320.085
1988	262.51
1988	260.153
1988	220.347
1988	207.64
1988	205.328
1988	173.006
1988	161.555
1988	154.809
1988	147.219
1988	138.644
1988	131.276
1988	129.31
1988	124.599
1988	121.987
1988	100.922
1988	91.138
1988	89.595
1988	86.466
1988	84.477
1988	74.132
1988	70.433
1988	69.748
1988	63.752
1988	61.387
1988	59.619
1988	58.449
1988	51.394
1988	51.281
1988	50.296
1988	48.239
1988	33.652
1988	27.799
1988	27.388
1988	27.22
1988	22.025
1988	21.849
1988	18.172
1988	16.126
1988	14.322
1988	13.92
1988	12.696
1988	12.076
1988	11.022
1988	10.661
1988	10.353
1988	10.15
1988	8.886
1988	6.229
1988	6.184
1988	5.574
1988	5.495
1988	5.275
1988	4.863
1988	4.091
1988	3.065
1988	2.905
1988	2.897
1988	2.02
1988	1.017
1988	0.658
1989	157555.137
1989	149944.189
1989	73649.431
1989	71784.692
1989	70661.843
1989	65881.363
1989	63830.095
1989	46115.691
1989	45912.885
1989	39288.298
1989	38798.914
1989	33493.201
1989	29571.602
1989	22474.787
1989	22327.847
1989	19167.01
1989	17026.269
1989	16955.993
1989	14977.324
1989	14383.014
1989	14038.929
1989	13873.05
1989	12709.053
1989	11924.102
1989	11764.669
1989	11266.716
1989	10910.722
1989	10485.933
1989	8689.089
1989	8399.859
1989	8215.313
1989	7818.967
1989	7024.136
1989	6884.704
1989	6802.903
1989	6707.285
1989	6538.532
1989	6399.811
1989	6233.263
1989	6202.703
1989	6201.695
1989	5925.449
1989	5568.34
1989	5535.917
1989	5303.828
1989	5217.102
1989	5190.306
1989	4920.146
1989	4488.163
1989	4050.796
1989	3971.095
1989	3849.223
1989	3822.741
1989	3736.758
1989	3735.613
1989	3729.333
1989	3697.912
1989	3589.35
1989	3456.953
1989	3409.389
1989	3228.005
1989	3205.707
1989	2895.181
1989	2866.585
1989	2788.785
1989	2627.756
1989	2596.849
1989	2565.719
1989	2525.115
1989	2401.539
1989	2327.576
1989	2325.4
1989	2169.983
1989	2155.883
1989	2115.544
1989	2026.523
1989	1867.038
1989	1862.234
1989	1848.999
1989	1829.797
1989	1803.615
1989	1781.559
1989	1684.604
1989	1673.883
1989	1647.417
1989	1579.459
1989	1558.573
1989	1468.685
1989	1384.87
1989	1366.398
1989	1253.759
1989	1245.916
1989	1232.362
1989	1174.243
1989	1152.008
1989	1126.247
1989	1106.96
1989	1090.821
1989	1055.846
1989	876.186
1989	805.599
1989	780.847
1989	768.389
1989	768.13
1989	745.977
1989	727.201
1989	710.112
1989	702.744
1989	684.883
1989	619.596
1989	587.403
1989	557.502
1989	479.259
1989	476.175
1989	444.1
1989	427.983
1989	404.788
1989	332.294
1989	324.261
1989	283.784
1989	262.339
1989	225.478
1989	210.601
1989	184.638
1989	163.194
1989	163.001
1989	159.502
1989	156.319
1989	141.152
1989	133.65
1989	131.183
1989	127.662
1989	117.745
1989	97.442
1989	95.481
1989	94.384
1989	93.404
1989	85.306
1989	78.185
1989	78.015
1989	66.101
1989	65.722
1989	61.33
1989	61.162
1989	58.761
1989	53.731
1989	53.323
1989	48.753
1989	47.046
1989	36.563
1989	28.163
1989	27.619
1989	27.166
1989	22.01
1989	19.717
1989	19.235
1989	17.322
1989	14.211
1989	13.609
1989	13.559
1989	12.076
1989	11.143
1989	10.353
1989	10.283
1989	10.263
1989	8.966
1989	6.493
1989	5.832
1989	5.574
1989	5.29
1989	4.898
1989	4.152
1989	3.125
1989	2.924
1989	2.862
1989	2.67
1989	2.02
1989	1.038
1989	0.648
1990	156201.075
1990	154737.891
1990	74412.389
1990	73070.231
1990	70231.14
1990	65821.374
1990	63989.218
1990	47778.019
1990	46122.379
1990	39040.265
1990	37857.055
1990	34098.387
1990	30174.543
1990	22739.638
1990	21591.536
1990	19466.815
1990	16638.832
1990	16127.478
1990	14890.527
1990	14530.442
1990	14356.052
1990	13806.852
1990	13138.622
1990	12087.471
1990	11403.104
1990	11165.948
1990	10886.849
1990	10681.177
1990	8503.309
1990	8425.374
1990	7977.485
1990	7828.872
1990	7409.29
1990	6998.813
1990	6962.578
1990	6823.886
1990	6797.462
1990	6565.485
1990	6156.489
1990	6100.854
1990	5976.105
1990	5960.177
1990	5839.497
1990	5833.383
1990	5543.352
1990	5360.267
1990	5088.474
1990	4866.468
1990	4633.419
1990	4113.138
1990	3974.954
1990	3895.569
1990	3834.634
1990	3784.01
1990	3779.921
1990	3720.467
1990	3693.905
1990	3543.589
1990	3499.199
1990	3422.654
1990	3398.191
1990	3317.746
1990	2944.516
1990	2883.106
1990	2824.529
1990	2775.382
1990	2608.043
1990	2568.713
1990	2544.851
1990	2536.415
1990	2431.384
1990	2386.45
1990	2216.419
1990	2168.831
1990	2107.898
1990	1946.005
1990	1915.753
1990	1889.646
1990	1888.911
1990	1863.128
1990	1781.279
1990	1727.228
1990	1708.303
1990	1707.884
1990	1667.909
1990	1651.911
1990	1623.269
1990	1612.629
1990	1524.112
1990	1435.469
1990	1354.112
1990	1316.709
1990	1257.341
1990	1244.769
1990	1209.733
1990	1170.014
1990	1117.567
1990	1103.365
1990	1090.879
1990	917.671
1990	837.644
1990	821.422
1990	796.225
1990	755.898
1990	716.418
1990	702.96
1990	698.797
1990	697.468
1990	685.808
1990	663.19
1990	643.39
1990	597.838
1990	481.707
1990	475.067
1990	453.832
1990	431.761
1990	424.789
1990	328.063
1990	321.71
1990	290.778
1990	268.312
1990	235.464
1990	214.735
1990	178.352
1990	174.19
1990	163.269
1990	163.219
1990	160.873
1990	136.153
1990	132.083
1990	129.782
1990	129.771
1990	111.619
1990	106.838
1990	100.059
1990	89.778
1990	83.375
1990	81.36
1990	78.714
1990	74.839
1990	69.549
1990	67.039
1990	61.6
1990	59.445
1990	57.025
1990	55.285
1990	52.695
1990	51.257
1990	49.213
1990	38.412
1990	28.427
1990	26.894
1990	26.14
1990	22.043
1990	19.596
1990	18.406
1990	16.943
1990	14.745
1990	12.922
1990	12.223
1990	11.479
1990	11.27
1990	10.357
1990	10.224
1990	9.959
1990	9.07
1990	6.573
1990	5.857
1990	5.591
1990	5.347
1990	4.342
1990	3.953
1990	3.176
1990	2.938
1990	2.848
1990	2.02
1990	2.008
1990	1.017
1990	0.665
1991	157768.795
1991	152241.379
1991	75219.54
1991	75157.827
1991	70773.904
1991	65800.915
1991	62787.639
1991	47647.522
1991	45379.82
1991	38402.406
1991	37848.901
1991	34400.954
1991	30791.457
1991	22929.787
1991	20159.495
1991	19486.621
1991	16579.337
1991	16477.913
1991	14820.011
1991	14430.651
1991	14121.965
1991	13373.333
1991	13147.382
1991	12402.61
1991	12081.518
1991	11554.153
1991	10486.256
1991	10060.315
1991	8483.452
1991	8393.603
1991	7731.595
1991	7584.472
1991	7413.455
1991	6987.715
1991	6890.151
1991	6843.107
1991	6743.115
1991	6143.152
1991	6072.391
1991	6032.697
1991	6008.963
1991	5979.803
1991	5904.153
1991	5747.235
1991	5677.391
1991	5161.051
1991	5133.475
1991	4895.444
1991	4654.234
1991	4251.375
1991	4164.225
1991	3984.039
1991	3803.347
1991	3766.049
1991	3733.006
1991	3694.819
1991	3683.924
1991	3619.59
1991	3615.654
1991	3467.399
1991	3410.542
1991	3369.635
1991	3006.973
1991	2930.512
1991	2859.506
1991	2738.919
1991	2621.322
1991	2543.445
1991	2500.144
1991	2495.962
1991	2444.173
1991	2248.912
1991	2181.25
1991	2135.454
1991	2019.574
1991	2015.88
1991	1943.615
1991	1936.948
1991	1810.026
1991	1804.424
1991	1784.226
1991	1773.187
1991	1722.766
1991	1669.886
1991	1624.691
1991	1612.876
1991	1578.589
1991	1533.167
1991	1490.627
1991	1401.329
1991	1399.587
1991	1396.605
1991	1316.135
1991	1300.562
1991	1245.946
1991	1195.143
1991	1186.061
1991	1184.912
1991	1106.758
1991	914.559
1991	913.829
1991	841.547
1991	819.513
1991	756.617
1991	756.264
1991	727.89
1991	704.788
1991	700.157
1991	681.126
1991	649.507
1991	601.623
1991	582.221
1991	493.037
1991	482.489
1991	467.99
1991	444.928
1991	431.662
1991	351.826
1991	336.395
1991	328.033
1991	274.802
1991	240.05
1991	216.652
1991	186.095
1991	172.543
1991	167.292
1991	163.455
1991	160.175
1991	151.338
1991	141.921
1991	128.09
1991	127.523
1991	109.505
1991	108.73
1991	102.266
1991	87.942
1991	85.845
1991	81.74
1991	77.862
1991	74.641
1991	67.556
1991	62.061
1991	59.916
1991	59.524
1991	58.339
1991	57.257
1991	51.257
1991	49.84
1991	41.128
1991	28.927
1991	27.017
1991	26.267
1991	22.056
1991	19.643
1991	18.454
1991	17.137
1991	16.709
1991	14.028
1991	12.369
1991	12.072
1991	11.882
1991	11.386
1991	10.553
1991	10.252
1991	9.76
1991	9.073
1991	6.037
1991	5.91
1991	5.591
1991	5.112
1991	4.312
1991	3.955
1991	3.284
1991	2.938
1991	2.806
1991	2.02
1991	1.947
1991	0.929
1991	0.679
1992	159955.846
1992	78543.523
1992	76148.778
1992	76100.42
1992	71916.816
1992	67191.307
1992	62001.554
1992	46383.601
1992	45451.215
1992	37729.66
1992	37671.44
1992	35009.64
1992	31448.571
1992	29130.776
1992	23524.844
1992	20652.692
1992	19269.144
1992	17369.427
1992	16425.129
1992	15454.404
1992	14454.384
1992	14097.002
1992	13573.902
1992	12745.25
1992	12542.414
1992	12487.224
1992	11786.704
1992	10912.444
1992	10320.141
1992	8985.093
1992	8762.117
1992	8475.447
1992	8256.083
1992	7668.476
1992	7403.974
1992	7338.146
1992	7310.425
1992	7246.429
1992	6981.76
1992	6861.806
1992	6594.436
1992	6552.759
1992	6280.855
1992	6123.399
1992	6019.18
1992	5691.833
1992	5554.942
1992	5263.113
1992	5253.827
1992	4927.248
1992	4778.7
1992	4681.641
1992	4380.149
1992	4312.96
1992	4242.951
1992	3843.21
1992	3833.376
1992	3830.785
1992	3806.805
1992	3691.497
1992	3620.738
1992	3551.701
1992	3509.59
1992	3507.113
1992	3127.343
1992	3037.779
1992	2997.968
1992	2992.175
1992	2810.11
1992	2724.408
1992	2630.823
1992	2594.836
1992	2507.329
1992	2496.663
1992	2494.878
1992	2293.459
1992	2265.21
1992	2173.28
1992	2113.688
1992	2064.408
1992	1993.889
1992	1946.637
1992	1892.558
1992	1848.137
1992	1846.482
1992	1793.55
1992	1780.342
1992	1775.813
1992	1761.957
1992	1734.87
1992	1730.62
1992	1687.91
1992	1669.32
1992	1584.922
1992	1572.03
1992	1570.801
1992	1519.38
1992	1505.323
1992	1498.835
1992	1486.11
1992	1419.839
1992	1415.148
1992	1301.917
1992	1258.973
1992	1232.486
1992	1232.197
1992	1229.232
1992	1222.81
1992	1150.767
1992	1061.611
1992	926.244
1992	890.839
1992	852.581
1992	842.43
1992	821.522
1992	804.954
1992	776.583
1992	751.402
1992	695.607
1992	685.034
1992	679.518
1992	657.838
1992	647.151
1992	621.634
1992	596.349
1992	532.283
1992	525.407
1992	513.886
1992	495.089
1992	491.38
1992	486.732
1992	466.974
1992	466.775
1992	448.55
1992	412.125
1992	347.842
1992	332.387
1992	331.272
1992	285.521
1992	240.954
1992	213.945
1992	198.473
1992	174.963
1992	174.436
1992	167.249
1992	166.197
1992	139.486
1992	131.022
1992	127.526
1992	124.55
1992	119.538
1992	108.319
1992	103.234
1992	101.708
1992	90.181
1992	85.645
1992	79.391
1992	73.733
1992	69.929
1992	63.363
1992	60.772
1992	60.293
1992	59.649
1992	58.174
1992	58.082
1992	53.157
1992	47.187
1992	29.307
1992	27.897
1992	26.633
1992	24.623
1992	22.118
1992	19.669
1992	16.773
1992	16.204
1992	14.366
1992	12.767
1992	12.515
1992	12.21
1992	11.507
1992	10.678
1992	10.259
1992	9.559
1992	9.128
1992	6.116
1992	5.75
1992	5.591
1992	5.132
1992	4.151
1992	3.957
1992	3.425
1992	3.007
1992	2.819
1992	2.02
1992	1.992
1992	0.929
1992	0.679
1993	164739.899
1993	76725.486
1993	75753.861
1993	74342.312
1993	72730.944
1993	68824.622
1993	61564.445
1993	45417.685
1993	43554.143
1993	38097.031
1993	37441.384
1993	35535.305
1993	32141.718
1993	27471.887
1993	20604.357
1993	20395.575
1993	18902.893
1993	17656.638
1993	16160.252
1993	16015.922
1993	15187.458
1993	14591.238
1993	14451.075
1993	12313.718
1993	12306.631
1993	12276.084
1993	12124.283
1993	11204.676
1993	10193.069
1993	8524.751
1993	8281.9
1993	8200.981
1993	7887.094
1993	7811.446
1993	7687.629
1993	7283.373
1993	7179.515
1993	7034.027
1993	6882.166
1993	6881.549
1993	6577.528
1993	6420.879
1993	6290.246
1993	6165.061
1993	5678.348
1993	5352.668
1993	5311.084
1993	5101.99
1993	4838.734
1993	4806.045
1993	4717.246
1993	4680.242
1993	4393.784
1993	4309.398
1993	3993.874
1993	3984.492
1993	3938.278
1993	3870.825
1993	3868.572
1993	3616.26
1993	3607.069
1993	3572.028
1993	3435.445
1993	3150.508
1993	3057.275
1993	3042.305
1993	2889.195
1993	2774.53
1993	2717.629
1993	2675.023
1993	2641.162
1993	2525.503
1993	2523.891
1993	2506.941
1993	2499.852
1993	2365.68
1993	2209.75
1993	2194.583
1993	2186.575
1993	2109.686
1993	1994.242
1993	1972.007
1993	1894.959
1993	1855.354
1993	1796.062
1993	1752.347
1993	1718.089
1993	1665.58
1993	1649.389
1993	1635.731
1993	1634.771
1993	1608.256
1993	1606.578
1993	1574.513
1993	1533.414
1993	1469.76
1993	1460.899
1993	1432.757
1993	1431.522
1993	1423.896
1993	1396.597
1993	1347.483
1993	1346.466
1993	1339.593
1993	1336.561
1993	1243.98
1993	1234.051
1993	1205.206
1993	1167.114
1993	1135.47
1993	1070.135
1993	973.879
1993	942.124
1993	865.64
1993	861.855
1993	861.33
1993	790.884
1993	757.036
1993	744.011
1993	730.864
1993	714.17
1993	663.327
1993	653.225
1993	646.697
1993	630.168
1993	541.551
1993	532.46
1993	531.512
1993	520.631
1993	513.379
1993	501.986
1993	473.757
1993	473.462
1993	473.368
1993	456.793
1993	431.652
1993	397.952
1993	377.024
1993	335.476
1993	330.206
1993	293.651
1993	243.726
1993	213.209
1993	212.063
1993	192.881
1993	179.661
1993	170.191
1993	168.531
1993	132.267
1993	131.003
1993	130.025
1993	128.955
1993	125.724
1993	107.538
1993	102.861
1993	100.95
1993	93.703
1993	80.698
1993	69.961
1993	69.569
1993	67.04
1993	66.899
1993	60.705
1993	60.206
1993	60.03
1993	57.632
1993	55.273
1993	53.947
1993	52.2
1993	50.106
1993	29.806
1993	29.36
1993	27.021
1993	22.148
1993	20.113
1993	16.758
1993	14.002
1993	12.894
1993	12.588
1993	12.389
1993	11.827
1993	11.628
1993	10.763
1993	10.252
1993	9.31
1993	9.213
1993	6.034
1993	5.994
1993	5.591
1993	4.869
1993	4.159
1993	3.96
1993	3.121
1993	3.007
1993	2.833
1993	2.052
1993	2.02
1993	0.928
1993	0.679
1994	170727.251
1994	77509.947
1994	77287.684
1994	73394.569
1994	69897.903
1994	69021.626
1994	60824.121
1994	46708.105
1994	43678.443
1994	38687.678
1994	37756.35
1994	36176.156
1994	32896.119
1994	26419.931
1994	20615.583
1994	19963.961
1994	19081.023
1994	17882.882
1994	17869.049
1994	16297.929
1994	16106.599
1994	14794.239
1994	14471.034
1994	13047.678
1994	12707.649
1994	12362.816
1994	12265.635
1994	11071.621
1994	10297.606
1994	8505.2
1994	8414.154
1994	7963.993
1994	7896.081
1994	7794.507
1994	7551.293
1994	7362.1
1994	7279.154
1994	7122.557
1994	6980.976
1994	6901.244
1994	6594.407
1994	6519.344
1994	6319.096
1994	6222.367
1994	5635.659
1994	5569.863
1994	5365.537
1994	5240.201
1994	5009.551
1994	4901.795
1994	4826.246
1994	4752.996
1994	4471.455
1994	4318.813
1994	4145.296
1994	4141.031
1994	3966.03
1994	3942.212
1994	3772.17
1994	3710.805
1994	3706.263
1994	3446.475
1994	3322.097
1994	3149.687
1994	3041.01
1994	2822.635
1994	2774.051
1994	2719.161
1994	2718.394
1994	2659.693
1994	2568.787
1994	2555.049
1994	2505.703
1994	2387.925
1994	2209.366
1994	2185.291
1994	2156.499
1994	2135.241
1994	2058.268
1994	2045.991
1994	1970.699
1994	1967.899
1994	1881.632
1994	1841.622
1994	1779.665
1994	1734.707
1994	1722.231
1994	1673.888
1994	1670.319
1994	1644.905
1994	1640.525
1994	1595.365
1994	1552.984
1994	1533.005
1994	1497.676
1994	1474.773
1994	1446.413
1994	1430.741
1994	1404.649
1994	1393.248
1994	1381.794
1994	1368.596
1994	1310.157
1994	1294.576
1994	1290.8
1994	1223.382
1994	1186.493
1994	1136.595
1994	1109.937
1994	1089.134
1994	1065.649
1994	1045.653
1994	971.795
1994	932.845
1994	931.042
1994	882.441
1994	862.963
1994	765.752
1994	708.7
1994	702.186
1994	643.722
1994	634.043
1994	630.504
1994	611.813
1994	595.954
1994	536.931
1994	532.754
1994	528.828
1994	500.601
1994	454.155
1994	449.096
1994	433.38
1994	411.616
1994	409.812
1994	409.593
1994	408.27
1994	401.859
1994	396.82
1994	343.905
1994	343.599
1994	300.649
1994	249.445
1994	230.317
1994	213.973
1994	205.228
1994	181.784
1994	175.873
1994	169.421
1994	143.47
1994	134.288
1994	128.137
1994	126.583
1994	125.397
1994	107.538
1994	96.497
1994	90.991
1994	84.001
1994	83.329
1994	81.199
1994	81.199
1994	70.242
1994	67.481
1994	67.478
1994	64.203
1994	60.798
1994	60.495
1994	58.666
1994	57.42
1994	55.495
1994	55.294
1994	53.564
1994	30.277
1994	29.997
1994	26.655
1994	22.143
1994	20.589
1994	16.75
1994	13.584
1994	12.662
1994	12.637
1994	12.521
1994	11.702
1994	11.432
1994	10.763
1994	10.252
1994	9.357
1994	9.203
1994	6.348
1994	5.591
1994	5.532
1994	4.977
1994	4.159
1994	3.963
1994	3.192
1994	3.007
1994	2.835
1994	2.052
1994	0.782
1994	0.716
1995	182672.203
1995	78758.688
1995	77223.241
1995	74504.145
1995	70157.509
1995	60685.242
1995	59181.024
1995	45402.39
1995	42844.068
1995	39582.629
1995	37639.596
1995	36862.423
1995	33663.291
1995	24052.276
1995	20588.241
1995	19536.43
1995	19368.626
1995	18525.175
1995	17619.529
1995	16189.945
1995	15786.188
1995	14940.865
1995	14404.779
1995	13829.117
1995	12648.8
1995	12450.175
1995	12270.134
1995	10054.438
1995	9318.755
1995	8930.166
1995	8714.752
1995	8124.577
1995	7991.676
1995	7794.049
1995	7373.409
1995	7252.71
1995	7180.685
1995	7067.529
1995	6922.806
1995	6780.156
1995	6705.81
1995	6667.154
1995	6309.731
1995	6300.246
1995	6146.601
1995	5549.61
1995	5517.954
1995	5511.052
1995	5379.745
1995	5048.311
1995	4967.23
1995	4707.188
1995	4414.204
1995	4354.027
1995	4313.731
1995	4243.702
1995	4074.584
1995	4058.134
1995	3965.822
1995	3777.216
1995	3720.16
1995	3709.742
1995	3455.242
1995	3108.399
1995	3059.251
1995	2806.293
1995	2741.888
1995	2733.396
1995	2722.851
1995	2701.482
1995	2454.907
1995	2409.233
1995	2374.801
1995	2368.548
1995	2243.38
1995	2182.399
1995	2150.545
1995	2049.883
1995	1996.128
1995	1979.586
1995	1959.696
1995	1943.626
1995	1885.296
1995	1812.912
1995	1766.094
1995	1747.643
1995	1736.591
1995	1686.584
1995	1660.004
1995	1653.995
1995	1650.51
1995	1638.747
1995	1617.099
1995	1611.132
1995	1554.757
1995	1525.633
1995	1518.339
1995	1394.145
1995	1391.294
1995	1384.342
1995	1361.383
1995	1346.17
1995	1330.306
1995	1291.4
1995	1265.375
1995	1249.294
1995	1152.105
1995	1126.638
1995	1036.089
1995	1031.1
1995	1002.512
1995	1002.345
1995	990.067
1995	935.168
1995	903.264
1995	898.63
1995	857.016
1995	705.789
1995	694.354
1995	661.31
1995	643.544
1995	610.804
1995	575.953
1995	571.577
1995	509.918
1995	507.56
1995	493.563
1995	490.55
1995	473.24
1995	452.102
1995	438.4
1995	417.084
1995	416.626
1995	414.884
1995	406.961
1995	379.198
1995	358.357
1995	347.724
1995	347.286
1995	345.066
1995	342.366
1995	260.955
1995	245.801
1995	234.339
1995	211.224
1995	183.594
1995	175.451
1995	162.78
1995	151.239
1995	138.696
1995	131.213
1995	124.802
1995	124.118
1995	107.538
1995	105.743
1995	91.515
1995	83.929
1995	83.337
1995	82.908
1995	78.325
1995	77.824
1995	75.899
1995	67.478
1995	62.242
1995	61.186
1995	61.073
1995	60.423
1995	55.351
1995	51.955
1995	51.728
1995	42.565
1995	29.433
1995	28.555
1995	28.224
1995	22.106
1995	20.854
1995	17.919
1995	16.75
1995	12.758
1995	12.662
1995	12.579
1995	11.815
1995	11.553
1995	10.763
1995	10.252
1995	9.462
1995	8.98
1995	7.417
1995	6.629
1995	5.591
1995	4.949
1995	4.159
1995	3.963
1995	3.276
1995	3.007
1995	2.835
1995	2.052
1995	0.781
1995	0.716
1996	184244.493
1996	77701.255
1996	74718.231
1996	72960.426
1996	71331.256
1996	57495.717
1996	55233.176
1996	46087.388
1996	41499.612
1996	38477.39
1996	37024.981
1996	36801.059
1996	34228.583
1996	21684.221
1996	21505.214
1996	19507.787
1996	19032.377
1996	18864.722
1996	17819.185
1996	16654.408
1996	15600.468
1996	15106.767
1996	14597.738
1996	14427.018
1996	12709.616
1996	12542.179
1996	12324.198
1996	9285.669
1996	9166.961
1996	8481.367
1996	8167.644
1996	8021.204
1996	7902.627
1996	7591.345
1996	7354.912
1996	7231.474
1996	6945.646
1996	6923.287
1996	6856.823
1996	6836.99
1996	6821.208
1996	6711.561
1996	6675.971
1996	6467.303
1996	6015.809
1996	5819.013
1996	5707.98
1996	5702.108
1996	5667.867
1996	5211.447
1996	5197.499
1996	4648.719
1996	4489.951
1996	4469.183
1996	4401.065
1996	4396.753
1996	4239.173
1996	4054.722
1996	4044.996
1996	4036.927
1996	3804.564
1996	3760.437
1996	3413.731
1996	3129.618
1996	3067.938
1996	2859.389
1996	2789.547
1996	2758.988
1996	2746.53
1996	2739.636
1996	2474.65
1996	2377.413
1996	2355.098
1996	2296.723
1996	2239.868
1996	2233.143
1996	2203.206
1996	2200.325
1996	2164.825
1996	2042.501
1996	2029.788
1996	1864.129
1996	1863.966
1996	1827.978
1996	1795.236
1996	1794.795
1996	1779.538
1996	1771.354
1996	1761.895
1996	1748.366
1996	1697.196
1996	1694.235
1996	1645.334
1996	1638.462
1996	1636.653
1996	1595.239
1996	1471.338
1996	1373.794
1996	1347.929
1996	1346.362
1996	1323.979
1996	1312.976
1996	1311.574
1996	1310.328
1996	1258.559
1996	1195.192
1996	1139.179
1996	1069.539
1996	1034.381
1996	1008.038
1996	975.92
1996	956.125
1996	949.65
1996	937.052
1996	934.92
1996	889.816
1996	794.157
1996	762.286
1996	689.789
1996	629.959
1996	621.621
1996	614.483
1996	588.478
1996	587.135
1996	547.005
1996	522.372
1996	489.675
1996	468.868
1996	463.294
1996	437.903
1996	436.959
1996	435.898
1996	425.438
1996	422.552
1996	414.582
1996	412.677
1996	369.012
1996	346.09
1996	340.946
1996	340.13
1996	331.76
1996	269.286
1996	266.874
1996	247.957
1996	216.065
1996	186.956
1996	181.568
1996	173.168
1996	147.381
1996	135.993
1996	133.515
1996	123.696
1996	119.228
1996	118.043
1996	107.538
1996	101.452
1996	96.825
1996	90.47
1996	89.413
1996	77.669
1996	75.987
1996	72.006
1996	67.478
1996	63.124
1996	62.29
1996	61.653
1996	61.601
1996	55.38
1996	51.565
1996	50.049
1996	44.269
1996	29.157
1996	28.885
1996	28.235
1996	22.09
1996	20.754
1996	17.919
1996	16.75
1996	13.602
1996	12.703
1996	12.662
1996	12.612
1996	11.888
1996	10.763
1996	10.252
1996	9.622
1996	9.386
1996	8.884
1996	6.31
1996	5.591
1996	5.02
1996	4.159
1996	3.963
1996	3.347
1996	3.007
1996	2.985
1996	2.054
1996	0.78
1996	0.719
1997	169453.063
1997	77614.777
1997	74385.594
1997	73764.311
1997	70344.855
1997	56898.887
1997	48503.764
1997	46497.904
1997	40814.117
1997	38544.012
1997	37802.398
1997	37501.49
1997	35065.655
1997	22323.061
1997	19833.864
1997	19624.866
1997	19024.689
1997	18775.132
1997	17458.058
1997	16693.095
1997	15566.884
1997	15441.368
1997	15325.818
1997	14409.552
1997	12871.154
1997	12784.177
1997	12378.442
1997	9324.691
1997	9186.334
1997	8979.968
1997	8252.134
1997	8170.538
1997	7796.014
1997	7455.987
1997	7176.607
1997	7140.146
1997	6973.524
1997	6929.857
1997	6928.064
1997	6780.144
1997	6578.745
1997	6576.089
1997	6396.701
1997	6149.444
1997	6048.166
1997	5971.324
1997	5886.353
1997	5820.415
1997	5652.287
1997	5395.045
1997	4955.51
1997	4761.801
1997	4674.591
1997	4531.894
1997	4477.121
1997	4411.473
1997	4385.577
1997	4303.264
1997	4155.244
1997	4139.778
1997	3915.675
1997	3814.469
1997	3459.454
1997	3074.647
1997	3008.498
1997	2981.078
1997	2906.23
1997	2867.173
1997	2767.453
1997	2707.653
1997	2605.795
1997	2528.289
1997	2397.187
1997	2385.609
1997	2330.594
1997	2305.865
1997	2261.678
1997	2190.541
1997	2181.591
1997	2109.341
1997	2039.443
1997	1950.23
1997	1930.424
1997	1906.424
1997	1859.152
1997	1858.284
1997	1841.497
1997	1819.537
1997	1805.545
1997	1778.753
1997	1772.138
1997	1719.928
1997	1663.75
1997	1658.832
1997	1657.102
1997	1546.315
1997	1437.77
1997	1412.59
1997	1408.076
1997	1401.24
1997	1355.963
1997	1312.14
1997	1268.238
1997	1258.913
1997	1249.816
1997	1240.399
1997	1118.527
1997	1067.618
1997	1005.99
1997	976.412
1997	968.58
1997	926.959
1997	911.602
1997	911.409
1997	863.087
1997	807.53
1997	805.239
1997	744.929
1997	679.341
1997	608.458
1997	606.936
1997	598.905
1997	590.532
1997	586.338
1997	574.891
1997	535.266
1997	522.91
1997	485.188
1997	479.966
1997	466.682
1997	437.732
1997	421.149
1997	417.311
1997	414.964
1997	412.885
1997	412.633
1997	382.213
1997	347.894
1997	313.829
1997	299.015
1997	294.978
1997	282.851
1997	270.96
1997	255.302
1997	216.602
1997	190.669
1997	190.493
1997	181.127
1997	143.054
1997	135.724
1997	133.233
1997	123.366
1997	123.135
1997	109.574
1997	108.17
1997	107.538
1997	99.612
1997	98.65
1997	90.173
1997	83.142
1997	77.514
1997	70.027
1997	67.552
1997	66.413
1997	65.64
1997	62.258
1997	58.675
1997	55.208
1997	51.568
1997	45.714
1997	45.575
1997	29.718
1997	28.246
1997	27.101
1997	22.099
1997	20.866
1997	17.919
1997	17.134
1997	16.75
1997	13.714
1997	13.353
1997	12.662
1997	12.001
1997	10.763
1997	10.252
1997	9.72
1997	9.347
1997	7.943
1997	6.671
1997	5.591
1997	4.803
1997	4.159
1997	3.963
1997	3.411
1997	3.007
1997	2.985
1997	2.129
1997	0.729
1997	0.719
1998	179539.139
1998	77427.959
1998	75122.154
1998	74062.304
1998	70403.086
1998	56962.158
1998	46278.283
1998	43475.789
1998	39838.645
1998	37414.118
1998	37333.012
1998	36597.356
1998	35792.24
1998	24233.842
1998	20588.959
1998	19161.79
1998	17511.933
1998	16841.738
1998	16465.47
1998	16086.405
1998	15534.251
1998	15474.657
1998	15434.954
1998	14452.386
1998	13135.589
1998	12945.434
1998	11953.816
1998	9370.051
1998	9224.136
1998	9165.636
1998	8525.452
1998	8181.609
1998	7957.979
1998	7558.799
1998	7426.155
1998	7125.336
1998	6848.336
1998	6834.032
1998	6803.911
1998	6661.141
1998	6648.016
1998	6511.048
1998	6167.451
1998	6032.664
1998	5946.336
1998	5885.124
1998	5869.862
1998	5402.787
1998	5301.382
1998	5081.731
1998	4928.955
1998	4868.116
1998	4848.032
1998	4591.919
1998	4570.026
1998	4506.064
1998	4291.678
1998	4251.984
1998	4251.965
1998	4233.609
1998	4027.243
1998	3874.042
1998	3647.582
1998	3105.81
1998	3049.507
1998	2960.774
1998	2954.999
1998	2927.329
1998	2781.942
1998	2773.54
1998	2636.946
1998	2602.883
1998	2580.89
1998	2491.487
1998	2454.052
1998	2281.788
1998	2191.458
1998	2189.708
1998	2172.812
1998	2119.263
1998	2045.556
1998	2020.801
1998	2005.756
1998	1993.271
1998	1964.239
1998	1939.556
1998	1900.774
1998	1803.248
1998	1777.024
1998	1775.814
1998	1729.233
1998	1723.136
1998	1686.878
1998	1625.241
1998	1607.869
1998	1594.951
1998	1406.234
1998	1383.165
1998	1380.623
1998	1336.088
1998	1326.856
1998	1266.255
1998	1258.913
1998	1238.625
1998	1217.748
1998	1102.611
1998	1077.591
1998	1049.198
1998	1013.834
1998	987.142
1998	959.64
1998	947.448
1998	909.982
1998	908.371
1998	882.187
1998	876.146
1998	758.739
1998	691.631
1998	663.261
1998	662.101
1998	625.02
1998	621.393
1998	598.521
1998	558.883
1998	547.887
1998	544.059
1998	524.778
1998	476.97
1998	470.569
1998	449.937
1998	448.713
1998	437.401
1998	410.352
1998	394.514
1998	394.166
1998	393.558
1998	374.18
1998	354.062
1998	298.403
1998	290.861
1998	287.262
1998	274.326
1998	272.913
1998	261.489
1998	217.184
1998	201.529
1998	184.915
1998	182.709
1998	138.911
1998	135.518
1998	126.365
1998	123.66
1998	122.756
1998	113.408
1998	111.95
1998	107.538
1998	98.766
1998	97.338
1998	96.833
1998	95.962
1998	77.723
1998	67.928
1998	67.564
1998	66.062
1998	65.46
1998	62.725
1998	58.425
1998	55.208
1998	49.313
1998	47.983
1998	45.451
1998	31.77
1998	28.687
1998	28.074
1998	22.062
1998	20.808
1998	19.663
1998	17.919
1998	16.75
1998	13.719
1998	12.924
1998	12.662
1998	12.083
1998	10.763
1998	10.252
1998	10.242
1998	10.152
1998	9.314
1998	6.447
1998	5.591
1998	4.972
1998	4.159
1998	3.963
1998	3.475
1998	3.007
1998	2.985
1998	2.131
1998	0.729
1998	0.719
1999	187300.667
1999	77282.417
1999	76037.116
1999	73823.856
1999	67240.473
1999	56609.848
1999	45714.454
1999	40535.938
1999	39489.333
1999	37356.745
1999	37344.005
1999	37025.018
1999	36665.88
1999	23726.791
1999	21323.494
1999	19366.025
1999	17434.44
1999	17266.084
1999	16644.479
1999	15175.443
1999	15043.926
1999	14909.819
1999	14672.067
1999	14272.326
1999	13408.219
1999	12864.734
1999	11710.992
1999	10219.783
1999	9844.236
1999	9339.698
1999	8886.582
1999	8616.189
1999	8199.316
1999	8184.772
1999	7832.002
1999	7193.504
1999	6778.42
1999	6772.191
1999	6724.156
1999	6699.559
1999	6577.398
1999	6570.1
1999	6373.489
1999	6154.69
1999	6112.948
1999	5639.62
1999	5639.535
1999	5403.855
1999	5399.686
1999	5129.17
1999	5070.751
1999	4890.18
1999	4780.972
1999	4582.071
1999	4516.245
1999	4399.284
1999	4383.676
1999	4192.017
1999	4176.286
1999	4149.51
1999	3916.492
1999	3737.903
1999	3733.274
1999	3192.608
1999	3169.195
1999	3049.331
1999	2990.714
1999	2956.09
1999	2871.498
1999	2780.448
1999	2739.108
1999	2680.912
1999	2630.687
1999	2545.936
1999	2491.614
1999	2284.358
1999	2275.116
1999	2240.559
1999	2198.268
1999	2109.116
1999	2091.281
1999	2042.93
1999	2020.62
1999	1951.19
1999	1947.975
1999	1927.85
1999	1920.405
1999	1898.41
1999	1825.227
1999	1784.185
1999	1741.536
1999	1725.747
1999	1699.399
1999	1589.684
1999	1558.591
1999	1485.291
1999	1467.046
1999	1451.947
1999	1424.045
1999	1409.132
1999	1290.469
1999	1271.561
1999	1262.356
1999	1243.81
1999	1212.925
1999	1186.38
1999	1137.391
1999	1076.553
1999	1000.767
1999	977.026
1999	968.209
1999	925.007
1999	898.196
1999	841.029
1999	838.831
1999	775.625
1999	775.178
1999	765.997
1999	722.758
1999	721.731
1999	687.781
1999	625.624
1999	602.625
1999	598.228
1999	582.771
1999	582.169
1999	560.935
1999	490.337
1999	472.857
1999	456.349
1999	453.771
1999	436.652
1999	417.603
1999	415.289
1999	407.899
1999	385.619
1999	356.335
1999	337.307
1999	320.606
1999	282.108
1999	275.21
1999	266.419
1999	243.412
1999	219.856
1999	215.212
1999	202.4
1999	202.386
1999	183.814
1999	136.189
1999	134.583
1999	130.143
1999	127.872
1999	125.318
1999	121.363
1999	119.817
1999	107.782
1999	107.538
1999	100.091
1999	98.767
1999	79.389
1999	76.397
1999	67.651
1999	67.065
1999	66.696
1999	64
1999	63.486
1999	63.193
1999	55.59
1999	54.261
1999	49.418
1999	45.101
1999	34.216
1999	29.873
1999	27.56
1999	25.184
1999	22.059
1999	20.761
1999	17.919
1999	16.75
1999	14.143
1999	12.989
1999	12.665
1999	12.22
1999	10.763
1999	10.631
1999	10.252
1999	9.489
1999	6.795
1999	6.431
1999	5.591
1999	4.64
1999	4.159
1999	3.963
1999	3.539
1999	3.007
1999	2.985
1999	2.242
1999	0.729
1999	0.719
2000	191963.647
2000	78236.635
2000	77153.155
2000	73427.137
2000	67513.261
2000	56047.821
2000	47195.422
2000	40306.591
2000	38962.161
2000	37699.836
2000	37571.728
2000	37461.425
2000	37126.759
2000	22290.268
2000	22027.678
2000	19362.691
2000	18311.934
2000	17251.842
2000	16362.833
2000	15371.766
2000	14676.939
2000	14342.406
2000	14140.085
2000	13913.479
2000	13656.744
2000	12821.513
2000	11354.923
2000	10027.631
2000	9483.243
2000	9405.478
2000	8746.152
2000	8663.243
2000	8478.772
2000	8239.137
2000	7998.381
2000	7102.92
2000	6884.994
2000	6785.366
2000	6665.449
2000	6377.114
2000	6288.387
2000	6271.977
2000	6184.565
2000	6028.894
2000	5930.317
2000	5841.976
2000	5340.683
2000	5297.136
2000	5286.568
2000	5185.331
2000	4979.125
2000	4787.294
2000	4646.46
2000	4584.407
2000	4536.602
2000	4495.791
2000	4411.529
2000	4229.846
2000	4210.777
2000	4126.738
2000	3753.106
2000	3749.878
2000	3713.987
2000	3254.214
2000	3147.283
2000	3027.709
2000	2993.04
2000	2859.279
2000	2790.003
2000	2788.993
2000	2741.208
2000	2732.512
2000	2716.952
2000	2534.012
2000	2391.472
2000	2300.337
2000	2272.631
2000	2238.633
2000	2198.61
2000	2184.115
2000	2182.033
2000	2162.504
2000	2064.533
2000	2029.855
2000	1996.7
2000	1932.356
2000	1907.652
2000	1875.347
2000	1848.548
2000	1795.863
2000	1768.656
2000	1757.495
2000	1728.066
2000	1602.183
2000	1596.378
2000	1575.357
2000	1562.465
2000	1510.475
2000	1447.87
2000	1399.77
2000	1294.057
2000	1293.417
2000	1263.971
2000	1255.461
2000	1239.981
2000	1217.321
2000	1174.151
2000	1102.015
2000	1033.916
2000	1026.257
2000	946.455
2000	933.134
2000	932.932
2000	803.897
2000	794.127
2000	757.447
2000	746.815
2000	740.895
2000	723.368
2000	683.888
2000	640.329
2000	637.944
2000	626.098
2000	591.563
2000	583.45
2000	570.021
2000	567.012
2000	494.391
2000	479.19
2000	464.136
2000	463.515
2000	436.387
2000	431.87
2000	418.324
2000	415.308
2000	392.17
2000	363.114
2000	361.722
2000	337.531
2000	282.667
2000	243.225
2000	242.124
2000	239.729
2000	228.632
2000	206.741
2000	206.207
2000	205.328
2000	203.366
2000	177.626
2000	135.195
2000	133.079
2000	128.276
2000	125.634
2000	124.825
2000	122.913
2000	116.359
2000	110.228
2000	108.127
2000	101.249
2000	94.2
2000	79.721
2000	77.436
2000	67.4
2000	67.266
2000	64.145
2000	64.09
2000	60.001
2000	59.002
2000	55.932
2000	50.25
2000	48.683
2000	42.236
2000	32.225
2000	30.553
2000	29.454
2000	27.588
2000	22.024
2000	20.233
2000	17.919
2000	16.75
2000	13.277
2000	13.024
2000	12.489
2000	12.302
2000	11.495
2000	10.763
2000	10.252
2000	8.684
2000	6.744
2000	6.489
2000	5.591
2000	5.293
2000	4.159
2000	3.963
2000	3.667
2000	3.344
2000	2.797
2000	2.354
2000	0.729
2000	0.719
2001	188183.397
2001	80711.2
2001	77036.83
2001	74162.029
2001	68116.257
2001	55647.528
2001	46708.829
2001	40368.596
2001	38517.423
2001	38456.514
2001	37829.714
2001	37528.51
2001	37286.468
2001	23923.317
2001	22725.587
2001	19452.205
2001	19393.717
2001	16546.037
2001	16522.793
2001	15539.422
2001	14532.03
2001	13964.378
2001	13877.975
2001	13854.371
2001	12805.404
2001	12353.22
2001	11382.649
2001	9939.958
2001	9617.446
2001	9609.324
2001	8904.438
2001	8654.996
2001	8647.964
2001	8577.61
2001	7221.585
2001	7080.885
2001	7031.761
2001	6489.157
2001	6465.831
2001	6355.331
2001	6264.878
2001	5889.915
2001	5836.591
2001	5781.428
2001	5751.913
2001	5723.735
2001	5519.671
2001	5338.119
2001	5242.562
2001	5186.908
2001	5148.124
2001	4793.069
2001	4712.206
2001	4700.358
2001	4477.974
2001	4406.219
2001	4348.86
2001	4228.144
2001	4053.238
2001	4047.389
2001	3907.531
2001	3893.077
2001	3711.115
2001	3395.082
2001	3265.31
2001	3071.25
2001	3022.502
2001	2905.075
2001	2814.326
2001	2803.52
2001	2795.166
2001	2763.191
2001	2752.064
2001	2569.06
2001	2419.105
2001	2332.538
2001	2304.87
2001	2299.159
2001	2214.871
2001	2203.098
2001	2172.171
2001	2144.029
2001	2095.557
2001	2094.875
2001	1995.364
2001	1946.52
2001	1932.083
2001	1905.733
2001	1733.647
2001	1701.471
2001	1696.247
2001	1685.218
2001	1682.122
2001	1641.394
2001	1618.34
2001	1576.913
2001	1528.003
2001	1520.219
2001	1411.155
2001	1358.237
2001	1351.52
2001	1304.169
2001	1266.949
2001	1246.985
2001	1243.815
2001	1238.781
2001	1212.723
2001	1110.853
2001	1076.992
2001	1065.099
2001	965.32
2001	927.419
2001	914.475
2001	844.175
2001	827.994
2001	733.055
2001	726.791
2001	703.325
2001	694.687
2001	683.75
2001	680.461
2001	654.122
2001	637.986
2001	582.501
2001	574.862
2001	574.284
2001	553.728
2001	493.261
2001	489.471
2001	478.919
2001	476.283
2001	446.095
2001	445.539
2001	435.922
2001	420.274
2001	369.509
2001	355.387
2001	352.142
2001	313.823
2001	282.788
2001	267.696
2001	236.267
2001	235.028
2001	233.518
2001	212.239
2001	211.078
2001	205.092
2001	200.724
2001	174.643
2001	148.139
2001	140.666
2001	139.853
2001	135.009
2001	133.58
2001	125.123
2001	119.511
2001	117.779
2001	110.539
2001	110.304
2001	101.124
2001	97.929
2001	88.835
2001	80.927
2001	69.281
2001	67.734
2001	60.001
2001	55.932
2001	55.84
2001	54.065
2001	50.104
2001	48.534
2001	42.218
2001	33.262
2001	31.324
2001	29.014
2001	28.381
2001	22.046
2001	20.81
2001	17.919
2001	16.75
2001	13.024
2001	12.869
2001	12.423
2001	12.288
2001	11.418
2001	10.763
2001	10.252
2001	8.76
2001	6.95
2001	6.367
2001	5.591
2001	5.359
2001	4.159
2001	3.963
2001	3.715
2001	3.472
2001	2.79
2001	2.43
2001	0.761
2001	0.729
2002	186516.275
2002	83327.032
2002	76924.398
2002	76100.667
2002	68629.498
2002	55226.578
2002	46520.2
2002	39696.008
2002	39523.335
2002	38606.797
2002	38148.271
2002	38102.032
2002	37442.174
2002	27610.171
2002	23026.94
2002	19958.677
2002	19148.374
2002	17119.495
2002	15997.894
2002	15287.678
2002	14759.901
2002	14226.29
2002	13782.018
2002	13608.3
2002	12488.577
2002	12477.241
2002	11332.333
2002	9971.105
2002	9816.482
2002	9776.353
2002	9063.604
2002	9044.358
2002	8657.292
2002	8576.385
2002	7136.825
2002	6954.376
2002	6711.64
2002	6556.07
2002	6406.509
2002	6355.045
2002	6179.925
2002	5959.269
2002	5739.782
2002	5738.989
2002	5603.667
2002	5566.248
2002	5496.37
2002	5404.886
2002	5391.626
2002	5182.814
2002	5027.432
2002	4968.336
2002	4922.116
2002	4862.156
2002	4616.57
2002	4529.427
2002	4470.264
2002	4144.309
2002	4013.475
2002	3983.264
2002	3907.319
2002	3770.088
2002	3766.145
2002	3479.157
2002	3366.009
2002	3110.876
2002	3017.646
2002	3011.437
2002	2980.167
2002	2831.621
2002	2767.319
2002	2762.704
2002	2694.175
2002	2672.425
2002	2555.482
2002	2441.976
2002	2440.718
2002	2434.728
2002	2169.807
2002	2160.904
2002	2149.025
2002	2136.275
2002	2114.466
2002	2084.251
2002	1993.533
2002	1992.543
2002	1895.506
2002	1839.859
2002	1803.268
2002	1748.022
2002	1723.585
2002	1716.529
2002	1711.035
2002	1643.645
2002	1592.852
2002	1572.324
2002	1522.093
2002	1460.746
2002	1383.937
2002	1376.368
2002	1374.361
2002	1293.14
2002	1281.05
2002	1259.401
2002	1252.753
2002	1230.565
2002	1146.33
2002	1107.57
2002	1107.328
2002	1053.534
2002	983.907
2002	917.887
2002	879.697
2002	860.291
2002	855.845
2002	717.405
2002	708.63
2002	702.959
2002	702.498
2002	678.062
2002	673.185
2002	666.663
2002	664.282
2002	591.669
2002	581.85
2002	574.457
2002	542.818
2002	523.486
2002	499.264
2002	480.311
2002	471.438
2002	451.88
2002	440.318
2002	435.945
2002	406.415
2002	374.853
2002	356.272
2002	347.147
2002	324.878
2002	282.817
2002	275.788
2002	250.582
2002	248.257
2002	234.735
2002	226.389
2002	218.713
2002	198.025
2002	193.472
2002	176.153
2002	161.356
2002	156.384
2002	149.319
2002	146.065
2002	125.744
2002	119.561
2002	117.273
2002	110.747
2002	109.807
2002	107.425
2002	100.252
2002	98.737
2002	88.891
2002	70.839
2002	66.973
2002	64.401
2002	60.284
2002	55.932
2002	55.793
2002	50.73
2002	49.747
2002	48.567
2002	35.843
2002	32.178
2002	30.729
2002	28.403
2002	25.565
2002	22.106
2002	21.107
2002	17.919
2002	17.067
2002	16.75
2002	13.024
2002	12.423
2002	11.96
2002	11.418
2002	10.763
2002	10.252
2002	8.836
2002	6.903
2002	5.591
2002	5.521
2002	5.42
2002	4.159
2002	3.963
2002	3.866
2002	3.855
2002	2.6
2002	2.483
2002	0.761
2002	0.729
2003	185424.05
2003	86851.615
2003	79750.473
2003	76843.878
2003	68665.897
2003	55432.305
2003	44338.99
2003	41395.903
2003	40574.225
2003	39409.118
2003	38453.828
2003	38038.005
2003	37112.248
2003	27137.383
2003	23651.211
2003	20242.347
2003	18767.999
2003	17585.835
2003	15019.618
2003	14925.217
2003	14781.699
2003	14292.858
2003	14000.644
2003	13725.771
2003	12381.259
2003	12285.698
2003	11156.077
2003	10327.059
2003	10242.686
2003	9865.358
2003	9649.109
2003	9289.376
2003	8573.844
2003	8547.619
2003	7017.533
2003	7009.137
2003	6877.344
2003	6724.582
2003	6314.77
2003	6135.912
2003	6129.622
2003	5983.534
2003	5857.07
2003	5840.163
2003	5821.626
2003	5704.712
2003	5633.659
2003	5594.343
2003	5490.865
2003	5360.343
2003	5315.535
2003	5159.639
2003	5077.423
2003	5059.757
2003	4740.636
2003	4631.481
2003	4596.547
2003	4238.87
2003	4045.803
2003	4012.563
2003	4005.712
2003	3778.617
2003	3731.93
2003	3566.548
2003	3480.965
2003	3256.811
2003	3163.452
2003	3045.641
2003	3044.705
2003	3023.234
2003	2784.472
2003	2770.248
2003	2767.492
2003	2593.795
2003	2576.24
2003	2571.888
2003	2525.701
2003	2507.46
2003	2357.953
2003	2207.185
2003	2164.291
2003	2136.976
2003	2134.772
2003	2121.503
2003	2009.606
2003	1960.456
2003	1932.906
2003	1806.477
2003	1789.419
2003	1789.222
2003	1763.352
2003	1751.946
2003	1719.377
2003	1712.816
2003	1642.25
2003	1604.145
2003	1558.164
2003	1503.258
2003	1430.993
2003	1398.276
2003	1375.581
2003	1346.125
2003	1343.1
2003	1316.16
2003	1294.294
2003	1272.132
2003	1234.029
2003	1140.17
2003	1122.778
2003	1020.162
2003	1012.732
2003	1001.525
2003	941.101
2003	921.29
2003	898.149
2003	733.939
2003	720.943
2003	718.55
2003	710.061
2003	702.29
2003	689.495
2003	670.065
2003	656.745
2003	611.043
2003	605.458
2003	582.009
2003	568.824
2003	531.295
2003	519.341
2003	490.852
2003	461.001
2003	457.854
2003	441.513
2003	439.617
2003	397.55
2003	392.369
2003	372.807
2003	363.669
2003	332.651
2003	283.355
2003	281.138
2003	252.276
2003	249.505
2003	244.776
2003	229.918
2003	222.783
2003	197.062
2003	186.263
2003	178.395
2003	177.539
2003	174.629
2003	165.126
2003	138.375
2003	135.932
2003	119.611
2003	118.835
2003	111.059
2003	106.765
2003	100.091
2003	98.707
2003	94.889
2003	89.262
2003	73.828
2003	67.288
2003	65.005
2003	62.39
2003	55.932
2003	55.721
2003	51.276
2003	49.028
2003	47.72
2003	35.862
2003	34.729
2003	28.802
2003	28.603
2003	25.787
2003	22.196
2003	21.448
2003	17.919
2003	16.75
2003	14.89
2003	13.024
2003	12.462
2003	11.418
2003	11.406
2003	10.763
2003	10.252
2003	8.937
2003	7.703
2003	5.678
2003	5.591
2003	5.185
2003	4.159
2003	3.976
2003	3.963
2003	3.866
2003	2.643
2003	2.483
2003	0.761
2003	0.729
2004	185914.653
2004	90120.586
2004	83496.285
2004	76630.201
2004	68892.933
2004	55209.164
2004	45462.688
2004	41595.788
2004	41343.226
2004	40258.97
2004	38227.616
2004	37992.985
2004	35248.609
2004	27831.892
2004	23737.655
2004	20791.705
2004	18511.885
2004	17878.9
2004	15037.168
2004	15006.83
2004	14804.449
2004	14499.863
2004	13915.873
2004	13750.479
2004	12304.513
2004	11109.801
2004	10883.439
2004	10511.118
2004	10400.213
2004	10137.348
2004	9875.702
2004	9208.115
2004	9075.611
2004	8784.282
2004	7125.602
2004	7086.559
2004	7078.003
2004	6815.021
2004	6299.991
2004	6243.116
2004	6216.284
2004	6199.031
2004	6061.466
2004	5955.957
2004	5924.158
2004	5873.88
2004	5774.661
2004	5773.575
2004	5621.245
2004	5435.692
2004	5391.483
2004	5371.857
2004	5161.073
2004	4803.713
2004	4795.842
2004	4732.909
2004	4725.79
2004	4539.147
2004	4098.766
2004	4053.607
2004	4039.856
2004	3909.626
2004	3671.14
2004	3666.285
2004	3652.104
2004	3410.139
2004	3219.504
2004	3080.1
2004	3044.928
2004	2971.542
2004	2785.799
2004	2756.417
2004	2717.005
2004	2674.829
2004	2556.127
2004	2538.038
2004	2513.318
2004	2510.385
2004	2382.33
2004	2272.056
2004	2247.411
2004	2148.324
2004	2121.531
2004	2100.988
2004	2089.649
2004	1939.713
2004	1863.044
2004	1838.081
2004	1828.647
2004	1823.358
2004	1801.668
2004	1777.65
2004	1727.53
2004	1686.733
2004	1677.607
2004	1557.428
2004	1549.35
2004	1525.608
2004	1468.572
2004	1432.585
2004	1403.412
2004	1376.804
2004	1330.277
2004	1298.343
2004	1294.34
2004	1243.27
2004	1229.271
2004	1184.52
2004	1104.054
2004	1090.694
2004	1076.887
2004	1023.995
2004	991.755
2004	988.858
2004	925.402
2004	807.913
2004	747.101
2004	720.064
2004	719.145
2004	683.517
2004	682.856
2004	655.551
2004	651.555
2004	648.853
2004	604.691
2004	582.096
2004	573.883
2004	544.396
2004	517.347
2004	515.1
2004	467.142
2004	441.713
2004	424.285
2004	422.22
2004	409.784
2004	397.526
2004	376.575
2004	363.333
2004	347.319
2004	285.366
2004	283.954
2004	249.359
2004	245.732
2004	245.231
2004	233.429
2004	233.069
2004	194.557
2004	184.511
2004	183.558
2004	179.464
2004	176.957
2004	161.887
2004	139.562
2004	137.442
2004	119.611
2004	117.775
2004	111.267
2004	108.776
2004	104.947
2004	100.091
2004	89.641
2004	89.387
2004	76.211
2004	65.028
2004	65.005
2004	63.766
2004	56.052
2004	55.932
2004	52.454
2004	46.417
2004	46.396
2004	37.562
2004	36.554
2004	29.153
2004	29.126
2004	28.073
2004	22.365
2004	21.877
2004	17.919
2004	16.75
2004	13.999
2004	13.024
2004	12.512
2004	11.418
2004	11.406
2004	10.765
2004	10.252
2004	8.917
2004	7.847
2004	5.691
2004	5.591
2004	4.253
2004	4.159
2004	4.055
2004	3.963
2004	3.933
2004	2.607
2004	2.486
2004	0.761
2004	0.729
2005	188235.298
2005	91527.186
2005	88687.082
2005	76507.398
2005	70556.662
2005	54382.105
2005	45924.181
2005	42688.492
2005	41144.455
2005	41086.223
2005	37900.664
2005	37104.021
2005	32588.34
2005	29412.336
2005	24108.468
2005	21288.443
2005	18782.989
2005	18063.405
2005	15203.083
2005	15150.618
2005	15125.396
2005	14824.078
2005	14085.246
2005	13067.269
2005	12397.304
2005	11055.838
2005	10842.469
2005	10817.08
2005	10488.122
2005	9799.516
2005	9502.466
2005	9301.767
2005	9260.535
2005	8731.381
2005	7298.491
2005	7222.589
2005	7164.665
2005	6818.897
2005	6661.744
2005	6558.797
2005	6508.864
2005	6334.125
2005	6204.276
2005	6135.376
2005	6126.244
2005	6108.486
2005	6079.838
2005	6022.773
2005	5923.083
2005	5899.982
2005	5748.764
2005	5422.029
2005	5230.079
2005	4985.456
2005	4945.697
2005	4855.293
2005	4806.951
2005	4225.496
2005	4166.005
2005	4146.785
2005	3994.117
2005	3977.336
2005	3784.568
2005	3734.078
2005	3692.769
2005	3597.155
2005	3276.459
2005	3106.122
2005	3079.26
2005	3066.461
2005	2870.224
2005	2767.839
2005	2766.931
2005	2747.886
2005	2746.471
2005	2524.348
2005	2522.957
2005	2510.176
2005	2501.269
2005	2406.7
2005	2285.695
2005	2175.266
2005	2164.137
2005	2079.93
2005	2035.998
2005	1998.105
2005	1985.777
2005	1937.721
2005	1911.895
2005	1890.3
2005	1870.21
2005	1812.788
2005	1803.938
2005	1726.511
2005	1709.523
2005	1671.922
2005	1539.104
2005	1538.247
2005	1486.69
2005	1465.974
2005	1442.739
2005	1378.031
2005	1348.427
2005	1316.648
2005	1220.34
2005	1199.656
2005	1188.535
2005	1180.293
2005	1163.337
2005	1119.171
2005	1118.68
2005	1042.124
2005	1037.512
2005	1036.1
2005	942.581
2005	740.831
2005	738.329
2005	729.561
2005	720.182
2005	710.055
2005	697.181
2005	682.617
2005	642.513
2005	638.512
2005	601.309
2005	594.409
2005	546.36
2005	536.219
2005	528.358
2005	527.303
2005	500.415
2005	418.471
2005	418.051
2005	403.023
2005	399.023
2005	398.041
2005	388.492
2005	379.77
2005	374.784
2005	288.193
2005	285.522
2005	254.09
2005	242.48
2005	241.114
2005	227.053
2005	213.89
2005	199.425
2005	189.069
2005	182.16
2005	181.177
2005	164.925
2005	162.295
2005	137.798
2005	137.637
2005	119.611
2005	116.189
2005	114.409
2005	111.578
2005	100.091
2005	95.404
2005	91.257
2005	89.671
2005	76.323
2005	65.005
2005	64.692
2005	63.315
2005	55.932
2005	55.472
2005	49.473
2005	43.075
2005	40.798
2005	36.554
2005	34.185
2005	29.505
2005	29.309
2005	26.172
2005	22.448
2005	21.889
2005	17.919
2005	16.75
2005	14.079
2005	13.024
2005	12.529
2005	11.844
2005	11.542
2005	10.765
2005	10.252
2005	8.889
2005	7.847
2005	5.691
2005	5.591
2005	4.17
2005	4.159
2005	3.988
2005	3.963
2005	3.647
2005	2.607
2005	2.486
2005	0.798
2005	0.73
2006	188323.177
2006	91518.419
2006	90510.11
2006	76245.573
2006	70860.077
2006	54377.618
2006	46111.645
2006	46070.56
2006	42067.442
2006	41503.585
2006	38475.472
2006	38237.248
2006	31725.775
2006	30946.72
2006	24378.127
2006	21797.852
2006	18789.589
2006	18758.985
2006	15620.924
2006	15299.772
2006	15251.001
2006	14936.447
2006	14056.114
2006	13341.766
2006	12253.929
2006	11254.438
2006	10705.756
2006	10595.887
2006	10553.446
2006	9836.479
2006	9296.004
2006	9146.071
2006	9125.826
2006	8629.033
2006	7590.34
2006	7469.621
2006	7346.551
2006	7178.893
2006	7014.471
2006	6788.714
2006	6579.966
2006	6490.707
2006	6396.552
2006	6388.83
2006	6314.198
2006	6169.963
2006	6164.627
2006	6163.747
2006	6112.8
2006	6112.547
2006	6024.438
2006	5455.236
2006	5321.484
2006	5320.265
2006	5062.299
2006	4982.202
2006	4801.12
2006	4290.304
2006	4184.207
2006	4107.43
2006	4095.713
2006	3949.597
2006	3884.953
2006	3841.342
2006	3817.24
2006	3629.369
2006	3348.853
2006	3072.218
2006	3066.461
2006	3032.089
2006	2981.277
2006	2821.918
2006	2798.197
2006	2752.617
2006	2720.956
2006	2706.773
2006	2704.886
2006	2593.923
2006	2543.9
2006	2505.755
2006	2458.311
2006	2339.381
2006	2181.996
2006	2137.146
2006	2074.845
2006	2034.814
2006	2020.754
2006	1933.484
2006	1891.159
2006	1886.403
2006	1884.563
2006	1763.158
2006	1700.416
2006	1697.287
2006	1632.324
2006	1591.484
2006	1573.072
2006	1545.132
2006	1483.383
2006	1467.311
2006	1403.407
2006	1379.26
2006	1371.881
2006	1361.81
2006	1338.993
2006	1232.28
2006	1211.74
2006	1209.434
2006	1139.681
2006	1138.973
2006	1132.186
2006	1130.417
2006	1105.64
2006	1062.734
2006	948.65
2006	806.13
2006	767.596
2006	749.156
2006	748.161
2006	730.185
2006	720.773
2006	712.237
2006	698.448
2006	633.109
2006	618.911
2006	586.623
2006	580.634
2006	564.178
2006	539.57
2006	538.843
2006	537.818
2006	445.263
2006	438.688
2006	423.17
2006	419.347
2006	411.807
2006	400.304
2006	372.629
2006	360.101
2006	291.033
2006	282.72
2006	254.524
2006	244.361
2006	243.594
2006	215.881
2006	207.28
2006	203.435
2006	192.28
2006	185.132
2006	180.037
2006	179.941
2006	160.38
2006	137.798
2006	133.901
2006	124.715
2006	121.181
2006	119.614
2006	117.645
2006	100.091
2006	99.284
2006	90.755
2006	89.421
2006	76.484
2006	66.022
2006	65.005
2006	63.052
2006	62.503
2006	60.249
2006	55.932
2006	49.697
2006	48.935
2006	40.049
2006	39.009
2006	36.554
2006	29.893
2006	29.309
2006	25.214
2006	21.889
2006	21.751
2006	17.919
2006	16.851
2006	14.211
2006	13.024
2006	12.584
2006	11.56
2006	10.777
2006	10.41
2006	10.252
2006	8.99
2006	7.847
2006	5.691
2006	5.591
2006	4.174
2006	4.17
2006	4.028
2006	3.966
2006	3.619
2006	2.607
2006	2.486
2006	0.798
2006	0.73
2007	181317.269
2007	90825.769
2007	89668.537
2007	75997.217
2007	72571.734
2007	54892.005
2007	47500.925
2007	45172.817
2007	43044.04
2007	41615.7
2007	39135.209
2007	37940.865
2007	33806.96
2007	31748.721
2007	24483.514
2007	22285.925
2007	18661.479
2007	18520.127
2007	16138.349
2007	16031.643
2007	15266.927
2007	14956.238
2007	13752.87
2007	13532.71
2007	12440.537
2007	11454.711
2007	10936.375
2007	10867.907
2007	10717.703
2007	9979.795
2007	9334.742
2007	8896.914
2007	8895.844
2007	8507.823
2007	8352.327
2007	7933.744
2007	7429.149
2007	7084.463
2007	7076.637
2007	6974.083
2007	6801.196
2007	6664.883
2007	6664.596
2007	6557.261
2007	6505.935
2007	6424.604
2007	6249.384
2007	6153.931
2007	6133.728
2007	5962.886
2007	5825.643
2007	5551.215
2007	5549.93
2007	5466.421
2007	5082.354
2007	5049.36
2007	4927.629
2007	4594.889
2007	4331.194
2007	4188.93
2007	4185.47
2007	4088.768
2007	4005.627
2007	3887.515
2007	3732.225
2007	3704.959
2007	3465.563
2007	3203.247
2007	3075.548
2007	3072.218
2007	3037.835
2007	3034.51
2007	2883.904
2007	2872.043
2007	2832.503
2007	2796.29
2007	2752.617
2007	2725.476
2007	2561.431
2007	2559.585
2007	2494.865
2007	2476.902
2007	2151.543
2007	2138.201
2007	2068.667
2007	2012.128
2007	1980.558
2007	1976.449
2007	1971.55
2007	1950.473
2007	1924.45
2007	1883.094
2007	1763.62
2007	1690.052
2007	1665.771
2007	1633.023
2007	1628.448
2007	1528.999
2007	1446.896
2007	1443.694
2007	1406.712
2007	1395.569
2007	1380.687
2007	1355.45
2007	1353.87
2007	1339.048
2007	1264.22
2007	1229.502
2007	1195.821
2007	1162.352
2007	1162.121
2007	1153.453
2007	1127.674
2007	966.008
2007	893.214
2007	787.693
2007	772.125
2007	767.94
2007	767.524
2007	761.331
2007	749.687
2007	721.364
2007	700.134
2007	647.283
2007	599.062
2007	592.082
2007	588.644
2007	549.985
2007	547.768
2007	540.895
2007	535.134
2007	458.478
2007	427.209
2007	422.421
2007	414.12
2007	413.5
2007	407.888
2007	407.432
2007	363.002
2007	294.206
2007	282.72
2007	254.872
2007	242.696
2007	239.721
2007	213.177
2007	206.836
2007	204.458
2007	192.595
2007	183.622
2007	180.037
2007	179.159
2007	147.247
2007	142.922
2007	141.011
2007	133.741
2007	131.7
2007	121.379
2007	117.645
2007	103.765
2007	100.759
2007	92.789
2007	89.917
2007	78.12
2007	71.035
2007	67.788
2007	66.364
2007	65.005
2007	64.498
2007	56.256
2007	51.232
2007	47.907
2007	44.712
2007	40.25
2007	36.554
2007	29.893
2007	29.384
2007	26.905
2007	23.024
2007	22.017
2007	18.353
2007	16.851
2007	13.992
2007	13.024
2007	12.633
2007	11.821
2007	11.228
2007	10.794
2007	10.42
2007	8.99
2007	7.847
2007	5.779
2007	5.591
2007	4.214
2007	4.174
2007	4.069
2007	3.97
2007	3.752
2007	2.675
2007	2.568
2007	0.835
2007	0.727
